#misc
area, 6
checkpoint, 47; 57
checkpoint, 61; 57
checkpoint, 31; 57
checkpoint, 48; 65
checkpoint, 58; 67
checkpoint, 58; 77
exit, 1450; 1550, 1420; 1509; 2; 106, 4, TransitionToHub, 6, 4
size, 1540, 1740
spawn, 1146, 829, 1
name, DUNGEON 6
exitP, Exit Dungeon, Area6Select, 13
index, 76
music, 6
mittens, 50, 1140, 540
mittens, 51, 1200, 880
mittens, 52, 1060, 1100
mittens, 53, 1510, 1534
mittens, 54, 1100, 1260
mittens, 55, 1140, 1040
mittens, 56, 600, 1160
mittens, 57, 1240, 1460
mittens, 58, 820, 1240
lockM, 50, 1200, 880, Pu
lockM, 53, 1040, 1095, Pu
lockM, 55, 900, 1260, Pu
lockM, 57, 1160, 1500, Pu
#blocks
57; 42, 1140; 840, Pu
60; 43, 1200; 860, Pu
60; 42, 1200; 840, Pu
60; 41, 1200; 820, Pu
54; 43, 1080; 860, Pu
54; 42, 1080; 840, Pu
60; 40, 1200; 800, Pu
60; 39, 1200; 780, Pu
60; 38, 1200; 760, Pu
60; 37, 1200; 740, Pu
54; 41, 1080; 820, Pu
54; 40, 1080; 800, Pu
54; 39, 1080; 780, Pu
54; 38, 1080; 760, Pu
54; 37, 1080; 740, Pu
54; 46, 1080; 920, Pu
54; 47, 1080; 940, Pu
54; 49, 1080; 980, Pu
54; 50, 1080; 1000, Pu
60; 46, 1200; 920, Pu
60; 47, 1200; 940, Pu
60; 48, 1200; 960, Pu
60; 49, 1200; 980, Pu
60; 50, 1200; 1000, Pu
60; 32, 1200; 640, Pu
60; 33, 1200; 660, Pu
60; 34, 1200; 680, Pu
60; 35, 1200; 700, Pu
60; 36, 1200; 720, Pu
54; 36, 1080; 720, Pu
54; 35, 1080; 700, Pu
54; 34, 1080; 680, Pu
54; 33, 1080; 660, Pu
54; 32, 1080; 640, Pu
54; 31, 1080; 620, Pu
60; 26, 1200; 520, Pu
60; 27, 1200; 540, Pu
60; 28, 1200; 560, Pu
60; 29, 1200; 580, Pu
60; 30, 1200; 600, Pu
60; 31, 1200; 620, Pu
54; 27, 1080; 540, Pu
54; 28, 1080; 560, Pu
54; 29, 1080; 580, Pu
54; 30, 1080; 600, Pu
57; 38, 1140; 760, Pu
57; 35, 1140; 700, Pu
58; 32, 1160; 640, Pu
56; 32, 1120; 640, Pu
59; 31, 1180; 620, Pu
55; 31, 1100; 620, Pu
57; 28, 1140; 560, Pu
54; 26, 1080; 520, Pu
54; 25, 1080; 500, Pu
54; 24, 1080; 480, Pu
54; 23, 1080; 460, Pu
61; 25, 1220; 500, Pu
54; 22, 1080; 440, Pu
54; 21, 1080; 420, Pu
60; 24, 1200; 480, Pu
60; 23, 1200; 460, Pu
60; 22, 1200; 440, Pu
60; 21, 1200; 420, Pu
60; 20, 1200; 400, Pu
61; 26, 1220; 520, Pu
61; 24, 1220; 480, Pu
54; 48, 1080; 960, Pu
55; 50, 1100; 1000, Pu
56; 50, 1120; 1000, Pu
57; 50, 1140; 1000, Pu
58; 50, 1160; 1000, Pu
59; 50, 1180; 1000, Pu
54; 20, 1080; 400, Pu
55; 20, 1100; 400, Pu
56; 20, 1120; 400, Pu
57; 20, 1140; 400, Pu
58; 20, 1160; 400, Pu
59; 20, 1180; 400, Pu
61; 43, 1220; 860, Pu
62; 44, 1240; 880, Pu
62; 45, 1240; 900, Pu
62; 46, 1240; 920, Pu
62; 47, 1240; 940, Pu
62; 48, 1240; 960, Pu
62; 49, 1240; 980, Pu
62; 50, 1240; 1000, Pu
62; 51, 1240; 1020, Pu
62; 52, 1240; 1040, Pu
62; 53, 1240; 1060, Pu
62; 54, 1240; 1080, Pu
62; 55, 1240; 1100, Pu
62; 56, 1240; 1120, Pu
62; 57, 1240; 1140, Pu
62; 58, 1240; 1160, Pu
61; 58, 1220; 1160, Pu
60; 58, 1200; 1160, Pu
59; 58, 1180; 1160, Pu
50; 61, 1000; 1220, Pu
51; 61, 1020; 1220, Pu
52; 61, 1040; 1220, Pu
53; 61, 1060; 1220, Pu
54; 61, 1080; 1220, Pu| front
55; 61, 1100; 1220, Pu
56; 61, 1120; 1220, Pu| front
57; 61, 1140; 1220, Pu
58; 61, 1160; 1220, Pu
46; 61, 920; 1220, Pu
49; 58, 980; 1160, Pu
50; 54, 1000; 1080, Pu
48; 58, 960; 1160, Pu
47; 58, 940; 1160, Pu
46; 58, 920; 1160, Pu
53; 50, 1060; 1000, Pu
52; 50, 1040; 1000, Pu
51; 50, 1020; 1000, Pu
50; 50, 1000; 1000, Pu
50; 51, 1000; 1020, Pu
50; 52, 1000; 1040, Pu
50; 53, 1000; 1060, Pu
58; 51, 1160; 1020, Pu
58; 52, 1160; 1040, Pu
58; 53, 1160; 1060, Pu
58; 54, 1160; 1080, Pu
59; 61, 1180; 1220, Pu
60; 61, 1200; 1220, Pu
61; 61, 1220; 1220, Pu
62; 60, 1240; 1200, Pu
62; 59, 1240; 1180, Pu
62; 61, 1240; 1220, Pu
51; 58, 1010; 1160, Pu| move, 1.0, 1010; 1160, 51; 58, 1169; 1160; 20; 20| move, 1.0, 1150; 1160, 51; 58, 991; 1160; 20; 20
53; 53, 1040; 1060, Pu| move, 1.0, 1120; 1060, 53; 53, 1021; 1060; 20; 20| move, 1.0, 1040; 1060, 53; 53, 1139; 1060; 20; 20
57; 53, 1140; 1060, Pu
54; 45, 1080; 900, Pu
54; 44, 1080; 880, Pu
45; 61, 900; 1220, Pu
45; 60, 900; 1200, Pu
45; 59, 900; 1180, Pu
45; 58, 900; 1160, Pu
38; 52, 760; 1040, Pu
39; 52, 780; 1040, Pu
40; 52, 800; 1040, Pu
41; 52, 820; 1040, Pu
42; 52, 840; 1040, Pu
43; 52, 860; 1040, Pu
44; 52, 880; 1040, Pu
45; 52, 900; 1040, Pu
46; 52, 920; 1040, Pu
47; 52, 940; 1040, Pu
48; 52, 960; 1040, Pu
49; 52, 980; 1040, Pu
40; 58, 800; 1160, Pu
39; 58, 780; 1160, Pu
38; 58, 760; 1160, Pu
37; 52, 740; 1040, Pu
36; 52, 720; 1040, Pu
35; 52, 700; 1040, Pu
34; 52, 680; 1040, Pu
32; 52, 640; 1040, Pu
33; 52, 660; 1040, Pu
43; 58, 860; 1160, Pu| move, 1.0, 620; 1160, player, 819; 1158; 62; 2| move, 1.0, 620; 1280, 41; 58, 561; 1160; 20; 20| move, 1.0, 840; 1280, 41; 58, 580; 1299; 20; 20| front| teleport, 620; 1160, player, 620; 1158; 20; 2
41; 58, 820; 1160, Pu| move, 1.0, 580; 1160, player, 819; 1158; 62; 2| move, 1.0, 580; 1280, 41; 58, 561; 1160; 20; 20| move, 1.0, 800; 1280, 41; 58, 580; 1299; 20; 20| front| teleport, 580; 1160, player, 620; 1158; 20; 2
37; 58, 740; 1160, Pu
35; 58, 700; 1160, Pu
34; 58, 680; 1160, Pu
33; 58, 660; 1160, Pu
32; 58, 640; 1160, Pu
28; 62, 560; 1240, Pu
28; 61, 560; 1220, Pu
28; 60, 560; 1200, Pu
28; 59, 560; 1180, Pu
28; 58, 560; 1160, Pu
28; 57, 560; 1140, Pu
28; 56, 560; 1120, Pu
28; 55, 560; 1100, Pu
28; 54, 560; 1080, Pu
29; 53, 580; 1060, Pu
31; 52, 620; 1040, Pu
30; 52, 600; 1040, Pu
28; 63, 560; 1260, Pu
29; 64, 580; 1280, Pu
30; 65, 600; 1300, Pu
31; 64, 620; 1280, Pu
32; 64, 640; 1280, Pu
33; 64, 660; 1280, Pu
34; 64, 680; 1280, Pu
36; 64, 720; 1280, Pu
37; 64, 740; 1280, Pu
38; 64, 760; 1280, Pu
39; 64, 780; 1280, Pu
43; 64, 860; 1280, Pu
45; 64, 900; 1280, Pu
44; 64, 880; 1280, Pu
45; 62, 900; 1240, Pu
46; 65, 920; 1300, Pu
47; 66, 940; 1320, Pu
48; 66, 960; 1320, Pu
49; 61, 980; 1220, Pu
48; 61, 960; 1220, Pu
47; 61, 940; 1220, Pu
49; 66, 980; 1320, Pu
50; 68, 1000; 1360, Pu
51; 68, 1020; 1360, Pu
52; 62, 1040; 1240, Pu
52; 68, 1040; 1360, Pu
52; 65, 1040; 1300, Pu
52; 64, 1040; 1280, Pu
52; 63, 1040; 1260, Pu
49; 67, 980; 1340, Pu
49; 68, 980; 1360, Pu
53; 68, 1060; 1360, Pu
54; 68, 1080; 1360, Pu
55; 65, 1100; 1300, Pu
55; 66, 1100; 1320, Pu
55; 67, 1100; 1340, Pu
55; 68, 1100; 1360, Pu
56; 62, 1120; 1230, Pu
54; 62, 1080; 1230, Pu
56; 68, 1120; 1360, Pu
57; 68, 1140; 1360, Pu
58; 68, 1160; 1360, Pu
60; 68, 1200; 1360, Pu
62; 68, 1240; 1360, Pu| move, 3.0, 1290; 1360, player, 1240; 1359; 20; 2
61; 62, 1220; 1240, Pu
62; 63, 1240; 1260, Pu
64; 63, 1280; 1260, Pu
65; 63, 1300; 1260, Pu
63; 63, 1260; 1260, Pu
59; 68, 1180; 1360, Pu
66; 63, 1320; 1260, Pu
67; 64, 1340; 1280, Pu
68; 65, 1360; 1300, Pu
68; 66, 1360; 1320, Pu
68; 67, 1360; 1340, Pu
68; 68, 1360; 1360, Pu
68; 69, 1360; 1380, Pu
68; 70, 1360; 1400, Pu
68; 71, 1360; 1420, Pu
68; 72, 1357; 1440, Pu
68; 73, 1354; 1460, Pu
67; 74, 1340; 1480, Pu
66; 75, 1320; 1500, Pu
65; 75, 1300; 1500, Pu
64; 75, 1280; 1500, Pu
63; 75, 1260; 1500, Pu
66; 74, 1320; 1480, Pu| move, 5.5, 1120; 1480, player, 1320; 1479; 20; 2
56; 73, 1120; 1460, Pu
56; 74, 1120; 1480, Pu
56; 72, 1120; 1440, Pu
56; 71, 1120; 1420, Pu
57; 71, 1140; 1420, Pu
58; 71, 1160; 1420, Pu
59; 71, 1180; 1420, Pu
62; 75, 1240; 1500, Pu
61; 75, 1220; 1500, Pu
60; 75, 1200; 1500, Pu
59; 75, 1180; 1500, Pu
56; 75, 1120; 1500, Pu
56; 76, 1120; 1520, Pu
56; 77, 1120; 1540, Pu
57; 78, 1140; 1560, Pu
58; 79, 1160; 1580, Pu
59; 80, 1180; 1600, Pu
60; 80, 1200; 1600, Pu
61; 80, 1220; 1600, Pu
62; 80, 1240; 1600, Pu
63; 80, 1260; 1600, Pu
64; 80, 1280; 1600, Pu
65; 80, 1300; 1600, Pu
66; 80, 1320; 1600, Pu
68; 80, 1360; 1600, Pu
69; 80, 1380; 1600, Pu
67; 80, 1340; 1600, Pu
67; 75, 1340; 1500, Pu
68; 75, 1360; 1500, Pu
69; 75, 1380; 1500, Pu
58; 78, 1160; 1560, Pu| move, 3.5, 1270; 1580, player, 1163; 1558; 14; 2
70; 80, 1400; 1600, Pu
70; 75, 1400; 1500, Pu
65; 78, 1290; 1580, Pu| move, 3.5, 1390; 1580, player, 1290; 1579; 20; 2
59; 70, 1180; 1400, Pu
71; 75, 1420; 1500, Pu
72; 75, 1440; 1500, Pu
73; 75, 1460; 1500, Pu
74; 75, 1480; 1500, Pu
71; 80, 1420; 1600, Pu
72; 80, 1440; 1600, Pu
73; 80, 1460; 1600, Pu
74; 80, 1480; 1600, Pu
75; 80, 1500; 1600, Pu
76; 80, 1520; 1600, Pu
76; 75, 1520; 1500, Pu
75; 75, 1500; 1500, Pu
71; 78, 1410; 1580, Pu, X| move, 3.5, 1550; 1580, player, 1410; 1579; 20; 2
#spikes
60; 45, 1200; 900, 1
58; 38, 1160; 760, 4
57; 39, 1140; 780, 2
57; 36, 1140; 720, 2
56; 35, 1120; 700, 3
58; 33, 1160; 660, 2
56; 33, 1120; 660, 2
59; 32, 1180; 640, 4
55; 32, 1100; 640, 3
56; 31, 1120; 620, 1
58; 31, 1160; 620, 1
57; 29, 1140; 580, 2
58; 28, 1160; 560, 4
56; 28, 1120; 560, 3
59; 26, 1180; 520, 3
55; 26, 1100; 520, 4
55; 48, 1100; 960, 1
56; 48, 1120; 960, 1
57; 48, 1140; 960, 1
58; 48, 1160; 960, 1
59; 48, 1180; 960, 1
55; 49, 1100; 980, 2
56; 49, 1120; 980, 2
57; 49, 1140; 980, 2
58; 49, 1160; 980, 2
59; 49, 1180; 980, 2
55; 46, 1100; 920, 1| move, 2.0, 1100; 420, player, 1140; 820; 20; 20| move, 2.0, 1100; 880, 57; 46, 1140; 401; 20; 20| front
56; 46, 1120; 920, 1| move, 2.0, 1120; 420, player, 1140; 820; 20; 20| move, 2.0, 1120; 880, 57; 46, 1140; 401; 20; 20| front
57; 46, 1140; 920, 1| move, 2.0, 1140; 420, player, 1140; 820; 20; 20| move, 2.0, 1140; 880, 57; 46, 1140; 401; 20; 20| front
58; 46, 1160; 920, 1| move, 2.0, 1160; 420, player, 1140; 820; 20; 20| move, 2.0, 1160; 880, 57; 46, 1140; 401; 20; 20| front
59; 46, 1180; 920, 1| move, 2.0, 1180; 420, player, 1140; 820; 20; 20| move, 2.0, 1180; 880, 57; 46, 1140; 401; 20; 20| front
55; 47, 1100; 940, 2| move, 2.0, 1100; 440, player, 1140; 820; 20; 20| move, 2.0, 1100; 900, 57; 46, 1140; 401; 20; 20| front
56; 47, 1120; 940, 2| move, 2.0, 1120; 440, player, 1140; 820; 20; 20| move, 2.0, 1120; 900, 57; 46, 1140; 401; 20; 20| front
57; 47, 1140; 940, 2| move, 2.0, 1140; 440, player, 1140; 820; 20; 20| move, 2.0, 1140; 900, 57; 46, 1140; 401; 20; 20| front
58; 47, 1160; 940, 2| move, 2.0, 1160; 440, player, 1140; 820; 20; 20| move, 2.0, 1160; 900, 57; 46, 1140; 401; 20; 20| front
59; 47, 1180; 940, 2| move, 2.0, 1180; 440, player, 1140; 820; 20; 20| move, 2.0, 1180; 900, 57; 46, 1140; 401; 20; 20| front
58; 60, 1160; 1200, 1
57; 60, 1140; 1200, 1
56; 60, 1120; 1200, 1
55; 60, 1100; 1200, 1
54; 60, 1080; 1200, 1
53; 60, 1060; 1200, 1
52; 60, 1040; 1200, 1
51; 60, 1020; 1200, 1
50; 60, 1000; 1200, 1
46; 60, 920; 1200, 1
56; 57, 1120; 1140, 2
56; 56, 1120; 1120, 1
54; 56, 1080; 1120, 1
54; 57, 1080; 1140, 2
54; 55, 1080; 1100, 2
54; 54, 1080; 1080, 1
52; 53, 1040; 1070, 2
52; 52, 1040; 1050, 1
52; 56, 1040; 1120, 1
52; 57, 1040; 1140, 2
50; 58, 1000; 1160, 4
49; 57, 980; 1140, 1
50; 55, 1000; 1100, 2
49; 54, 980; 1080, 3
51; 54, 1020; 1080, 4
49; 59, 980; 1180, 2
49; 60, 980; 1200, 1
58; 55, 1160; 1100, 2
59; 54, 1180; 1080, 4
57; 54, 1140; 1080, 3| move, 2.0, 1140; 1040, player, 1140; 1057; 20; 2
58; 58, 1160; 1160, 3
59; 57, 1180; 1140, 1
59; 59, 1180; 1180, 2
61; 60, 1220; 1200, 1
60; 60, 1200; 1200, 1
59; 60, 1180; 1200, 1
53; 57, 1060; 1140, 1
53; 58, 1060; 1160, 2
55; 53, 1100; 1060, 1
55; 54, 1100; 1080, 2
48; 60, 960; 1200, 1
47; 60, 940; 1200, 1
40; 57, 800; 1140, 1
39; 57, 780; 1140, 1
38; 57, 760; 1140, 1
39; 53, 780; 1060, 2
40; 53, 800; 1060, 2
38; 53, 760; 1060, 2
44; 58, 880; 1160, 1
42; 58, 840; 1160, 1
37; 53, 740; 1060, 2
36; 53, 720; 1060, 2
35; 53, 700; 1060, 2
34; 53, 680; 1060, 2
33; 53, 660; 1060, 2
32; 53, 640; 1060, 2
38; 59, 760; 1180, 2
39; 59, 780; 1180, 2
40; 59, 800; 1180, 2
41; 59, 820; 1180, 2
42; 59, 840; 1180, 2
43; 59, 860; 1180, 2
44; 59, 880; 1180, 2
41; 53, 820; 1060, 2
42; 53, 840; 1060, 2
43; 53, 860; 1060, 2
44; 53, 880; 1060, 2
45; 53, 900; 1060, 2
46; 53, 920; 1060, 2
47; 53, 940; 1060, 2
48; 53, 960; 1060, 2
37; 57, 740; 1140, 1
37; 59, 740; 1180, 2
36; 58, 720; 1160, 1
36; 59, 720; 1180, 2
35; 57, 700; 1140, 1
34; 57, 680; 1140, 1
33; 57, 660; 1140, 1
32; 57, 640; 1140, 1
35; 59, 700; 1180, 2
34; 59, 680; 1180, 2
33; 59, 660; 1180, 2
32; 59, 640; 1180, 2
31; 58, 620; 1160, 3
29; 58, 580; 1160, 4
29; 59, 580; 1180, 4
29; 60, 580; 1200, 4
29; 61, 580; 1220, 4
29; 62, 580; 1240, 4
31; 53, 620; 1060, 2
30; 53, 600; 1060, 2
29; 57, 580; 1140, 4
29; 56, 580; 1120, 4
29; 55, 580; 1100, 4
29; 54, 580; 1080, 4
30; 64, 600; 1280, 1
29; 63, 580; 1260, 4
31; 63, 620; 1260, 1
32; 63, 640; 1260, 1
33; 63, 660; 1260, 1
34; 63, 680; 1260, 1
35; 64, 700; 1280, 1
36; 63, 720; 1260, 1
37; 63, 740; 1260, 1
38; 63, 760; 1260, 1
39; 63, 780; 1260, 1
40; 64, 800; 1280, 1
41; 64, 820; 1280, 1
42; 64, 840; 1280, 1
41; 57, 820; 1160, 1
43; 57, 860; 1160, 1
50; 66, 1000; 1320, 4| alternate, 1000; 1320; 4, 980; 1300; 1, 0.5, 49; 66, 980; 1320; 20; 20
50; 67, 1000; 1340, 1| alternate, 1000; 1340; 1, 1020; 1340; 1, 0.5, 50; 68, 1013; 1354; 20; 20
51; 65, 1020; 1300, 3
52; 66, 1040; 1320, 2
53; 65, 1060; 1300, 4
53; 67, 1060; 1347, 1
54; 67, 1080; 1340, 1| alternate, 1080; 1340; 1, 1080; 1360; 1, 0.5, 54; 68, 1080; 1360; 20; 20
54; 63, 1080; 1250, 2
56; 63, 1120; 1250, 2
53; 62, 1060; 1230, 2
55; 62, 1100; 1230, 2
57; 62, 1140; 1230, 2
55; 64, 1100; 1280, 1| alternate, 1100; 1280; 1, 1100; 1290; 1, 0.5, 55; 65, 1100; 1300; 20; 20
60; 62, 1200; 1240, 2
59; 62, 1180; 1240, 2
58; 62, 1160; 1240, 2
61; 63, 1220; 1260, 2
62; 64, 1240; 1280, 2
63; 64, 1260; 1280, 2
64; 64, 1280; 1273, 2
65; 64, 1300; 1273, 2
65; 66, 1290; 1320, 1
65; 67, 1290; 1340, 2
60; 70, 1200; 1400, 1
61; 70, 1220; 1400, 1
62; 70, 1240; 1400, 1
63; 70, 1260; 1400, 1
64; 70, 1280; 1400, 1
65; 70, 1300; 1400, 1
60; 71, 1200; 1420, 2
61; 71, 1220; 1420, 2
62; 71, 1240; 1420, 2
63; 71, 1260; 1420, 2
64; 71, 1280; 1420, 2
65; 71, 1300; 1420, 2
65; 69, 1300; 1380, 2
65; 68, 1300; 1360, 1
66; 64, 1320; 1280, 2
67; 65, 1340; 1300, 3
67; 66, 1340; 1320, 3
67; 67, 1340; 1340, 3
67; 68, 1340; 1360, 3
67; 69, 1340; 1380, 3
67; 70, 1340; 1400, 3
67; 71, 1340; 1420, 3
67; 72, 1337; 1440, 3
65; 74, 1300; 1480, 1
64; 74, 1280; 1480, 1
63; 74, 1260; 1480, 1
57; 72, 1140; 1440, 4
57; 73, 1140; 1460, 4
57; 74, 1140; 1480, 4
58; 70, 1160; 1400, 1
57; 70, 1140; 1400, 1
56; 70, 1120; 1400, 1
55; 71, 1100; 1420, 3
55; 72, 1100; 1440, 3
55; 73, 1100; 1460, 3
55; 74, 1100; 1480, 3
62; 74, 1240; 1480, 1
61; 74, 1220; 1480, 1
60; 74, 1200; 1480, 1
59; 74, 1180; 1480, 1
58; 72, 1160; 1440, 2
59; 76, 1180; 1520, 2
57; 77, 1140; 1540, 4
57; 76, 1140; 1520, 4
57; 75, 1140; 1500, 4
55; 77, 1100; 1540, 3
55; 76, 1100; 1520, 3
55; 75, 1100; 1500, 3
56; 78, 1120; 1560, 3
57; 79, 1140; 1580, 3
60; 76, 1200; 1520, 2
63; 76, 1260; 1513, 2
64; 76, 1280; 1513, 2
59; 81, 1180; 1620, 2
60; 81, 1200; 1620, 2
61; 81, 1220; 1620, 2
62; 81, 1240; 1620, 2
63; 81, 1260; 1620, 2
64; 81, 1280; 1620, 2
58; 80, 1160; 1600, 2
67; 76, 1340; 1520, 2
68; 76, 1360; 1520, 2
69; 76, 1380; 1513, 2
66; 76, 1320; 1520, 2
65; 76, 1300; 1520, 2
61; 76, 1220; 1520, 2
62; 76, 1240; 1520, 2
70; 76, 1400; 1513, 2
64; 78, 1270; 1560, 1
64; 79, 1270; 1580, 2
59; 79, 1180; 1580, 1
60; 79, 1202; 1580, 1
61; 79, 1224; 1580, 1
62; 79, 1246; 1580, 1
66; 79, 1319; 1580, 1
67; 79, 1341; 1580, 1
68; 79, 1363; 1580, 1
70; 78, 1390; 1560, 1
70; 79, 1390; 1580, 2
65; 79, 1297; 1580, 1
65; 81, 1300; 1620, 2
66; 81, 1320; 1620, 2
67; 81, 1340; 1620, 2
68; 81, 1360; 1620, 2
69; 81, 1380; 1620, 2
70; 81, 1400; 1620, 2
59; 69, 1180; 1380, 1
67; 73, 1334; 1460, 3
66; 73, 1320; 1490, 1
59; 78, 1160; 1570, 1
71; 76, 1420; 1520, 2
72; 76, 1440; 1520, 2
73; 76, 1460; 1520, 2
74; 76, 1480; 1520, 2
75; 76, 1500; 1513, 2
76; 76, 1520; 1513, 2
76; 78, 1510; 1560, 1
76; 79, 1510; 1580, 2
71; 79, 1418; 1580, 1
72; 79, 1440; 1580, 1
73; 79, 1462; 1580, 1
74; 79, 1484; 1580, 1
71; 81, 1420; 1620, 2
72; 81, 1440; 1620, 2
73; 81, 1460; 1620, 2
74; 81, 1480; 1620, 2
75; 81, 1500; 1620, 2
76; 81, 1520; 1620, 2
42; 65, 840; 1300, 2
31; 65, 620; 1300, 2
32; 65, 640; 1300, 2
33; 65, 660; 1300, 2
34; 65, 680; 1300, 2
35; 65, 700; 1300, 2
36; 65, 720; 1300, 2
37; 65, 740; 1300, 2
38; 65, 760; 1300, 2
39; 65, 780; 1300, 2
40; 65, 800; 1300, 2
41; 65, 820; 1300, 2
46; 62, 920; 1240, 2
47; 62, 940; 1240, 2
49; 62, 980; 1240, 2
50; 62, 1000; 1240, 2
51; 62, 1020; 1240, 2
48; 62, 960; 1240, 2