#misc
area, 6
checkpoint, 57; 25
exit, 220; 460, 210; 0; 40; 2, 1, decor, 1
exit, 300; 460, 290; 0; 40; 2, 1, decor, 1
exit, 380; 460, 370; 0; 40; 2, 1, decor, 1
exit, 460; 460, 450; 0; 40; 2, 1, decor, 1
exit, 540; 460, 530; 0; 40; 2, 1, decor, 1
exit, 620; 460, 610; 0; 40; 2, 1, decor, 1
exit, 700; 460, 690; 0; 40; 2, 1, decor, 1
exit, 780; 460, 770; 0; 40; 2, 1, decor, 1
exit, 860; 460, 850; 0; 40; 2, 1, decor, 1
exit, 940; 460, 930; 0; 40; 2, 1, decor, 1
exit, 1020; 460, 1010; 0; 40; 2, 1, decor, 1
exit, 140; 420, 0; 428; 2; 100, 3, MainHub, 7
exit, 1180; 470, 1320; 432; 2; 100, 4, Area6Dungeon, 1
size, 1320, 580
spawn, 46, 509, 1
spawn, 226, 509, 1
spawn, 306, 509, 1
spawn, 386, 509, 1
spawn, 466, 509, 1
spawn, 546, 509, 1
spawn, 626, 509, 1
spawn, 706, 509, 1
spawn, 786, 509, 1
spawn, 866, 509, 1
spawn, 946, 509, 1
spawn, 1026, 509, 1
spawn, 1106, 509, 1
special, 10
name, Level Select
exitP, To Area Select, MainHub, 7
music, 6
#blocks
0; 26, 0; 520, Pu
1; 26, 20; 520, Pu
2; 26, 40; 520, Pu
3; 26, 60; 520, Pu
4; 26, 80; 520, Pu
5; 26, 100; 520, Pu
6; 26, 120; 520, Pu
7; 26, 140; 520, Pu
8; 26, 160; 520, Pu
9; 23, 180; 460, Pu
9; 22, 180; 440, Pu
0; 21, 0; 420, Pu
1; 21, 20; 420, Pu
2; 21, 40; 420, Pu
3; 21, 60; 420, Pu
4; 21, 80; 420, Pu
5; 21, 100; 420, Pu
6; 21, 120; 420, Pu
7; 21, 140; 420, Pu
8; 21, 160; 420, Pu
9; 21, 180; 420, Pu
10; 21, 200; 420, Pu| largeNudge
11; 21, 220; 420, Pu| largeNudge
12; 21, 240; 420, Pu| largeNudge
13; 23, 260; 460, Pu
13; 22, 260; 440, Pu
13; 21, 260; 420, Pu
14; 21, 280; 420, Pu| largeNudge
15; 21, 300; 420, Pu| largeNudge
16; 21, 320; 420, Pu| largeNudge
17; 21, 340; 420, Pu
19; 21, 380; 420, Pu| largeNudge
20; 21, 400; 420, Pu| largeNudge
21; 21, 420; 420, Pu
22; 21, 440; 420, Pu| largeNudge
18; 21, 360; 420, Pu| largeNudge
17; 22, 340; 440, Pu
17; 23, 340; 460, Pu
23; 21, 460; 420, Pu| largeNudge
24; 21, 480; 420, Pu| largeNudge
25; 21, 500; 420, Pu
26; 21, 520; 420, Pu| largeNudge
27; 21, 540; 420, Pu| largeNudge
28; 21, 560; 420, Pu| largeNudge
29; 21, 580; 420, Pu
21; 22, 420; 440, Pu
21; 23, 420; 460, Pu
25; 22, 500; 440, Pu
25; 23, 500; 460, Pu
29; 22, 580; 440, Pu
29; 23, 580; 460, Pu
30; 21, 600; 420, Pu| largeNudge
31; 21, 620; 420, Pu| largeNudge
32; 21, 640; 420, Pu| largeNudge
33; 21, 660; 420, Pu
34; 21, 680; 420, Pu| largeNudge
33; 22, 660; 440, Pu
33; 23, 660; 460, Pu
35; 21, 700; 420, Pu| largeNudge
36; 21, 720; 420, Pu| largeNudge
37; 21, 740; 420, Pu
38; 21, 760; 420, Pu| largeNudge
39; 21, 780; 420, Pu| largeNudge
40; 21, 800; 420, Pu| largeNudge
41; 21, 820; 420, Pu
42; 21, 840; 420, Pu| largeNudge
37; 22, 740; 440, Pu
37; 23, 740; 460, Pu
41; 22, 820; 440, Pu
41; 23, 820; 460, Pu
43; 21, 860; 420, Pu| largeNudge
44; 21, 880; 420, Pu| largeNudge
45; 21, 900; 420, Pu
46; 21, 920; 420, Pu| largeNudge
45; 22, 900; 440, Pu
45; 23, 900; 460, Pu
47; 21, 940; 420, Pu| largeNudge
48; 21, 960; 420, Pu| largeNudge
49; 21, 980; 420, Pu
50; 21, 1000; 420, Pu
49; 22, 980; 440, Pu
49; 23, 980; 460, Pu
51; 21, 1020; 420, Pu
52; 21, 1040; 420, Pu
53; 21, 1060; 420, Pu
53; 23, 1060; 460, Pu
53; 22, 1060; 440, Pu
12; 22, 240; 440, Pu
11; 23, 220; 460, Pu
10; 24, 200; 480, Pu
9; 25, 180; 500, Pu
13; 25, 260; 500, Pu
14; 24, 280; 480, Pu
15; 23, 300; 460, Pu
16; 22, 320; 440, Pu
20; 22, 400; 440, Pu
19; 23, 380; 460, Pu
18; 24, 360; 480, Pu
17; 25, 340; 500, Pu
24; 22, 480; 440, Pu
22; 24, 440; 480, Pu
21; 25, 420; 500, Pu
28; 22, 560; 440, Pu
27; 23, 540; 460, Pu
26; 24, 520; 480, Pu
25; 25, 500; 500, Pu
29; 25, 580; 500, Pu
30; 24, 600; 480, Pu
31; 23, 620; 460, Pu
32; 22, 640; 440, Pu
36; 22, 720; 440, Pu
35; 23, 700; 460, Pu
34; 24, 680; 480, Pu
33; 25, 660; 500, Pu
37; 25, 740; 500, Pu
38; 24, 760; 480, Pu
39; 23, 780; 460, Pu
40; 22, 800; 440, Pu
41; 25, 820; 500, Pu
42; 24, 840; 480, Pu
43; 23, 860; 460, Pu
44; 22, 880; 440, Pu
48; 22, 960; 440, Pu
47; 23, 940; 460, Pu
46; 24, 920; 480, Pu
45; 25, 900; 500, Pu
49; 25, 980; 500, Pu
50; 24, 1000; 480, Pu
51; 23, 1020; 460, Pu
52; 22, 1040; 440, Pu
53; 25, 1060; 500, Pu
54; 24, 1080; 480, Pu
55; 23, 1100; 460, Pu
56; 22, 1120; 440, Pu
54; 21, 1080; 420, Pu
55; 21, 1100; 420, Pu
56; 21, 1120; 420, Pu
57; 21, 1140; 420, Pu
57; 26, 1140; 520, Pu
58; 26, 1160; 520, Pu
59; 26, 1180; 520, Pu
60; 26, 1200; 520, Pu
58; 21, 1160; 420, Pu
59; 21, 1180; 420, Pu
60; 21, 1200; 420, Pu
23; 23, 460; 460, Pu
9; 20, 180; 400, Pu
13; 20, 260; 400, Pu
17; 20, 340; 400, Pu
21; 20, 420; 400, Pu
25; 20, 500; 400, Pu
29; 20, 580; 400, Pu
33; 20, 660; 400, Pu
37; 20, 740; 400, Pu
41; 20, 820; 400, Pu
53; 20, 1060; 400, Pu
49; 20, 980; 400, Pu
45; 20, 900; 400, Pu
61; 26, 1220; 520, Pu
62; 26, 1240; 520, Pu
63; 26, 1260; 520, Pu
64; 26, 1280; 520, Pu
61; 21, 1220; 420, Pu
63; 21, 1260; 420, Pu
64; 21, 1280; 420, Pu
62; 21, 1240; 420, Pu
65; 26, 1300; 520, Pu
65; 21, 1300; 420, Pu
#spikes
10; 20, 210; 417, 1
11; 20, 230; 417, 1
14; 20, 290; 417, 1
15; 20, 310; 417, 1
18; 20, 370; 417, 1
22; 20, 450; 417, 1
19; 20, 390; 417, 1
23; 20, 470; 417, 1
31; 20, 630; 417, 1
27; 20, 550; 417, 1
30; 20, 610; 417, 1
26; 20, 530; 417, 1
34; 20, 690; 417, 1
35; 20, 710; 417, 1
38; 20, 770; 417, 1
39; 20, 790; 417, 1
42; 20, 850; 417, 1
43; 20, 870; 417, 1
46; 20, 930; 417, 1
47; 20, 950; 417, 1
13; 19, 260; 380, 1
9; 19, 180; 380, 1
25; 19, 500; 380, 1
17; 19, 340; 380, 1
21; 19, 420; 380, 1
41; 19, 820; 380, 1
29; 19, 580; 380, 1
37; 19, 740; 380, 1
33; 19, 660; 380, 1
49; 19, 980; 380, 1
45; 19, 900; 380, 1
53; 19, 1060; 380, 1
61; 25, 1220; 500, 1
63; 25, 1260; 500, 1
61; 22, 1220; 440, 2
63; 22, 1260; 440, 2
62; 25, 1240; 500, 2| move, 1.0, 1240; 460, 62; 25, 1240; 519; 20; 20| move, 1.0, 1240; 500, 62; 24, 1240; 421; 20; 20
62; 24, 1240; 480, 1| move, 1.0, 1240; 440, 62; 25, 1240; 519; 20; 20| move, 1.0, 1240; 480, 62; 24, 1240; 421; 20; 20
65; 25, 1300; 500, 1
65; 22, 1300; 440, 2
64; 22, 1280; 440, 1| move, 1.0, 1280; 480, 64; 22, 1280; 421; 20; 20| move, 1.0, 1280; 440, 64; 23, 1280; 519; 20; 20
64; 23, 1280; 460, 2| move, 1.0, 1280; 500, 64; 22, 1280; 421; 20; 20| move, 1.0, 1280; 460, 64; 23, 1280; 519; 20; 20