#misc
area, 6
checkpoint, 19; 50
checkpoint, 27; 50
checkpoint, 38; 50
checkpoint, 61; 58
checkpoint, 49; 58
exit, 100; 900, 0; 895; 2; 130, 3, MainHub, 7
exit, 1040; 1140, 1100; 1130; 2; 40, 4, decor, 1
exit, 1420; 920, 1410; 0; 40; 2, 1, decor, 1
exit, 1460; 860, 1560; 838; 2; 64, 4, Area6Select, 1
exit, 1520; 1190, 1560; 1175; 2; 70, 4, Area6Select, 1
size, 1560, 1300
spawn, 46, 1009, 1
name, Area 6
exitP, To Area Select, MainHub, 7
index, 64
music, 6
key, 360, 860, X
key, 880, 1060, X
key, 1040, 940, X
key, 1120, 1200, X
key, 1500, 1220
#blocks
1; 51, 20; 1020, Pu
0; 51, 0; 1020, Pu
0; 44, 0; 880, Pu
1; 44, 20; 880, Pu
2; 44, 40; 880, Pu
3; 45, 60; 900, Pu
4; 45, 80; 900, Pu
5; 45, 100; 900, Pu
3; 51, 60; 1020, Pu
4; 51, 80; 1020, Pu
5; 51, 100; 1020, Pu
6; 51, 120; 1020, Pu
7; 51, 140; 1020, Pu
7; 46, 140; 920, Pu
6; 46, 120; 920, Pu
8; 51, 160; 1020, Pu
9; 51, 180; 1020, Pu
8; 46, 160; 920, Pu
9; 46, 180; 920, Pu
10; 51, 200; 1020, Pu
11; 51, 220; 1020, Pu
12; 51, 240; 1020, Pu
13; 51, 260; 1020, Pu
14; 51, 280; 1020, Pu
10; 46, 200; 920, Pu
11; 46, 220; 920, Pu
14; 50, 280; 1000, Pu
14; 49, 280; 980, Pu
15; 45, 300; 900, Pu
15; 51, 300; 1020, Pu
16; 51, 320; 1020, Pu
17; 51, 340; 1020, Pu
18; 51, 360; 1020, Pu
19; 51, 380; 1020, Pu
20; 51, 400; 1020, Pu
16; 45, 320; 900, Pu
17; 45, 340; 900, Pu
18; 46, 360; 920, Pu
20; 46, 400; 920, Pu
21; 46, 420; 920, Pu
12; 46, 240; 920, Pu
11; 45, 220; 900, Pu
11; 44, 220; 880, Pu
11; 43, 220; 860, Pu
14; 44, 280; 880, Pu
12; 42, 240; 840, Pu
13; 42, 260; 840, Pu
14; 42, 280; 840, Pu
15; 42, 300; 840, Pu
16; 42, 320; 840, Pu
17; 42, 340; 840, Pu
18; 42, 360; 840, Pu
19; 42, 380; 840, Pu
20; 42, 400; 840, Pu
18; 45, 360; 900, Pu
18; 44, 360; 880, Pu
20; 45, 400; 900, Pu
20; 44, 400; 880, Pu
20; 43, 400; 860, Pu
23; 51, 460; 1020, Pu
25; 51, 502; 1020, Pu
22; 45, 440; 900, Pu
23; 45, 460; 890, Pu
24; 44, 480; 880, Pu
25; 45, 500; 890, Pu
26; 45, 520; 900, Pu
27; 51, 540; 1020, Pu
29; 51, 582; 1020, Pu
27; 45, 540; 890, Pu
28; 44, 560; 880, Pu
29; 45, 580; 890, Pu
33; 51, 662; 1020, Pu
34; 45, 680; 900, Pu
33; 45, 660; 890, Pu
32; 44, 640; 880, Pu
31; 45, 620; 890, Pu
30; 45, 600; 900, Pu
37; 51, 740; 1020, Pu
38; 51, 760; 1020, Pu
39; 51, 780; 1020, Pu
39; 46, 780; 920, Pu
38; 46, 760; 920, Pu
37; 46, 740; 920, Pu
36; 46, 720; 920, Pu
35; 46, 700; 920, Pu
40; 51, 800; 1020, Pu
41; 50, 820; 1000, Pu
42; 49, 840; 980, Pu
43; 46, 860; 920, Pu
43; 45, 860; 900, Pu
42; 44, 840; 880, Pu
41; 45, 820; 900, Pu
40; 45, 800; 900, Pu
44; 48, 880; 960, Pu
44; 49, 880; 980, Pu
44; 50, 880; 1000, Pu
44; 51, 880; 1020, Pu
44; 52, 880; 1040, Pu
40; 52, 800; 1040, Pu
40; 53, 800; 1060, Pu
40; 54, 800; 1080, Pu
43; 55, 860; 1100, Pu
43; 56, 860; 1120, Pu
42; 57, 840; 1140, Pu
44; 47, 880; 940, Pu
43; 54, 860; 1080, Pu
44; 54, 880; 1080, Pu
40; 55, 800; 1100, Pu
40; 56, 800; 1120, Pu
40; 57, 800; 1140, Pu
40; 58, 800; 1160, Pu
40; 59, 800; 1180, Pu
40; 60, 800; 1200, Pu
41; 60, 820; 1200, Pu
42; 60, 840; 1200, Pu
43; 60, 860; 1200, Pu
44; 60, 880; 1200, Pu
45; 60, 900; 1200, Pu
45; 53, 900; 1060, Pu
45; 59, 900; 1180, Pu
45; 58, 900; 1160, Pu
46; 59, 920; 1180, Pu
47; 59, 940; 1180, Pu
48; 59, 960; 1180, Pu
49; 59, 980; 1180, Pu
45; 52, 900; 1040, Pu
49; 55, 980; 1100, Pu
50; 59, 1000; 1180, Pu
51; 59, 1020; 1180, Pu
51; 55, 1020; 1100, Pu
51; 54, 1020; 1080, Pu
46; 53, 920; 1060, Pu
47; 49, 940; 980, Pu
47; 50, 940; 1000, Pu
47; 51, 940; 1020, Pu
47; 52, 940; 1040, Pu
47; 53, 940; 1060, Pu
49; 52, 980; 1040, Pu
49; 49, 980; 980, Pu
51; 48, 1020; 960, Pu
51; 49, 1020; 980, Pu
51; 50, 1020; 1000, Pu
51; 51, 1020; 1020, Pu
51; 52, 1020; 1040, Pu
51; 53, 1020; 1060, Pu
47; 48, 940; 960, Pu
47; 47, 940; 940, Pu
47; 46, 940; 920, Pu
47; 45, 940; 900, Pu
48; 45, 960; 900, Pu
49; 45, 980; 900, Pu
50; 45, 1000; 900, Pu
51; 45, 1020; 900, Pu
52; 45, 1040; 900, Pu
53; 45, 1060; 900, Pu
52; 59, 1040; 1180, Pu
54; 59, 1080; 1180, Pu
53; 59, 1060; 1180, Pu
52; 48, 1040; 960, Pu
53; 48, 1060; 960, Pu
53; 47, 1060; 940, Pu
53; 46, 1060; 920, Pu
57; 59, 1140; 1180, Pu
58; 59, 1160; 1180, Pu
58; 55, 1160; 1100, Pu
59; 55, 1180; 1100, Pu
60; 55, 1200; 1100, Pu
61; 55, 1220; 1100, Pu
57; 55, 1140; 1100, Pu| move, 2.0, 1160; 1100, 56; 55, 1101; 1100; 20; 20| move, 2.0, 1140; 1100, 57; 55, 1179; 1100; 20; 20
56; 59, 1120; 1180, R| move, 0.5, 1140; 1180, player, 1042; 1097; 56; 2
58; 54, 1160; 1080, Pu
58; 53, 1160; 1060, Pu
58; 52, 1160; 1040, Pu
58; 51, 1160; 1020, Pu
58; 50, 1160; 1000, Pu
57; 50, 1140; 1000, Pu
56; 50, 1120; 1000, Pu
55; 50, 1100; 1000, Pu
54; 50, 1080; 1000, Pu
53; 50, 1060; 1000, Pu
52; 50, 1040; 1000, Pu
52; 55, 1040; 1100, R
53; 55, 1060; 1100, R
54; 55, 1080; 1100, R
56; 61, 1120; 1220, Pu
57; 60, 1140; 1200, Pu
55; 59, 1100; 1180, Pu
55; 60, 1100; 1200, Pu
55; 61, 1100; 1220, Pu
57; 61, 1140; 1220, Pu
59; 59, 1180; 1180, Pu
60; 59, 1200; 1180, Pu
61; 59, 1220; 1180, Pu
63; 59, 1260; 1180, Pu| move, 1.0, 1340; 1180, player, 1260; 1178; 20; 2| move, 1.0, 1300; 1140, 63; 59, 1359; 1180; 20; 20| move, 1.0, 1420; 820, 63; 59, 1439; 1140; 20; 20| move, 1.0, 1420; 1140, 63; 59, 1281; 1140; 20; 20
60; 60, 1200; 1200, Pu
61; 61, 1220; 1220, Pu
62; 62, 1240; 1240, Pu
63; 62, 1260; 1240, Pu
64; 62, 1280; 1240, Pu
65; 62, 1300; 1240, Pu
66; 62, 1320; 1240, Pu
67; 62, 1340; 1240, Pu
68; 62, 1360; 1240, Pu
62; 54, 1240; 1080, Pu
63; 53, 1260; 1060, Pu
64; 52, 1280; 1040, Pu
69; 62, 1380; 1240, Pu
70; 62, 1400; 1240, Pu
71; 62, 1420; 1240, Pu
72; 61, 1440; 1220, Pu
73; 60, 1460; 1200, Pu
73; 59, 1460; 1180, Pu
73; 58, 1460; 1160, Pu
73; 57, 1460; 1140, Pu
73; 56, 1460; 1120, Pu
73; 55, 1460; 1100, Pu
73; 51, 1460; 1020, Pu
73; 52, 1460; 1040, Pu
73; 53, 1460; 1060, Pu
73; 54, 1460; 1080, Pu
69; 50, 1380; 1000, Pu
73; 50, 1460; 1000, Pu
73; 49, 1460; 980, Pu
69; 49, 1380; 980, Pu
68; 48, 1360; 960, Pu
68; 47, 1360; 940, Pu
68; 46, 1360; 920, Pu
68; 45, 1360; 900, Pu
68; 44, 1360; 880, Pu
73; 45, 1460; 900, Pu
74; 45, 1480; 900, Pu
75; 45, 1500; 900, Pu
76; 45, 1520; 900, Pu
77; 45, 1540; 900, Pu
68; 43, 1360; 860, Pu
68; 42, 1360; 840, Pu
77; 41, 1540; 820, Pu
76; 41, 1520; 820, Pu
75; 41, 1500; 820, Pu
74; 41, 1480; 820, Pu
73; 41, 1460; 820, Pu
72; 41, 1440; 820, Pu
71; 41, 1420; 820, Pu
70; 41, 1400; 820, Pu
69; 41, 1380; 820, Pu
68; 41, 1360; 820, Pu
75; 53, 1500; 1060, Pu
74; 50, 1480; 1000, Pu
76; 46, 1520; 920, Pu
74; 57, 1480; 1140, Pu
77; 46, 1540; 920, Pu
77; 47, 1540; 940, Pu
77; 62, 1540; 1240, Pu
76; 62, 1520; 1240, Pu
75; 62, 1500; 1240, Pu
74; 61, 1480; 1220, Pu
74; 51, 1480; 1020, Pu
74; 52, 1480; 1040, Pu
74; 53, 1480; 1060, Pu
74; 54, 1480; 1080, Pu
69; 51, 1380; 1020, Pu
68; 51, 1360; 1020, Pu
66; 51, 1320; 1020, Pu
65; 51, 1300; 1020, Pu
67; 51, 1340; 1020, Pu
74; 58, 1480; 1160, Pu
2; 51, 40; 1020, Pu
#spikes
0; 45, 0; 900, 2
1; 45, 20; 900, 2
2; 45, 40; 900, 2
5; 46, 100; 920, 2
4; 46, 80; 920, 2
3; 46, 60; 920, 2
6; 47, 120; 940, 2
7; 47, 140; 940, 2
8; 50, 160; 1000, 1
9; 50, 180; 1000, 1
8; 47, 160; 940, 2
9; 47, 180; 940, 2
4; 50, 80; 1000, 1| move, 3.0, 140; 1000, 4; 50, 61; 1000; 20; 20| move, 3.0, 80; 1000, 4; 50, 159; 1000; 20; 20
13; 50, 260; 1000, 1| move, 3.0, 200; 1000, 13; 50, 279; 1000; 20; 20| move, 3.0, 260; 1000, 13; 50, 181; 1000; 20; 20
10; 47, 200; 940, 2
11; 47, 220; 940, 2
12; 47, 240; 940, 2
14; 48, 280; 960, 1
14; 45, 280; 900, 2
15; 46, 300; 920, 2
13; 47, 260; 940, 2
15; 50, 300; 1000, 1
16; 50, 320; 1000, 1
17; 50, 340; 1000, 1
16; 46, 320; 920, 2
17; 46, 340; 920, 2
18; 47, 360; 940, 2
20; 47, 400; 940, 2
21; 47, 420; 940, 2
13; 46, 260; 920, 1
16; 44, 320; 880, 1| front
12; 43, 240; 860, 2
15; 44, 300; 898, 1| move, 2.5, 340; 898, 15; 44, 281; 900; 20; 20| move, 2.5, 300; 898, 15; 44, 359; 900; 20; 20
23; 49, 460; 980, 3
24; 50, 480; 1000, 2
25; 49, 500; 980, 4
24; 48, 480; 960, 1
23; 46, 460; 910, 2
22; 46, 440; 920, 2
24; 45, 480; 900, 2
25; 46, 500; 910, 2
26; 46, 520; 920, 2
28; 50, 560; 1000, 2
29; 49, 580; 980, 4
27; 49, 540; 980, 3
28; 48, 560; 960, 1
27; 46, 540; 910, 2
28; 45, 560; 900, 2
29; 46, 580; 910, 2
30; 46, 600; 920, 2
31; 46, 620; 910, 2
32; 45, 640; 900, 2
33; 46, 660; 910, 2
34; 46, 680; 920, 2
32; 50, 640; 1000, 2
31; 49, 620; 980, 3
33; 49, 660; 980, 4
32; 48, 640; 960, 1
35; 47, 700; 940, 2
36; 47, 720; 940, 2
37; 47, 740; 940, 2
38; 47, 760; 940, 2
39; 47, 780; 940, 2
40; 50, 800; 1000, 1
41; 49, 820; 980, 1
42; 48, 840; 960, 1
40; 46, 800; 920, 2
41; 46, 820; 920, 2
42; 50, 840; 1000, 2
43; 47, 860; 935, 2
42; 45, 840; 900, 2
41; 51, 820; 1020, 2
42; 56, 840; 1120, 1
43; 52, 863; 1040, 3
43; 57, 860; 1140, 2
44; 55, 880; 1100, 2
44; 59, 880; 1180, 1
42; 58, 840; 1160, 2
41; 59, 820; 1185, 1
46; 58, 920; 1160, 1
47; 58, 940; 1160, 1
45; 54, 900; 1080, 2
49; 56, 980; 1120, 2| alternate, 980; 1120; 2, 960; 1100; 3, 0.6, 49; 52, 979; 1040; 20; 20
45; 57, 900; 1140, 1
49; 54, 980; 1080, 1| alternate, 980; 1080; 1, 1000; 1100; 4, 0.6, 49; 52, 979; 1040; 20; 20
49; 53, 980; 1060, 2| alternate, 980; 1060; 2, 960; 1040; 3, 0.6, 49; 52, 979; 1040; 20; 20
49; 51, 980; 1020, 1| alternate, 980; 1020; 1, 1000; 1040; 4, 0.6, 49; 52, 979; 1040; 20; 20
49; 50, 980; 1000, 2| alternate, 980; 1000; 2, 960; 980; 3, 0.6, 49; 52, 979; 1040; 20; 20
49; 48, 980; 960, 1| alternate, 980; 960; 1, 1000; 980; 4, 0.6, 49; 52, 979; 1040; 20; 20
48; 46, 960; 920, 2
49; 46, 980; 920, 2
50; 46, 1000; 920, 2
51; 46, 1020; 920, 2
52; 46, 1040; 920, 2
55; 55, 1100; 1100, 4
56; 55, 1120; 1100, 3| move, 2.0, 1140; 1100, 56; 55, 1101; 1100; 20; 20| move, 2.0, 1120; 1100, 57; 55, 1179; 1100; 20; 20
53; 58, 1060; 1160, 1
54; 58, 1080; 1160, 1
58; 58, 1160; 1160, 1
59; 58, 1180; 1160, 1
53; 56, 1070; 1113, 2
58; 56, 1170; 1113, 2
61; 60, 1220; 1200, 1
62; 61, 1240; 1220, 1
63; 61, 1260; 1220, 1
64; 61, 1280; 1220, 1
65; 61, 1300; 1220, 1
66; 61, 1320; 1220, 1
67; 61, 1340; 1220, 1
68; 61, 1360; 1220, 1
65; 58, 1300; 1160, 2
66; 57, 1320; 1140, 4
64; 57, 1280; 1140, 3
65; 56, 1300; 1120, 1
62; 55, 1240; 1100, 2
63; 54, 1260; 1080, 2
64; 53, 1280; 1060, 2
68; 56, 1360; 1120, 3
69; 56, 1380; 1120, 4
69; 61, 1380; 1220, 1
70; 61, 1400; 1220, 1
71; 61, 1420; 1220, 1
72; 60, 1440; 1200, 3
72; 59, 1440; 1180, 3
72; 58, 1440; 1160, 3
72; 57, 1440; 1140, 3
72; 56, 1440; 1120, 3
72; 55, 1440; 1100, 3
70; 50, 1400; 1000, 4
72; 54, 1440; 1080, 3
72; 53, 1440; 1060, 3
72; 52, 1440; 1040, 3
72; 51, 1440; 1020, 3
72; 50, 1440; 1000, 3
70; 49, 1400; 980, 4
72; 49, 1440; 980, 3
73; 48, 1460; 960, 1
69; 48, 1380; 960, 4
69; 47, 1380; 940, 4
69; 46, 1380; 920, 4
69; 45, 1380; 900, 4
69; 44, 1380; 880, 4| move, 7.0, 1664; 880, player, 1500; 880; 20; 20
69; 43, 1380; 860, 4
69; 42, 1380; 840, 4
74; 49, 1480; 980, 1
76; 47, 1520; 940, 2
75; 46, 1500; 920, 2
74; 56, 1480; 1120, 4
75; 57, 1500; 1140, 4
77; 48, 1540; 960, 3
77; 49, 1540; 980, 3
77; 50, 1540; 1000, 3
77; 51, 1540; 1020, 3
77; 52, 1540; 1040, 3
77; 53, 1540; 1060, 3
77; 54, 1540; 1080, 3
77; 55, 1540; 1100, 3
77; 56, 1540; 1120, 3
77; 57, 1540; 1140, 3
77; 58, 1540; 1160, 3
77; 61, 1540; 1220, 1
74; 59, 1480; 1180, 4
74; 60, 1480; 1200, 4
71; 42, 1420; 820, 1
75; 52, 1500; 1040, 1
74; 55, 1480; 1100, 4
75; 54, 1500; 1080, 4
65; 52, 1300; 1040, 2
66; 52, 1320; 1040, 2
67; 52, 1340; 1040, 2
68; 52, 1360; 1040, 2
70; 51, 1400; 1020, 4
69; 52, 1380; 1040, 2
76; 61, 1520; 1220, 1| move, 3.7, 1520; 940; 2, player, 1520; 1071; 20; 20
75; 58, 1500; 1160, 4
75; 61, 1520; 1220, 1
45; 51, 900; 1060, 3| move, 2.5, 800; 1060, player, 860; 1077; 20; 2