#misc
area, 6
checkpoint, 35; 35
checkpoint, 56; 30
checkpoint, 72; 37
chai, 646; 629
chai, 666; 629
chai, 1226; 769
exit, 1540; 880, 1600; 846; 2; 88, 4, Area6Select, 5
size, 1600, 1040
spawn, 1066, 709, 0
name, 6 - 4
exitP, Exit Level, Area6Select, 105
index, 68
music, 6
#blocks
53; 36, 1060; 720, Pu
54; 36, 1080; 720, Pu
52; 36, 1040; 720, Pu
55; 36, 1100; 720, Pu
55; 35, 1100; 700, Pu
55; 34, 1100; 680, Pu
55; 33, 1100; 660, Pu
54; 33, 1080; 660, Pu
53; 33, 1060; 660, Pu
52; 33, 1040; 660, Pu
51; 36, 1020; 720, Pu
50; 36, 1000; 720, Pu
49; 36, 980; 720, Pu
48; 36, 960; 720, Pu
47; 36, 940; 720, Pu
46; 36, 920; 720, Pu
45; 36, 900; 720, Pu
44; 36, 880; 720, Pu
43; 36, 860; 720, Pu
42; 36, 840; 720, Pu
41; 36, 820; 720, Pu
40; 36, 800; 720, Pu
39; 36, 780; 720, Pu
38; 36, 760; 720, Pu
51; 33, 1020; 660, Pu| alternate, 1020; 660, 1020; 660, 1020; 673, 0.4, player, 1060; 700; 20; 20
50; 33, 1000; 660, Pu| alternate, 1000; 660, 1000; 660, 1000; 673, 0.4, player, 1060; 700; 20; 20
49; 33, 980; 660, Pu| alternate, 980; 660, 980; 660, 980; 673, 0.4, player, 1060; 700; 20; 20
48; 33, 960; 660, Pu| alternate, 960; 660, 960; 660, 960; 673, 0.4, player, 1060; 700; 20; 20
47; 33, 940; 660, Pu| alternate, 940; 660, 940; 660, 940; 673, 0.4, player, 1060; 700; 20; 20
46; 33, 920; 660, Pu| alternate, 920; 660, 920; 660, 920; 673, 0.4, player, 1060; 700; 20; 20
45; 33, 900; 660, Pu| alternate, 900; 660, 900; 660, 900; 673, 0.4, player, 1060; 700; 20; 20
44; 33, 880; 660, Pu| alternate, 880; 660, 880; 660, 880; 673, 0.4, player, 1060; 700; 20; 20
43; 33, 860; 660, Pu| alternate, 860; 660, 860; 660, 860; 673, 0.4, player, 1060; 700; 20; 20
42; 33, 840; 660, Pu| alternate, 840; 660, 840; 660, 840; 673, 0.4, player, 1060; 700; 20; 20
41; 33, 820; 660, Pu| alternate, 820; 660, 820; 660, 820; 673, 0.4, player, 1060; 700; 20; 20
40; 33, 800; 660, Pu| alternate, 800; 660, 800; 660, 800; 673, 0.4, player, 1060; 700; 20; 20
39; 33, 780; 660, Pu| alternate, 780; 660, 780; 660, 780; 673, 0.4, player, 1060; 700; 20; 20
38; 33, 760; 660, Pu| alternate, 760; 660, 760; 660, 760; 673, 0.4, player, 1060; 700; 20; 20
37; 36, 740; 720, Pu
36; 36, 720; 720, Pu
35; 36, 700; 720, Pu
34; 33, 680; 660, Pu
34; 32, 680; 640, Pu
37; 33, 740; 660, Pu
37; 32, 740; 640, Pu
35; 32, 700; 640, Pu
37; 31, 740; 620, Pu
37; 29, 740; 580, Pu
36; 29, 720; 580, Pu
38; 31, 760; 620, Pu
39; 31, 780; 620, Pu
38; 29, 760; 580, Pu
39; 29, 780; 580, Pu
39; 28, 780; 560, Pu
41; 28, 820; 560, Pu
41; 29, 820; 580, Pu
42; 29, 840; 580, Pu
44; 29, 880; 580, Pu
45; 28, 900; 560, Pu
46; 27, 920; 547, Pu| teleport, 920; 542, player, 634; 638; 20; 2| front
45; 29, 900; 580, Pu
47; 28, 940; 560, Pu
40; 31, 800; 620, Pu
41; 31, 820; 620, Pu
42; 31, 840; 620, Pu
43; 31, 860; 620, Pu
44; 31, 880; 620, Pu
45; 31, 900; 620, Pu
46; 31, 920; 620, Pu
47; 31, 940; 620, Pu
42; 28, 840; 560, Pu
43; 27, 860; 547, Pu| teleport, 860; 542, player, 634; 638; 20; 2| front
44; 28, 880; 560, Pu
48; 29, 960; 580, Pu
48; 28, 960; 560, Pu
49; 27, 980; 547, Pu| teleport, 980; 542, player, 634; 638; 20; 2| front
50; 29, 1000; 580, Pu
50; 28, 1000; 560, Pu
51; 29, 1020; 580, Pu
51; 28, 1020; 560, Pu
52; 27, 1040; 547, Pu| teleport, 1040; 542, player, 634; 638; 20; 2| front
53; 29, 1060; 580, Pu
53; 28, 1060; 560, Pu
40; 27, 800; 547, Pu| teleport, 800; 542, player, 634; 638; 20; 2| front
48; 31, 960; 620, Pu
49; 31, 980; 620, Pu
50; 31, 1000; 620, Pu
51; 31, 1020; 620, Pu
52; 31, 1040; 620, Pu
53; 31, 1060; 620, Pu
54; 31, 1080; 620, Pu
55; 31, 1100; 620, Pu
54; 29, 1080; 580, Pu
55; 29, 1100; 580, Pu
47; 29, 940; 580, Pu
35; 29, 700; 580, Pu
34; 29, 680; 580, Pu
34; 36, 680; 720, Pu
34; 34, 680; 680, Pu
34; 35, 680; 700, Pu
33; 32, 660; 640, Pu
31; 31, 620; 620, Pu
31; 30, 620; 600, Pu
31; 29, 620; 580, Pu
32; 29, 640; 580, Pu
33; 29, 660; 580, Pu
32; 32, 640; 640, Pu
31; 32, 620; 640, Pu
56; 31, 1120; 620, Pu
56; 29, 1120; 580, Pu
57; 31, 1140; 620, Pu
58; 31, 1160; 620, Pu
59; 31, 1180; 620, Pu
57; 28, 1140; 560, Pu
58; 28, 1160; 560, Pu
59; 28, 1180; 560, Pu
61; 28, 1220; 560, Pu
62; 28, 1240; 560, Pu
60; 28, 1200; 560, Pu
60; 31, 1200; 620, Pu
61; 31, 1220; 620, Pu
63; 28, 1260; 560, Pu
62; 31, 1240; 620, Pu
63; 31, 1260; 620, Pu
64; 31, 1280; 620, Pu
65; 31, 1300; 620, Pu
66; 31, 1320; 620, Pu
67; 31, 1340; 620, Pu
68; 31, 1360; 620, Pu
64; 27, 1280; 540, Pu
66; 26, 1320; 520, Pu
67; 26, 1340; 520, Pu
65; 26, 1300; 520, Pu
68; 27, 1360; 540, Pu
69; 28, 1380; 560, Pu
69; 31, 1380; 620, Pu
70; 31, 1400; 620, Pu
71; 31, 1420; 620, Pu
71; 30, 1420; 600, Pu
71; 29, 1420; 580, Pu
69; 27, 1380; 540, Pu
70; 25, 1400; 500, Pu
72; 32, 1440; 640, Pu
73; 32, 1460; 640, Pu
74; 31, 1480; 620, Pu
71; 25, 1420; 500, Pu
72; 25, 1440; 500, Pu
76; 28, 1520; 560, Pu
76; 29, 1520; 580, Pu
76; 30, 1520; 600, Pu
76; 31, 1520; 620, Pu
73; 25, 1460; 500, Pu
74; 26, 1480; 520, Pu
75; 27, 1500; 540, Pu
76; 32, 1520; 640, Pu
76; 33, 1520; 660, Pu
76; 34, 1520; 680, Pu
75; 35, 1500; 700, Pu
75; 36, 1500; 720, Pu
74; 38, 1480; 760, Pu
72; 38, 1440; 760, Pu
71; 38, 1420; 760, Pu
73; 38, 1460; 760, Pu
75; 37, 1500; 740, Pu
70; 35, 1400; 700, Pu
70; 36, 1400; 720, Pu
70; 37, 1400; 740, Pu
70; 38, 1400; 760, Pu
70; 34, 1400; 680, Pu
68; 32, 1360; 640, Pu
68; 33, 1360; 660, Pu
68; 34, 1360; 680, Pu
68; 35, 1360; 700, Pu
68; 36, 1360; 720, Pu
68; 39, 1360; 780, Pu
68; 40, 1360; 800, Pu
75; 38, 1500; 760, Pu
67; 39, 1340; 780, Pu
67; 36, 1340; 720, Pu
66; 39, 1320; 780, Pu
66; 36, 1320; 720, Pu
65; 39, 1300; 780, Pu
65; 36, 1300; 720, Pu
64; 36, 1280; 720, Pu
63; 36, 1260; 720, Pu
64; 39, 1280; 780, Pu
63; 39, 1260; 780, Pu
62; 39, 1240; 780, Pu
61; 39, 1220; 780, Pu
60; 39, 1200; 780, Pu
60; 38, 1200; 760, Pu
60; 37, 1200; 740, Pu
60; 36, 1200; 720, Pu
61; 36, 1220; 720, Pu
62; 36, 1240; 720, Pu
70; 42, 1400; 840, Pu
70; 41, 1400; 820, Pu
70; 40, 1400; 800, Pu
70; 39, 1400; 780, Pu
68; 41, 1360; 820, Pu
68; 42, 1360; 840, Pu
68; 43, 1360; 860, Pu
68; 44, 1360; 880, Pu
70; 43, 1400; 860, Pu
70; 46, 1400; 920, Pu
68; 45, 1360; 900, Pu
68; 46, 1360; 920, Pu
69; 47, 1380; 941, Pu
71; 46, 1420; 920, Pu
71; 42, 1420; 837, Pu
72; 42, 1440; 832, Pu
73; 42, 1460; 832, Pu
72; 46, 1440; 920, Pu
73; 46, 1460; 920, Pu
74; 46, 1480; 920, Pu
75; 46, 1500; 920, Pu
76; 46, 1520; 920, Pu
77; 46, 1540; 920, Pu
74; 42, 1480; 832, Pu
75; 42, 1500; 832, Pu
76; 42, 1520; 832, Pu
77; 42, 1540; 832, Pu
75; 45, 1500; 900, Pu
73; 45, 1460; 900, Pu
78; 46, 1560; 920, Pu
79; 46, 1580; 920, Pu
78; 42, 1560; 832, Pu
79; 42, 1580; 832, Pu
#spikes
54; 34, 1080; 680, 2
53; 34, 1060; 680, 2
52; 34, 1040; 680, 2
51; 34, 1020; 680, 2| alternate, 1020; 680, 1020; 680, 1020; 693, 0.4, player, 1060; 700; 20; 20
50; 34, 1000; 680, 2| alternate, 1000; 680, 1000; 680, 1000; 693, 0.4, player, 1060; 700; 20; 20
49; 34, 980; 680, 2| alternate, 980; 680, 980; 680, 980; 693, 0.4, player, 1060; 700; 20; 20
48; 34, 960; 680, 2| alternate, 960; 680, 960; 680, 960; 693, 0.4, player, 1060; 700; 20; 20
47; 34, 940; 680, 2| alternate, 940; 680, 940; 680, 940; 693, 0.4, player, 1060; 700; 20; 20
46; 34, 920; 680, 2| alternate, 920; 680, 920; 680, 920; 693, 0.4, player, 1060; 700; 20; 20
45; 34, 900; 680, 2| alternate, 900; 680, 900; 680, 900; 693, 0.4, player, 1060; 700; 20; 20
44; 34, 880; 680, 2| alternate, 880; 680, 880; 680, 880; 693, 0.4, player, 1060; 700; 20; 20
43; 34, 860; 680, 2| alternate, 860; 680, 860; 680, 860; 693, 0.4, player, 1060; 700; 20; 20
42; 34, 840; 680, 2| alternate, 840; 680, 840; 680, 840; 693, 0.4, player, 1060; 700; 20; 20
41; 34, 820; 680, 2| alternate, 820; 680, 820; 680, 820; 693, 0.4, player, 1060; 700; 20; 20
40; 34, 800; 680, 2| alternate, 800; 680, 800; 680, 800; 693, 0.4, player, 1060; 700; 20; 20
39; 34, 780; 680, 2| alternate, 780; 680, 780; 680, 780; 693, 0.4, player, 1060; 700; 20; 20
38; 34, 760; 680, 2| alternate, 760; 680, 760; 680, 760; 693, 0.4, player, 1060; 700; 20; 20
37; 34, 740; 680, 2
35; 33, 700; 660, 2
35; 31, 700; 620, 1
53; 30, 1060; 600, 3| teleport, 1060; 600, 53; 30, 761; 600; 20; 20| move, 4.5, 780; 600, 53; 30, 1079; 600; 20; 20
49; 28, 980; 548, 1| teleport, 980; 543, player, 634; 638; 20; 2
40; 28, 800; 548, 1| teleport, 800; 543, player, 634; 638; 20; 2
46; 28, 920; 548, 1| teleport, 920; 543, player, 634; 638; 20; 2
43; 28, 860; 548, 1| teleport, 860; 543, player, 634; 638; 20; 2
52; 28, 1040; 548, 1| teleport, 1040; 543, player, 634; 638; 20; 2
30; 31, 620; 620, 1| teleport, 720; 640, player, 680; 594; 20; 44
30; 32, 620; 640, 2| teleport, 720; 660, player, 680; 594; 20; 44
59; 30, 1180; 600, 1
57; 29, 1140; 580, 2
58; 29, 1160; 575, 2
61; 30, 1220; 600, 1
60; 30, 1200; 619, 2
62; 29, 1240; 575, 2
63; 29, 1260; 580, 2
65; 30, 1300; 600, 1
67; 30, 1340; 600, 1
67; 27, 1340; 540, 2
66; 27, 1320; 540, 2
65; 27, 1300; 540, 2
64; 28, 1280; 560, 2
68; 28, 1360; 560, 2
66; 30, 1320; 600, 1
69; 29, 1380; 580, 2
71; 28, 1420; 560, 1
70; 30, 1400; 600, 1
70; 26, 1400; 520, 2
72; 31, 1440; 620, 1
73; 31, 1460; 620, 1
74; 30, 1480; 600, 1
72; 26, 1440; 520, 2
74; 32, 1480; 640, 2
73; 33, 1460; 660, 2
72; 33, 1440; 660, 2
73; 26, 1460; 520, 2
74; 27, 1480; 540, 2
75; 28, 1500; 560, 2
75; 34, 1500; 680, 1
74; 37, 1480; 740, 1
71; 32, 1420; 640, 2
70; 33, 1400; 660, 1
71; 37, 1420; 740, 1
71; 34, 1399; 680, 4
71; 35, 1399; 700, 4
71; 36, 1399; 720, 4
67; 34, 1361; 680, 3
67; 35, 1361; 700, 3
67; 33, 1361; 660, 3
67; 32, 1361; 640, 3
69; 37, 1399; 740, 4
69; 38, 1399; 760, 4
68; 38, 1361; 780, 3
66; 38, 1312; 760, 1
64; 38, 1280; 760, 1
62; 38, 1240; 760, 1
63; 38, 1260; 779, 2
67; 38, 1344; 760, 1
67; 40, 1361; 800, 3
67; 41, 1361; 820, 3
67; 42, 1361; 840, 3
67; 43, 1361; 860, 3
67; 44, 1361; 880, 3
71; 41, 1399; 820, 4
71; 40, 1399; 800, 4
71; 39, 1399; 780, 4
67; 45, 1361; 900, 3
67; 46, 1361; 920, 3
71; 47, 1399; 920, 4
70; 47, 1380; 940, 2
69; 42, 1399; 840, 4
71; 43, 1420; 857, 2
69; 43, 1399; 860, 4
72; 43, 1440; 852, 2
74; 43, 1480; 852, 2
76; 43, 1520; 852, 2
77; 43, 1540; 852, 2
70; 44, 1400; 880, 2
73; 44, 1460; 880, 1
75; 44, 1500; 880, 1
75; 43, 1500; 833, 1
73; 43, 1460; 833, 1
74; 45, 1480; 919, 2| alternate, 1480; 919; 2, 1500; 919; 2, 1500; 919; 2, 0.3, 72; 46, 1440; 920; 20; 20
78; 43, 1560; 852, 2
79; 43, 1580; 852, 2
67; 37, 1361; 720, 3