#misc
area, 6
checkpoint, 33; 38
checkpoint, 22; 38
chai, 1146; 609
chai, 866; 829
chai, 586; 549
exit, 530; 830, 507; 940; 64; 2, 2, Area6Select, 6
size, 1280, 940
spawn, 1006, 609, 0
name, 6 - 5
exitP, Exit Level, Area6Select, 106
lock, 3, 420, 840, Pu
index, 69
music, 6
#blocks
48; 31, 960; 620, Pu
49; 31, 980; 620, Pu
50; 31, 1000; 620, Pu
51; 31, 1020; 620, Pu
52; 30, 1040; 600, Pu
52; 28, 1040; 560, Pu
51; 27, 1020; 540, Pu
50; 27, 1000; 540, Pu
49; 27, 980; 540, Pu
48; 27, 960; 540, Pu
53; 31, 1060; 620, Pu
54; 31, 1080; 620, Pu
55; 31, 1100; 620, Pu
56; 31, 1120; 620, Pu
53; 27, 1060; 540, Pu
54; 27, 1080; 540, Pu
55; 27, 1100; 540, Pu
56; 27, 1120; 540, Pu
57; 27, 1140; 540, Pu
57; 31, 1140; 620, Pu
58; 30, 1160; 600, Pu
58; 29, 1160; 580, Pu
58; 28, 1160; 560, Pu
44; 32, 880; 640, Pu
44; 34, 880; 680, Pu
45; 35, 900; 700, Pu
46; 35, 920; 700, Pu
47; 34, 940; 680, Pu
48; 33, 960; 660, Pu
49; 32, 980; 640, Pu
43; 33, 860; 660, Pu
43; 32, 860; 640, Pu
42; 32, 840; 640, Pu
47; 27, 940; 540, Pu
46; 27, 920; 540, Pu
45; 27, 900; 540, Pu
44; 27, 880; 540, Pu
43; 27, 860; 540, Pu
42; 27, 840; 540, Pu
41; 32, 820; 640, Pu
41; 27, 820; 540, Pu
40; 27, 800; 540, Pu
39; 28, 780; 560, Pu
38; 29, 760; 580, Pu
41; 33, 820; 660, Pu
41; 34, 820; 680, Pu
40; 35, 800; 700, Pu
36; 31, 720; 620, Pu
36; 32, 720; 640, Pu
36; 33, 720; 660, Pu
36; 34, 720; 680, Pu
36; 35, 720; 700, Pu
36; 36, 720; 720, Pu
40; 36, 800; 720, Pu
39; 36, 780; 720, Pu
38; 34, 760; 680, Pu
38; 35, 760; 700, Pu
38; 36, 760; 720, Pu
36; 37, 720; 740, Pu
35; 39, 700; 780, Pu
36; 39, 720; 780, Pu
37; 39, 740; 780, Pu
38; 39, 760; 780, Pu
39; 39, 780; 780, Pu
40; 39, 800; 780, Pu
41; 37, 820; 740, Pu
42; 38, 840; 760, Pu
35; 36, 700; 720, Pu
34; 36, 680; 720, Pu
33; 36, 660; 720, Pu
34; 39, 680; 780, Pu
33; 39, 660; 780, Pu
40; 40, 800; 800, Pu
41; 41, 820; 820, Pu
35; 37, 720; 740, Pu| teleport, 720; 760, player, 660; 760; 20; 20
42; 43, 840; 840, Pu
43; 38, 860; 760, Pu
43; 42, 860; 840, Pu
44; 41, 880; 820, Pu
44; 40, 880; 800, Pu
44; 39, 880; 780, Pu
32; 39, 640; 780, Pu
31; 39, 620; 780, Pu
32; 36, 640; 720, Pu
31; 36, 620; 720, Pu
34; 33, 680; 660, Pu
33; 33, 660; 660, Pu
32; 33, 640; 660, Pu
31; 33, 620; 660, Pu
30; 33, 600; 660, Pu
29; 34, 580; 680, Pu
29; 35, 580; 700, Pu
29; 36, 580; 720, Pu
29; 37, 580; 740, Pu
29; 38, 580; 760, Pu
30; 39, 600; 780, Pu
35; 30, 700; 600, Pu
34; 30, 680; 600, Pu
33; 30, 660; 600, Pu
32; 30, 640; 600, Pu
31; 30, 620; 600, Pu
28; 33, 560; 660, Pu
27; 33, 540; 660, Pu
27; 30, 540; 600, Pu
26; 33, 520; 660, Pu
25; 33, 500; 660, Pu
24; 33, 480; 660, Pu
28; 39, 560; 780, Pu
27; 39, 540; 780, Pu
24; 30, 480; 600, Pu
23; 30, 460; 600, Pu
25; 30, 500; 600, Pu
22; 31, 440; 620, Pu
22; 32, 440; 640, Pu
22; 33, 440; 660, Pu
22; 34, 440; 680, Pu
22; 35, 440; 700, Pu
24; 36, 480; 720, Pu
25; 36, 500; 720, Pu
26; 39, 520; 780, Pu
25; 39, 500; 780, Pu
24; 39, 480; 780, Pu
26; 28, 520; 560, Pu
27; 28, 540; 560, Pu
28; 28, 560; 560, Pu
29; 28, 580; 560, Pu
30; 28, 600; 560, Pu
31; 28, 620; 560, Pu
32; 28, 640; 560, Pu
26; 30, 520; 600, Pu
34; 29, 680; 580, Pu
34; 28, 680; 560, Pu
24; 29, 480; 580, Pu
24; 28, 480; 560, Pu
24; 27, 480; 540, Pu
24; 26, 480; 520, Pu
34; 27, 680; 540, Pu
34; 26, 680; 520, Pu
24; 25, 480; 500, Pu
25; 25, 500; 500, Pu
26; 25, 520; 500, Pu
27; 25, 540; 500, Pu
28; 25, 560; 500, Pu
29; 25, 580; 500, Pu
30; 25, 600; 500, Pu
31; 25, 620; 500, Pu
32; 25, 640; 500, Pu
33; 25, 660; 500, Pu
34; 25, 680; 500, Pu
37; 30, 740; 600, Pu
22; 36, 440; 720, Pu
22; 39, 440; 780, Pu
21; 39, 420; 780, Pu
20; 39, 400; 780, Pu
19; 38, 380; 760, Pu
19; 37, 380; 740, Pu
19; 36, 380; 720, Pu
20; 32, 400; 640, Pu
19; 31, 380; 630, Pu
18; 32, 360; 650, Pu
27; 36, 540; 720, Pu
26; 36, 520; 720, Pu
21; 34, 420; 680, Pu
20; 33, 400; 660, Pu
17; 34, 340; 680, Pu
17; 35, 340; 700, Pu
17; 36, 340; 720, Pu
17; 37, 340; 740, Pu
17; 38, 340; 760, Pu
17; 39, 340; 780, Pu
17; 40, 340; 800, Pu
18; 41, 360; 823, Pu
19; 42, 380; 840, Pu
20; 42, 400; 840, Pu
22; 42, 440; 840, Pu
23; 42, 460; 840, Pu
24; 42, 480; 840, Pu
25; 42, 500; 840, Pu
28; 40, 560; 800, Pu
28; 41, 560; 820, Pu
28; 42, 560; 840, Pu
25; 45, 500; 900, Pu
28; 43, 560; 860, Pu
28; 44, 560; 880, Pu
28; 45, 560; 900, Pu
25; 46, 500; 920, Pu
28; 46, 560; 920, Pu
20; 43, 400; 860, Pu
21; 44, 420; 880, Pu
22; 44, 440; 880, Pu
23; 44, 460; 880, Pu
24; 44, 480; 880, Pu
25; 44, 500; 880, Pu
25; 43, 500; 860, Pu| move, 0.5, 500; 840, player, 460; 860; 20; 20
20; 44, 400; 880, Pu
23; 39, 460; 780, Pu
23; 36, 460; 720, Pu
#spikes
54; 30, 1080; 600, 1
56; 30, 1120; 600, 1
53; 28, 1060; 560, 2
57; 28, 1140; 560, 2
55; 28, 1100; 560, 2
55; 30, 1100; 619, 2
54; 28, 1080; 541, 1
56; 28, 1120; 541, 1
46; 29, 920; 580, 4
46; 30, 920; 600, 4
45; 30, 900; 600, 3
45; 29, 900; 580, 3
45; 31, 910; 620, 2
44; 33, 880; 660, 1
45; 34, 900; 680, 1
46; 34, 920; 680, 1
47; 33, 940; 660, 1
48; 32, 960; 640, 1
50; 28, 1000; 560, 2
49; 28, 980; 560, 2
48; 28, 960; 560, 2
47; 28, 940; 560, 2
46; 28, 920; 560, 2
45; 28, 900; 560, 2
44; 28, 880; 560, 2
51; 28, 1020; 560, 2
43; 28, 860; 560, 2
52; 31, 1040; 620, 2
52; 27, 1040; 540, 1
44; 31, 880; 620, 1| move, 1.5, 840; 620, 44; 31, 899; 620; 20; 20| move, 1.5, 880; 620, 44; 31, 830; 620; 20; 20
42; 28, 840; 560, 2
41; 28, 820; 560, 2
41; 31, 820; 620, 1
40; 28, 800; 560, 2
39; 29, 780; 580, 2
38; 30, 760; 600, 2
37; 31, 740; 620, 2
40; 34, 800; 680, 1
38; 33, 760; 660, 1
39; 35, 780; 700, 1
37; 34, 730; 680, 4
37; 35, 730; 700, 4
37; 36, 730; 720, 4
37; 33, 730; 660, 4
37; 32, 730; 640, 4
38; 37, 760; 740, 2
39; 37, 780; 740, 2
40; 37, 800; 740, 2
41; 40, 820; 800, 1
42; 39, 840; 777, 2
42; 42, 840; 839, 2
43; 39, 860; 780, 2
31; 35, 620; 703, 1
30; 38, 600; 760, 1
30; 34, 600; 680, 2
35; 31, 700; 620, 2
34; 32, 680; 643, 1
31; 37, 620; 737, 2
35; 35, 700; 700, 1
34; 34, 680; 677, 2
29; 33, 580; 660, 1
24; 32, 480; 640, 1
24; 34, 480; 680, 2
27; 35, 540; 700, 1
27; 37, 540; 740, 2
28; 34, 560; 677, 2
28; 38, 560; 765, 1
29; 39, 580; 780, 2
23; 31, 460; 617, 2
23; 35, 460; 705, 1
28; 30, 560; 600, 4
30; 30, 600; 600, 3
32; 27, 639; 543, 1
26; 27, 521; 543, 1
30; 27, 601; 543, 1
28; 27, 559; 543, 1
31; 27, 620; 559, 2
27; 27, 540; 559, 2
29; 26, 580; 517, 2
33; 26, 660; 517, 2
25; 26, 500; 517, 2
36; 30, 720; 600, 1
21; 36, 420; 720, 3
20; 38, 400; 760, 1
19; 35, 380; 700, 1
21; 35, 420; 700, 3
18; 33, 360; 670, 2
19; 32, 380; 650, 2
20; 34, 400; 680, 2
19; 39, 380; 780, 2
18; 40, 360; 803, 1
20; 40, 400; 800, 2
21; 40, 420; 800, 2
26; 40, 520; 800, 2
27; 40, 540; 800, 2
25; 40, 500; 800, 2| alternate, 500; 800; 2, 500; 813; 2, 0.3, player, 446; 820; 14; 20
24; 40, 480; 800, 2| alternate, 480; 800; 2, 480; 813; 2, 0.3, player, 446; 820; 14; 20
23; 40, 460; 800, 2| alternate, 460; 800; 2, 460; 813; 2, 0.3, player, 446; 820; 14; 20
22; 40, 440; 800, 2| alternate, 440; 800; 2, 440; 813; 2, 0.3, player, 446; 820; 14; 20
25; 38, 500; 779, 2
24; 38, 480; 779, 2
24; 37, 480; 721, 1
25; 37, 500; 721, 1