#misc
area, 6
checkpoint, 38; 18
checkpoint, 26; 14
checkpoint, 14; 23
chai, 706; 369
chai, 526; 189
chai, 486; 489
exit, 260; 420, 0; 374; 2; 112, 3, Area6Select, 10
size, 1000, 640
spawn, 726, 449, 0
name, 6 - 9
exitP, Exit Level, Area6Select, 110
index, 73
music, 6
#blocks
36; 23, 720; 460, Pu
37; 23, 740; 460, Pu
38; 23, 760; 460, Pu
39; 23, 780; 460, Pu
35; 23, 700; 460, Pu
39; 22, 780; 440, Pu
39; 21, 780; 420, Pu
39; 20, 780; 400, Pu
39; 19, 780; 380, Pu
38; 19, 760; 380, Pu
37; 19, 740; 380, Pu
36; 19, 720; 380, Pu
35; 19, 700; 380, Pu
34; 23, 680; 460, Pu| move, 1.0, 680; 520, 34; 22, 561; 440; 20; 20| move, 1.0, 820; 520, 34; 23, 680; 539; 20; 20| move, 1.0, 820; 380, 34; 23, 839; 520; 20; 20| move, 1.0, 800; 380, 34; 23, 820; 361; 20; 20| front
33; 23, 660; 460, Pu
32; 23, 640; 460, Pu
31; 23, 620; 460, Pu
30; 23, 600; 460, Pu
29; 23, 580; 460, Pu
28; 23, 560; 460, Pu
27; 23, 540; 460, Pu
27; 22, 540; 440, Pu
27; 21, 540; 420, Pu
27; 20, 540; 400, Pu
34; 19, 680; 380, Pu
33; 19, 660; 380, Pu
31; 19, 620; 380, Pu
30; 19, 600; 380, Pu
29; 19, 580; 380, Pu
28; 19, 560; 380, Pu
27; 19, 540; 380, Pu
44; 20, 880; 400, Pu
45; 20, 900; 400, Pu
46; 20, 920; 400, Pu
46; 19, 920; 380, Pu
46; 18, 920; 360, Pu
46; 17, 920; 340, Pu
46; 16, 920; 320, Pu
45; 16, 900; 320, Pu
44; 16, 880; 320, Pu
41; 22, 820; 440, Pu
41; 21, 820; 420, Pu
41; 20, 820; 400, Pu
40; 20, 800; 400, Pu
42; 20, 840; 400, Pu
44; 24, 880; 480, Pu
44; 23, 880; 460, Pu
45; 22, 900; 440, Pu
45; 21, 900; 420, Pu
43; 15, 860; 300, Pu
42; 15, 840; 300, Pu
40; 16, 800; 320, Pu
41; 15, 820; 300, Pu
37; 18, 740; 360, Pu
37; 17, 740; 340, Pu
37; 16, 740; 320, Pu
37; 15, 740; 300, Pu
38; 14, 760; 280, Pu
40; 15, 800; 300, Pu
40; 14, 800; 280, Pu
40; 13, 800; 260, Pu
37; 14, 740; 280, Pu
37; 13, 740; 260, Pu
40; 12, 800; 240, Pu
40; 11, 800; 220, Pu
39; 9, 780; 180, Pu
38; 9, 760; 180, Pu
37; 9, 740; 180, Pu
36; 9, 720; 180, Pu
35; 9, 700; 180, Pu
40; 10, 800; 200, Pu
40; 9, 800; 180, Pu
37; 12, 740; 240, Pu
35; 12, 700; 240, Pu
35; 11, 700; 220, Pu
35; 10, 700; 200, Pu
35; 16, 700; 320, Pu
36; 17, 720; 345, Pu
34; 16, 680; 320, Pu
32; 19, 640; 380, Pu
33; 16, 660; 320, Pu
32; 16, 640; 320, Pu
31; 16, 620; 320, Pu
30; 16, 600; 320, Pu
29; 16, 580; 320, Pu
27; 18, 540; 360, Pu
27; 17, 540; 340, Pu
27; 15, 540; 300, Pu
27; 16, 540; 320, Pu
34; 12, 680; 240, Pu
33; 12, 660; 240, Pu
32; 12, 640; 240, Pu
31; 12, 620; 240, Pu
30; 12, 600; 240, Pu
29; 12, 580; 240, Pu
28; 12, 560; 240, Pu
27; 12, 540; 240, Pu
26; 15, 520; 300, Pu
25; 15, 500; 300, Pu
24; 15, 480; 300, Pu
26; 16, 540; 320, Pu| teleport, 560; 320, player, 520; 280; 20; 20
26; 12, 520; 240, Pu
23; 13, 460; 260, Pu
22; 12, 440; 240, Pu
23; 15, 460; 300, Pu
22; 15, 440; 300, Pu
25; 13, 500; 260, Pu
23; 12, 460; 240, Pu
23; 11, 460; 220, Pu
23; 10, 460; 200, Pu
25; 10, 500; 200, Pu
25; 12, 500; 240, Pu
25; 11, 500; 220, Pu
23; 9, 460; 180, Pu
23; 8, 460; 160, Pu
23; 7, 460; 140, Pu
23; 6, 460; 120, Pu
24; 5, 480; 100, Pu
25; 6, 500; 120, Pu
26; 7, 520; 140, Pu
27; 8, 540; 160, Pu
27; 9, 540; 180, Pu
26; 10, 520; 200, Pu
27; 10, 540; 200, Pu
21; 15, 420; 300, Pu
20; 15, 400; 300, Pu
20; 14, 400; 280, Pu
20; 13, 400; 260, Pu
18; 11, 360; 220, Pu
18; 12, 360; 240, Pu
18; 13, 360; 260, Pu
18; 14, 360; 280, Pu
18; 15, 360; 300, Pu
18; 17, 360; 340, Pu
18; 18, 360; 360, Pu
19; 18, 380; 360, Pu
20; 18, 400; 360, Pu
18; 16, 360; 320, Pu
22; 16, 440; 320, Pu
22; 17, 440; 340, Pu
22; 18, 440; 360, Pu
22; 19, 440; 380, Pu
22; 20, 440; 400, Pu
22; 21, 440; 420, Pu
21; 21, 420; 420, Pu
20; 21, 400; 420, Pu
19; 21, 380; 420, Pu
18; 21, 360; 420, Pu
17; 21, 340; 420, Pu
16; 21, 320; 420, Pu
16; 20, 320; 400, Pu
16; 19, 320; 380, Pu
16; 18, 320; 360, Pu
16; 17, 320; 340, Pu
14; 15, 280; 300, Pu
14; 16, 280; 320, Pu
14; 17, 280; 340, Pu
14; 18, 280; 360, Pu
14; 19, 280; 380, Pu
14; 20, 280; 400, Pu
14; 21, 280; 420, Pu
14; 14, 280; 280, Pu
15; 14, 300; 280, Pu
16; 14, 320; 280, Pu
17; 14, 340; 280, Pu
22; 10, 440; 200, Pu
21; 10, 420; 200, Pu
19; 10, 380; 200, Pu
18; 10, 360; 200, Pu
20; 10, 400; 200, Pu
24; 16, 480; 300, Pu| teleport, 500; 280, player, 520; 180; 20; 20
15; 24, 300; 480, Pu
14; 24, 280; 480, Pu
13; 21, 260; 420, Pu
13; 24, 260; 480, Pu
12; 24, 240; 480, Pu
11; 24, 220; 480, Pu
10; 24, 200; 480, Pu
9; 24, 180; 480, Pu
8; 24, 160; 480, Pu
7; 24, 140; 480, Pu
6; 24, 120; 480, Pu
5; 24, 100; 480, Pu
4; 24, 80; 480, Pu
3; 24, 60; 480, Pu
2; 24, 40; 480, Pu
0; 24, 0; 480, Pu
12; 20, 240; 400, Pu
11; 19, 220; 380, Pu
10; 18, 200; 360, Pu
9; 18, 180; 360, Pu
8; 18, 160; 360, Pu
7; 18, 140; 360, Pu
1; 24, 20; 480, Pu
6; 18, 120; 360, Pu
5; 18, 100; 360, Pu
4; 18, 80; 360, Pu
3; 18, 60; 360, Pu
2; 18, 40; 360, Pu
1; 18, 20; 360, Pu
0; 18, 0; 360, Pu
16; 25, 320; 500, Pu
17; 25, 340; 500, Pu
18; 25, 360; 500, Pu
19; 25, 380; 500, Pu
20; 25, 400; 500, Pu
21; 25, 420; 500, Pu
18; 23, 360; 460, Pu
19; 23, 380; 460, Pu
22; 25, 440; 500, Pu
23; 25, 460; 500, Pu
24; 25, 480; 500, Pu
25; 25, 500; 500, Pu
26; 25, 520; 500, Pu
27; 25, 540; 500, Pu
27; 24, 540; 480, Pu
23; 21, 460; 420, Pu
24; 21, 480; 420, Pu
25; 21, 500; 420, Pu
26; 21, 520; 420, Pu
#spikes
34; 22, 680; 440, 1| move, 3.0, 580; 440, player, 580; 458; 20; 2| teleport, 560; 380; 4, 34; 23, 680; 520; 20; 20
33; 20, 660; 400, 2
32; 22, 640; 440, 1
31; 20, 620; 400, 2
30; 22, 600; 440, 1
29; 20, 580; 400, 2
28; 22, 560; 440, 4
28; 21, 560; 420, 4
28; 20, 560; 400, 4
41; 23, 820; 460, 2
43; 23, 860; 460, 3
43; 24, 860; 480, 3
44; 22, 880; 440, 3
44; 21, 880; 420, 3
45; 19, 900; 380, 1
45; 17, 900; 340, 2
44; 17, 880; 340, 2
40; 19, 800; 380, 1
41; 19, 820; 380, 1
42; 19, 840; 380, 1
40; 21, 800; 420, 2
42; 21, 840; 420, 2
42; 16, 840; 320, 2
43; 16, 860; 320, 2
40; 17, 800; 340, 2
41; 16, 820; 320, 2
38; 20, 760; 400, 3| move, 7.0, 760; 180, player, 766; 278; 8; 2
38; 21, 760; 420, 3
38; 22, 760; 440, 3
39; 16, 780; 320, 3
39; 12, 780; 240, 3
37; 11, 740; 220, 1
36; 16, 720; 325, 1
35; 15, 700; 300, 1
35; 13, 700; 250, 2
30; 17, 600; 340, 2
33; 17, 660; 340, 2
31; 18, 620; 363, 1
32; 18, 640; 363, 1
34; 18, 683; 360, 1
36; 18, 720; 365, 1
28; 18, 560; 360, 1
30; 15, 600; 300, 1
32; 15, 640; 300, 1
34; 13, 680; 260, 2
33; 13, 660; 260, 2| move, 4.0, 660; 300; 1, player, 664; 268; 8; 62
31; 13, 620; 260, 2
24; 13, 495; 260, 3
22; 13, 465; 260, 4
24; 9, 493; 203, 3
24; 10, 462; 203, 4
24; 11, 498; 230, 3
24; 12, 467; 230, 4
26; 8, 520; 160, 2
25; 7, 500; 140, 2
24; 6, 480; 120, 2
26; 13, 520; 260, 2
21; 13, 440; 260, 2
22; 11, 440; 220, 3
21; 14, 420; 283, 1
19; 17, 380; 340, 1
20; 17, 400; 340, 1
21; 20, 420; 400, 1
17; 20, 340; 400, 1
17; 15, 340; 300, 2| teleport, 340; 295, player, 340; 320; 20; 20
16; 15, 320; 300, 2| teleport, 320; 320; 1, player, 340; 320; 20; 20
15; 15, 300; 300, 2| teleport, 300; 295, player, 340; 320; 20; 20
20; 12, 400; 240, 1
19; 11, 380; 215, 2
19; 14, 391; 280, 3
19; 15, 397; 300, 3
19; 13, 397; 260, 3
9; 23, 180; 460, 2
9; 22, 180; 440, 1
9; 21, 180; 420, 2
9; 20, 180; 400, 1
7; 20, 140; 400, 1
7; 21, 140; 420, 2
7; 22, 140; 440, 1
7; 23, 140; 460, 2
5; 21, 100; 420, 2
5; 23, 100; 460, 2
5; 22, 100; 440, 1
5; 20, 100; 400, 1
11; 23, 220; 460, 2
11; 22, 220; 440, 1
3; 20, 60; 400, 1
1; 20, 20; 400, 1
1; 23, 20; 460, 2
3; 23, 60; 460, 2
3; 21, 60; 420, 2
1; 22, 20; 440, 1
3; 22, 60; 440, 1
1; 21, 20; 420, 2
12; 23, 240; 478, 1| move, 6.0, 0; 478, 12; 23, 259; 480; 20; 20| move, 6.0, 240; 478, 12; 23, -19; 480; 20; 20
17; 23, 340; 460, 3
20; 23, 400; 460, 4
18; 22, 360; 440, 1| teleport, 360; 480; 2, player, 403; 480; 14; 20
19; 22, 380; 440, 1| teleport, 380; 480; 2, player, 400; 440; 20; 20
26; 24, 520; 480, 3
26; 23, 520; 460, 3
26; 22, 520; 440, 3
25; 24, 500; 480, 4
23; 24, 460; 480, 3
24; 22, 480; 440, 2
22; 22, 440; 440, 2
21; 24, 420; 490, 1
16; 24, 320; 490, 1