#misc
area, 6
checkpoint, 72; 33
checkpoint, 90; 33
chai, 1146; 729
chai, 1166; 729
chai, 1866; 569
exit, 1910; 630, 2060; 550; 2; 100, 4, Area6Select, 7
size, 2060, 860
spawn, 1166, 669, 1
name, 6 - 6
exitP, Exit Level, Area6Select, 107
lock, 4, 1500, 680, Pu
index, 70
music, 6
#blocks
58; 34, 1160; 680, Pu
59; 34, 1180; 680, Pu
57; 34, 1140; 680, Pu
60; 33, 1200; 660, Pu
56; 34, 1120; 680, Pu
56; 33, 1120; 660, Pu
56; 32, 1120; 640, Pu
56; 31, 1120; 620, Pu
56; 30, 1120; 600, Pu
56; 29, 1120; 580, Pu
60; 34, 1200; 680, Pu
61; 34, 1220; 680, Pu
62; 34, 1240; 680, Pu
63; 34, 1260; 680, Pu
64; 34, 1280; 680, Pu
64; 33, 1280; 660, Pu
62; 31, 1240; 620, Pu
62; 32, 1240; 640, Pu
62; 33, 1240; 660, Pu
66; 30, 1320; 600, Pu
66; 31, 1320; 620, Pu
66; 32, 1320; 640, Pu
66; 33, 1320; 660, Pu
68; 32, 1360; 640, Pu
68; 33, 1360; 660, Pu
70; 33, 1400; 660, Pu
70; 34, 1400; 680, Pu
69; 34, 1380; 680, Pu
68; 34, 1360; 680, Pu
67; 34, 1340; 680, Pu
66; 34, 1320; 680, Pu
65; 34, 1300; 680, Pu
57; 29, 1140; 580, Pu
58; 29, 1160; 580, Pu
59; 29, 1180; 580, Pu
60; 29, 1200; 571, Pu
61; 28, 1220; 551, Pu
62; 27, 1240; 531, Pu
63; 28, 1260; 551, Pu
64; 29, 1280; 571, Pu
65; 27, 1300; 531, Pu
66; 26, 1320; 511, Pu
67; 27, 1340; 531, Pu
68; 28, 1360; 551, Pu
69; 29, 1380; 573, Pu
70; 29, 1400; 571, Pu
64; 28, 1280; 551, Pu
71; 34, 1420; 680, Pu
72; 34, 1440; 680, Pu
73; 34, 1460; 680, Pu
71; 29, 1420; 580, Pu
72; 30, 1440; 600, Pu
73; 30, 1460; 600, Pu
74; 30, 1480; 600, Pu
74; 34, 1480; 680, Pu
75; 30, 1500; 600, Pu
76; 30, 1520; 600, Pu
76; 34, 1520; 680, Pu
77; 30, 1540; 600, Pu
77; 34, 1540; 680, Pu
76; 35, 1520; 700, Pu
76; 36, 1520; 720, Pu
76; 37, 1520; 740, Pu
75; 37, 1500; 740, Pu
74; 37, 1480; 740, Pu
73; 37, 1460; 740, Pu
72; 37, 1440; 740, Pu
71; 37, 1420; 740, Pu
70; 37, 1400; 740, Pu
69; 37, 1380; 740, Pu
68; 37, 1360; 740, Pu
67; 37, 1340; 740, Pu
66; 37, 1320; 740, Pu
65; 37, 1300; 740, Pu
64; 37, 1280; 740, Pu
63; 37, 1260; 740, Pu
62; 37, 1240; 740, Pu
61; 37, 1220; 740, Pu
60; 37, 1200; 740, Pu
59; 37, 1180; 740, Pu
58; 37, 1160; 740, Pu
57; 37, 1140; 740, Pu
56; 37, 1120; 740, Pu
56; 36, 1120; 720, Pu
56; 35, 1120; 700, Pu
78; 34, 1560; 680, Pu
79; 33, 1580; 660, Pu
80; 34, 1600; 680, Pu
78; 29, 1560; 580, Pu
81; 30, 1620; 600, Pu
80; 29, 1600; 580, Pu
79; 28, 1580; 560, Pu
83; 33, 1660; 660, Pu
82; 34, 1640; 680, Pu
81; 34, 1620; 680, Pu
83; 28, 1660; 560, Pu
82; 29, 1640; 580, Pu
84; 29, 1680; 580, Pu
85; 30, 1700; 600, Pu
83; 34, 1660; 680, Pu
79; 34, 1580; 680, Pu
84; 34, 1680; 680, Pu
85; 34, 1700; 680, Pu
86; 34, 1720; 680, Pu
86; 30, 1720; 600, Pu
87; 34, 1740; 680, Pu
87; 30, 1740; 600, Pu
88; 30, 1760; 600, Pu
88; 33, 1760; 660, Pu
88; 34, 1760; 680, Pu
89; 34, 1780; 680, Pu
90; 34, 1800; 680, Pu
89; 29, 1780; 580, Pu
90; 29, 1800; 580, Pu
91; 29, 1820; 580, Pu
92; 29, 1840; 580, Pu
92; 34, 1840; 680, Pu
91; 34, 1820; 680, Pu
92; 33, 1830; 660, Pu
93; 34, 1860; 680, Pu
94; 34, 1880; 680, Pu
95; 34, 1900; 680, Pu
96; 34, 1920; 680, Pu
93; 29, 1860; 580, Pu
94; 29, 1880; 580, Pu
97; 29, 1940; 580, Pu
98; 29, 1960; 580, Pu
97; 34, 1940; 680, Pu
98; 34, 1960; 680, Pu
99; 34, 1980; 680, Pu
95; 29, 1910; 580, Pu
94; 26, 1880; 520, Pu
95; 26, 1900; 520, Pu
96; 26, 1920; 520, Pu
97; 26, 1940; 520, Pu
99; 33, 1980; 660, Pu
99; 29, 1980; 580, Pu
97; 28, 1940; 560, Pu
97; 27, 1940; 540, Pu
92; 28, 1840; 560, Pu
92; 27, 1840; 540, Pu
92; 26, 1840; 520, Pu
93; 26, 1860; 520, Pu
100; 33, 2000; 660, Pu
101; 33, 2020; 660, Pu
102; 32, 2040; 640, Pu
100; 28, 2000; 560, Pu
101; 28, 2020; 560, Pu
102; 27, 2040; 540, Pu
#spikes
60; 32, 1200; 640, 1
62; 30, 1240; 600, 1
64; 32, 1280; 640, 1
66; 29, 1320; 580, 1
68; 31, 1360; 620, 1
70; 32, 1400; 640, 1
60; 30, 1200; 591, 2
62; 28, 1240; 551, 2
64; 30, 1280; 591, 2
66; 27, 1320; 531, 2
68; 29, 1360; 571, 2
70; 30, 1400; 591, 2
57; 30, 1140; 600, 2
58; 30, 1160; 600, 2
59; 30, 1180; 600, 2
61; 29, 1220; 571, 2
63; 29, 1260; 571, 2
65; 28, 1300; 551, 2
67; 28, 1340; 551, 2
69; 30, 1380; 593, 2| move, 2.5, 1380; 680, player, 1380; 650; 20; 20
71; 30, 1420; 600, 2
75; 36, 1500; 720, 1
74; 35, 1480; 700, 2
73; 36, 1470; 738, 1| move, 7.0, 1190; 738, 73; 36, 1489; 740; 20; 20| move, 7.0, 1470; 738, 73; 36, 1192; 740; 20; 20| teleport, 1320; 638, player, 1160; 720; 20; 20
73; 35, 1460; 681, 1
72; 35, 1440; 681, 1
71; 35, 1420; 681, 1
70; 35, 1400; 681, 1
69; 35, 1380; 681, 1
68; 35, 1360; 681, 1
67; 35, 1340; 681, 1
66; 35, 1320; 681, 1
65; 35, 1300; 681, 1
64; 35, 1280; 681, 1
63; 35, 1260; 681, 1
62; 35, 1240; 681, 1
61; 35, 1220; 681, 1
60; 35, 1200; 681, 1
59; 35, 1180; 681, 1
58; 35, 1160; 681, 1
57; 35, 1140; 681, 1
72; 31, 1440; 620, 2
73; 31, 1460; 620, 2
74; 31, 1480; 620, 2
75; 31, 1500; 620, 2
76; 31, 1520; 620, 2
77; 31, 1540; 620, 2
78; 33, 1560; 660, 3
79; 32, 1580; 640, 1
78; 30, 1560; 600, 2
79; 29, 1580; 580, 2
80; 30, 1600; 600, 2
81; 31, 1620; 620, 2
82; 33, 1640; 660, 3
83; 32, 1660; 640, 1
82; 30, 1640; 600, 2
83; 29, 1660; 580, 2
84; 30, 1680; 600, 2
81; 33, 1595; 678, 1| move, 2.0, 1645; 678, 81; 33, 1576; 680; 20; 20| move, 2.0, 1595; 678, 81; 33, 1664; 680; 20; 20
80; 33, 1600; 660, 4
85; 31, 1700; 620, 2
84; 33, 1680; 660, 4| teleport, 1700; 679; 2, player, 1679; 654; 44; 2
86; 31, 1720; 620, 2
87; 31, 1740; 620, 2
89; 30, 1780; 600, 2
90; 30, 1800; 600, 2
91; 30, 1820; 600, 2
92; 30, 1840; 600, 2
92; 32, 1830; 645, 1
93; 33, 1862; 660, 4
93; 30, 1860; 600, 2
94; 30, 1880; 600, 2
95; 33, 1900; 660, 3
97; 33, 1932; 660, 4
97; 30, 1940; 600, 2
98; 30, 1960; 600, 2
95; 30, 1910; 600, 2
96; 28, 1925; 560, 1| teleport, 1900; 560, player, 1889; 587; 56; 2
98; 33, 1963; 660, 3
99; 30, 1980; 600, 2
88; 32, 1760; 640, 1
100; 32, 2000; 640, 1
100; 29, 2000; 580, 2
101; 29, 2020; 580, 2
102; 31, 2040; 620, 1
101; 32, 2020; 640, 1
102; 28, 2040; 560, 2