#misc
area, 6
checkpoint, 35; 13
checkpoint, 54; 13
checkpoint, 43; 13
chai, 526; 229
chai, 486; 229
chai, 1286; 29
exit, 1210; 90, 1186; 0; 64; 2, 1, Area6Select, 9
size, 2400, 500
spawn, 706, 389, 1
name, 6 - 8
exitP, Exit Level, Area6Select, 109
lock, 5, 500, 220, Pu
index, 72
music, 6
#blocks
35; 20, 700; 400, Pu
36; 20, 720; 400, Pu
34; 20, 680; 400, Pu
33; 20, 660; 400, Pu
33; 16, 660; 320, Pu| move, 0.5, 660; 400, player, 840; 380; 20; 20
34; 16, 680; 320, Pu
35; 16, 700; 320, Pu
36; 16, 720; 320, Pu
37; 16, 740; 320, Pu
37; 20, 740; 400, Pu
38; 20, 760; 400, Pu
38; 16, 760; 320, Pu
39; 16, 780; 320, Pu
39; 20, 780; 400, Pu
40; 20, 800; 400, Pu
40; 16, 800; 320, Pu
41; 16, 820; 320, Pu
42; 16, 840; 320, Pu
43; 16, 860; 320, Pu
43; 17, 860; 340, Pu
43; 18, 860; 360, Pu
43; 19, 860; 380, Pu
43; 20, 860; 400, Pu
41; 20, 820; 400, Pu
42; 20, 840; 400, B
33; 19, 660; 380, B| move, 0.5, 660; 400, player, 840; 380; 20; 20
33; 18, 660; 360, B| move, 0.5, 660; 400, player, 840; 380; 20; 20
33; 17, 660; 340, B| move, 0.5, 660; 400, player, 840; 380; 20; 20
32; 20, 640; 400, Pu
32; 19, 640; 380, Pu
32; 18, 640; 360, Pu
32; 17, 640; 340, Pu
32; 16, 640; 320, Pu
32; 15, 640; 300, Pu
34; 15, 680; 300, Pu
34; 14, 680; 280, Pu
35; 14, 700; 280, Pu
36; 14, 720; 280, Pu
37; 14, 740; 280, Pu
32; 14, 640; 280, Pu
34; 11, 680; 220, Pu
35; 11, 700; 220, Pu
36; 11, 720; 220, Pu
37; 11, 740; 220, Pu
38; 14, 760; 280, Pu
39; 14, 780; 280, Pu
40; 14, 800; 280, Pu
41; 14, 820; 280, Pu
42; 14, 840; 280, Pu
43; 14, 860; 280, Pu
43; 15, 860; 300, Pu
38; 11, 760; 220, Pu
43; 11, 860; 220, Pu
42; 11, 840; 220, Pu
41; 11, 820; 220, Pu
40; 11, 800; 220, Pu
39; 11, 780; 220, Pu
33; 15, 660; 300, Pu| move, 0.5, 640; 300, player, 840; 380; 20; 20
33; 14, 660; 280, Pu| move, 0.5, 640; 280, player, 840; 380; 20; 20
33; 13, 660; 260, Pu| move, 0.5, 640; 260, player, 840; 380; 20; 20
31; 12, 660; 240, Pu| move, 0.5, 640; 240, player, 840; 380; 20; 20| teleport, 640; 260, 31; 12, 621; 240; 20; 20
31; 14, 620; 280, Pu
30; 14, 600; 280, Pu
29; 14, 580; 280, Pu
30; 11, 600; 220, Pu
29; 11, 580; 220, Pu
28; 11, 560; 220, Pu
32; 13, 640; 260, Pu
32; 12, 640; 240, Pu
34; 10, 680; 200, Pu
30; 10, 600; 200, Pu
31; 10, 620; 200, Pu
32; 10, 640; 200, Pu
33; 10, 660; 200, Pu
28; 14, 560; 280, Pu
27; 14, 540; 280, Pu
26; 14, 520; 280, Pu
28; 10, 560; 200, Pu
26; 13, 520; 260, Pu
26; 12, 520; 240, Pu
27; 10, 540; 200, Pu
26; 10, 520; 200, Pu
25; 10, 500; 200, Pu
24; 10, 480; 200, Pu
24; 12, 480; 240, Pu
25; 12, 500; 240, Pu
23; 12, 460; 240, Pu
23; 11, 460; 220, Pu
23; 10, 460; 200, Pu
44; 14, 880; 280, Pu
45; 14, 900; 280, Pu
46; 12, 920; 240, Pu
46; 11, 920; 220, Pu
46; 13, 920; 260, Pu
44; 10, 880; 200, Pu
44; 9, 880; 180, Pu
45; 7, 900; 150, Pu
46; 6, 920; 130, Pu
47; 7, 940; 150, Pu
48; 9, 960; 180, Pu
48; 10, 960; 200, Pu
47; 14, 940; 280, Pu
48; 14, 960; 280, Pu
49; 14, 980; 280, Pu
46; 14, 920; 280, Pu
50; 14, 1000; 280, Pu
50; 13, 1000; 260, Pu
50; 12, 1000; 240, Pu
50; 11, 1000; 220, Pu
49; 8, 980; 150, Pu
50; 7, 1000; 130, Pu
51; 8, 1020; 150, Pu
52; 9, 1040; 180, Pu
52; 10, 1040; 200, Pu
51; 14, 1020; 280, Pu
52; 14, 1040; 280, Pu
53; 14, 1060; 280, Pu
54; 14, 1080; 280, Pu
53; 10, 1060; 200, Pu
54; 10, 1080; 200, Pu
55; 14, 1100; 280, Pu
55; 10, 1100; 200, Pu
56; 14, 1120; 280, Pu
57; 10, 1140; 200, Pu
57; 14, 1140; 280, Pu
57; 13, 1140; 260, Pu
57; 12, 1140; 240, Pu
57; 11, 1140; 220, Pu
55; 9, 1100; 180, Pu
55; 8, 1100; 160, Pu
55; 7, 1100; 140, Pu
56; 7, 1120; 140, Pu
58; 7, 1160; 140, Pu
59; 7, 1180; 140, Pu
57; 7, 1140; 140, Pu
58; 10, 1160; 200, Pu
59; 10, 1180; 200, Pu
60; 10, 1200; 200, Pu
61; 10, 1220; 200, Pu
62; 10, 1240; 200, Pu
63; 10, 1260; 200, Pu
64; 10, 1280; 200, Pu
59; 6, 1180; 120, Pu
62; 7, 1240; 140, Pu
62; 5, 1240; 100, Pu
59; 5, 1180; 100, Pu
59; 3, 1180; 60, Pu
59; 2, 1180; 40, Pu
59; 1, 1180; 20, Pu
59; 0, 1180; 0, Pu
62; 4, 1240; 80, Pu
62; 3, 1240; 60, Pu
62; 2, 1240; 40, Pu
62; 1, 1240; 20, Pu
62; 0, 1240; 0, Pu
63; 6, 1260; 120, Pu
58; 4, 1160; 80, Pu
64; 7, 1280; 140, Pu
64; 5, 1280; 100, Pu
65; 10, 1300; 200, Pu
66; 10, 1320; 200, Pu
66; 9, 1320; 180, Pu
66; 8, 1320; 160, Pu
66; 7, 1320; 140, Pu
66; 6, 1320; 120, Pu
66; 5, 1320; 100, Pu
64; 2, 1280; 40, Pu
66; 4, 1320; 80, Pu
66; 3, 1320; 60, Pu
66; 2, 1320; 40, Pu
66; 0, 1320; 0, Pu
66; 1, 1320; 20, Pu
117; 7, 2340; 140, Pu
117; 6, 2340; 120, Pu
117; 5, 2340; 100, Pu
117; 4, 2340; 80, Pu
118; 4, 2360; 80, Pu
119; 7, 2380; 140, Pu
119; 6, 2380; 120, Pu
119; 5, 2380; 100, Pu
119; 4, 2380; 80, Pu
117; 8, 2340; 160, Pu
117; 9, 2340; 180, Pu
118; 9, 2360; 180, Pu
119; 9, 2380; 180, Pu
119; 8, 2380; 160, Pu
118; 8, 2360; 160, B
118; 5, 2360; 100, R| move, 1.0, 2360; 160, 63; 2, 1300; 40; 20; 20
#spikes
38; 17, 760; 340, 2
40; 17, 800; 340, 2
41; 19, 820; 380, 1
39; 19, 780; 380, 1
40; 19, 800; 399, 2
42; 17, 840; 340, 2
39; 17, 780; 321, 1
41; 17, 820; 321, 1
33; 21, 660; 400, 1| move, 3.0, 660; 380, 33; 16, 660; 419; 20; 20
34; 21, 680; 400, 1| move, 3.0, 680; 380, 33; 16, 660; 419; 20; 20
35; 21, 700; 400, 1| move, 3.0, 700; 380, 33; 16, 660; 419; 20; 20
41; 21, 820; 400, 1| move, 3.0, 820; 380, 33; 16, 660; 419; 20; 20
40; 21, 800; 400, 1| move, 3.0, 800; 380, 33; 16, 660; 419; 20; 20
39; 21, 780; 400, 1| move, 3.0, 780; 380, 33; 16, 660; 419; 20; 20
38; 21, 760; 400, 1| move, 3.0, 760; 380, 33; 16, 660; 419; 20; 20
37; 21, 740; 400, 1| move, 3.0, 740; 380, 33; 16, 660; 419; 20; 20
36; 21, 720; 400, 1| move, 3.0, 720; 380, 33; 16, 660; 419; 20; 20
42; 21, 840; 400, 1| move, 3.0, 840; 380, 33; 16, 660; 419; 20; 20
37; 19, 740; 380, 1
35; 15, 700; 300, 1| move, 1.0, 700; 267, 37; 15, 740; 248; 20; 20
36; 15, 720; 300, 1| move, 1.0, 720; 267, 35; 15, 700; 248; 20; 20
37; 15, 740; 300, 1| move, 2.0, 740; 267, player, 703; 260; 14; 20
38; 15, 760; 300, 1| move, 1.0, 760; 267, 36; 15, 720; 248; 20; 20
39; 15, 780; 300, 1| move, 2.0, 780; 267, player, 703; 260; 14; 20
40; 15, 800; 300, 1| move, 1.0, 800; 267, 38; 15, 760; 248; 20; 20
41; 15, 820; 300, 1| move, 2.0, 820; 269, player, 703; 260; 14; 20
42; 15, 840; 300, 1| move, 2.0, 840; 269, player, 703; 260; 14; 20
34; 12, 680; 221, 1
35; 12, 700; 221, 1
36; 12, 720; 221, 1
37; 12, 740; 221, 1
38; 12, 760; 221, 1
39; 12, 780; 221, 1
40; 12, 800; 221, 1
41; 12, 820; 221, 1
42; 12, 840; 221, 1
43; 12, 860; 221, 1
31; 13, 620; 260, 1
30; 13, 600; 260, 1
28; 13, 560; 260, 1
27; 13, 540; 260, 1
36; 17, 720; 335, 2
35; 17, 700; 337, 2
34; 17, 680; 340, 2
29; 13, 580; 260, 1| alternate, 580; 260; 1, 600; 260; 1, 0.8, 29; 14, 580; 280; 20; 20
46; 10, 920; 200, 1
45; 13, 900; 260, 1
44; 11, 880; 220, 2
45; 8, 900; 170, 2
47; 8, 940; 170, 2
46; 7, 920; 150, 2
48; 11, 960; 220, 2
47; 13, 940; 260, 1
49; 13, 980; 260, 1
50; 10, 1000; 200, 1
49; 9, 980; 170, 2
50; 8, 1000; 150, 2
51; 9, 1020; 170, 2
51; 13, 1020; 260, 1| teleport, 1040; 260, player, 1040; 277; 20; 2| teleport, 1040; 260, player, 1020; 257; 20; 2
52; 11, 1040; 220, 2| teleport, 1040; 210, player, 1020; 256; 20; 2
53; 11, 1060; 220, 2
54; 11, 1080; 220, 2
55; 11, 1100; 220, 2
56; 13, 1120; 260, 1
57; 9, 1140; 187, 1
57; 8, 1140; 141, 1
58; 8, 1160; 141, 1
59; 8, 1180; 141, 1
56; 8, 1120; 160, 2
60; 7, 1210; 140, 2
60; 6, 1210; 120, 1
60; 3, 1210; 60, 2
60; 2, 1210; 40, 1
60; 9, 1200; 180, 1
61; 9, 1220; 180, 1| teleport, 1220; 200, player, 1260; 180; 20; 20
59; 4, 1180; 80, 1| teleport, 1160; 80, player, 1240; 120; 20; 20
63; 7, 1260; 140, 2
63; 5, 1260; 100, 1
64; 6, 1280; 120, 1
64; 9, 1280; 180, 1
63; 2, 1260; 40, 3| teleport, 1300; 40; 4, player, 1300; 49; 20; 8| teleport, 1300; 40; 4, player, 1260; 59; 20; 2| teleport, 1260; 40, player, 1300; 43; 20; 2
64; 3, 1280; 60, 2
118; 3, 2360; 60, 1| teleport, 1260; 40; 3, 118; 5, 2360; 178; 20; 20
62; 9, 1240; 180, 1
37; 17, 740; 333, 2