#misc
area, 6
checkpoint, 40; 27
checkpoint, 50; 37
chai, 986; 429
chai, 966; 429
chai, 846; 869
exit, 940; 720, 1320; 686; 2; 88, 4, Area6Select, 2
size, 1320, 1000
spawn, 806, 449, 0
name, 6 - 1
exitP, Exit Level, Area6Select, 102
index, 65
music, 6
#blocks
40; 23, 800; 460, Pu
41; 23, 820; 460, Pu
42; 22, 840; 440, Pu
42; 20, 840; 400, Pu
42; 19, 840; 380, Pu
42; 23, 840; 460, Pu
38; 21, 760; 420, Pu
41; 18, 820; 360, Pu
40; 18, 800; 360, Pu
39; 18, 780; 355, Pu
38; 17, 760; 335, Pu
38; 22, 760; 440, Pu
39; 23, 780; 460, Pu
38; 23, 760; 460, Pu
35; 20, 700; 400, Pu
35; 21, 700; 420, Pu
35; 22, 700; 440, Pu
35; 23, 700; 460, Pu
35; 24, 700; 480, Pu
35; 25, 700; 500, Pu
38; 26, 760; 520, Pu
35; 26, 700; 520, Pu
35; 27, 700; 540, Pu
36; 28, 720; 560, Pu
37; 28, 740; 560, Pu
38; 27, 760; 540, Pu
35; 19, 700; 380, Pu
36; 18, 720; 358, Pu
37; 17, 740; 335, Pu
38; 28, 760; 560, Pu
39; 28, 780; 560, Pu
40; 28, 800; 560, Pu
41; 28, 820; 560, Pu
42; 28, 840; 560, Pu
43; 22, 860; 440, Pu
44; 22, 880; 440, Pu
46; 22, 920; 440, Pu
47; 22, 940; 440, Pu
42; 18, 840; 360, Pu
43; 18, 860; 360, Pu
44; 18, 880; 360, Pu
45; 18, 900; 360, Pu
46; 18, 920; 360, Pu
47; 18, 940; 360, Pu
45; 23, 900; 440, Pu
48; 22, 960; 440, Pu
49; 22, 980; 440, Pu
48; 18, 960; 360, Pu
49; 18, 980; 360, Pu
50; 21, 1000; 420, Pu
50; 20, 1000; 400, Pu
50; 19, 1000; 380, Pu
50; 18, 1000; 360, Pu
50; 22, 1000; 440, Pu
43; 28, 860; 560, Pu
44; 28, 880; 560, Pu
45; 28, 900; 560, Pu
43; 24, 860; 480, Pu
44; 24, 880; 480, Pu
45; 25, 900; 500, Pu
46; 28, 920; 560, Pu
46; 25, 920; 500, Pu
47; 25, 940; 500, Pu
48; 25, 960; 500, Pu
48; 26, 960; 520, Pu
48; 27, 960; 540, Pu
48; 28, 960; 560, Pu
46; 29, 920; 580, Pu
46; 30, 920; 600, Pu
48; 29, 960; 580, Pu
48; 30, 960; 600, Pu
48; 31, 960; 620, Pu
46; 31, 920; 620, Pu
46; 32, 920; 640, Pu
48; 32, 960; 640, Pu
46; 33, 920; 660, Pu
48; 33, 960; 660, Pu
45; 34, 900; 680, Pu
49; 34, 980; 680, Pu
45; 38, 900; 760, Pu
47; 38, 940; 760, Pu
48; 38, 960; 760, Pu
49; 38, 980; 760, Pu
50; 38, 1000; 760, Pu
51; 38, 1020; 760, Pu
52; 38, 1040; 760, Pu
53; 38, 1060; 760, Pu
46; 38, 920; 760, Pu
50; 34, 1000; 680, Pu
51; 34, 1020; 680, Pu
52; 34, 1040; 680, Pu
43; 36, 860; 720, Pu
43; 37, 860; 740, Pu
43; 38, 860; 760, Pu
45; 39, 900; 780, Pu
45; 40, 900; 800, Pu
45; 41, 900; 820, Pu
45; 42, 900; 840, Pu
45; 43, 900; 860, Pu
43; 43, 860; 860, Pu
43; 42, 860; 840, Pu
44; 44, 880; 880, Pu
45; 44, 900; 880, Pu
42; 38, 840; 760, Pu
41; 38, 820; 760, Pu
41; 39, 820; 780, Pu
41; 40, 820; 800, Pu
41; 41, 820; 820, Pu
41; 42, 820; 840, Pu
41; 43, 820; 860, Pu
41; 44, 820; 880, Pu
42; 44, 840; 880, Pu
43; 44, 860; 880, Pu
44; 35, 880; 700, Pu
42; 37, 840; 760, Pu| teleport, 880; 760, player, 1000; 740; 20; 20
54; 38, 1080; 760, Pu
56; 38, 1120; 760, Pu
55; 38, 1100; 760, Pu
57; 38, 1140; 760, Pu
59; 38, 1180; 760, Pu
60; 38, 1200; 760, Pu
61; 38, 1220; 760, Pu
62; 38, 1240; 760, Pu
63; 38, 1260; 760, Pu
64; 38, 1280; 760, Pu
65; 38, 1300; 760, Pu
65; 34, 1300; 680, Pu
63; 32, 1260; 640, Pu
53; 33, 1060; 660, Pu
62; 33, 1240; 660, Pu
61; 33, 1220; 660, Pu
55; 33, 1100; 660, Pu
60; 32, 1200; 640, Pu
59; 33, 1180; 660, Pu
54; 32, 1080; 640, Pu
58; 33, 1160; 660, Pu
57; 32, 1140; 640, Pu
56; 33, 1120; 660, Pu
64; 33, 1280; 660, Pu
58; 38, 1160; 760, Pu
#spikes
38; 20, 760; 400, 1
41; 19, 820; 380, 2
40; 19, 800; 380, 2
39; 19, 780; 375, 2
38; 18, 760; 355, 2
40; 24, 800; 480, 2
41; 24, 820; 480, 2
42; 24, 840; 480, 2
38; 25, 760; 500, 1
39; 24, 780; 473, 2
37; 27, 740; 540, 1
36; 27, 720; 540, 1
37; 25, 740; 500, 2| move, 3.0, 740; 420, 37; 25, 740; 519; 20; 20| move, 3.0, 740; 500, 37; 24, 740; 381; 20; 20
37; 24, 740; 480, 1| move, 3.0, 740; 400, 37; 25, 740; 519; 20; 20| move, 3.0, 740; 480, 37; 24, 740; 381; 20; 20
37; 18, 740; 355, 2
36; 19, 720; 378, 2
44; 21, 880; 420, 1| move, 1.0, 860; 420, 44; 21, 899; 420; 20; 20| move, 1.0, 880; 420, 44; 21, 841; 420; 20; 20| teleport, 820; 360, player, 971; 377; 20; 68
43; 19, 860; 380, 2
45; 19, 900; 380, 2
47; 19, 940; 380, 2
46; 21, 920; 420, 1| move, 1.0, 940; 420, 46; 21, 901; 420; 20; 20| move, 1.0, 920; 420, 46; 21, 959; 420; 20; 20| teleport, 860; 360, player, 971; 377; 20; 68
45; 22, 900; 440, 1| move, 1.0, 900; 420, 45; 22, 900; 459; 20; 20| move, 1.0, 900; 440, 45; 22, 900; 401; 20; 20
43; 25, 860; 500, 2
44; 25, 880; 500, 2
45; 27, 900; 540, 1
46; 27, 920; 540, 1
47; 30, 950; 580, 3
42; 27, 840; 540, 1| move, 1.0, 860; 540, 42; 27, 821; 540; 20; 20| move, 1.0, 840; 540, 42; 27, 879; 540; 20; 20
47; 31, 921; 635, 3
47; 32, 959; 635, 4
47; 26, 940; 515, 2| alternate, 940; 515; 2, 940; 560; 4, 0.6, player, 880; 540; 20; 20
46; 34, 920; 680, 2
48; 34, 960; 680, 2
43; 39, 860; 773, 2
44; 43, 880; 860, 1
43; 41, 860; 820, 1| alternate, 860; 820; 1, 840; 840; 3, 0.4, player, 840; 860; 20; 20
44; 36, 880; 720, 2
45; 35, 900; 700, 2
42; 39, 840; 773, 2
49; 35, 980; 700, 2
50; 35, 1000; 700, 2
51; 35, 1020; 700, 2
52; 35, 1040; 700, 2
54; 36, 1080; 720, 1| move, .5, 1100; 720, 54; 37, 1061; 740; 20; 20| move, .5, 1080; 720, 54; 37, 1119; 740; 20; 20
54; 37, 1080; 740, 2| move, .5, 1100; 740, 54; 37, 1061; 740; 20; 20| move, .5, 1080; 740, 54; 37, 1119; 740; 20; 20
57; 36, 1140; 720, 1| move, .5, 1120; 720, 57; 37, 1159; 740; 20; 20| move, .5, 1140; 720, 57; 37, 1101; 740; 20; 20
57; 37, 1140; 740, 2| move, .5, 1120; 740, 57; 37, 1159; 740; 20; 20| move, .5, 1140; 740, 57; 37, 1101; 740; 20; 20
60; 36, 1200; 720, 1| move, .5, 1220; 720, 54; 37, 1061; 740; 20; 20| move, .5, 1200; 720, 54; 37, 1119; 740; 20; 20
60; 37, 1200; 740, 2| move, .5, 1220; 740, 54; 37, 1061; 740; 20; 20| move, .5, 1200; 740, 54; 37, 1119; 740; 20; 20
63; 36, 1260; 720, 1| move, .5, 1240; 720, 57; 37, 1159; 740; 20; 20| move, .5, 1260; 720, 57; 37, 1101; 740; 20; 20
63; 37, 1260; 740, 2| move, .5, 1240; 740, 57; 37, 1159; 740; 20; 20| move, .5, 1260; 740, 57; 37, 1101; 740; 20; 20
55; 34, 1100; 680, 2
56; 34, 1120; 680, 2
54; 33, 1080; 660, 2
57; 33, 1140; 660, 2
58; 34, 1160; 680, 2
59; 34, 1180; 680, 2
60; 33, 1200; 660, 2
61; 34, 1220; 680, 2
62; 34, 1240; 680, 2
63; 33, 1260; 660, 2
53; 34, 1060; 680, 2
64; 34, 1280; 680, 2
65; 35, 1300; 700, 2
58; 37, 1170; 740, 1
47; 33, 959; 658, 4
47; 34, 921; 658, 3