#misc
area, 6
checkpoint, 59; 23
checkpoint, 79; 23
chai, 1606; 389
chai, 1586; 389
chai, 2006; 429
exit, 1860; 440, 2080; 409; 2; 82, 4, Area6Select, 4
size, 2080, 860
spawn, 1086, 729, 0
name, 6 - 3
exitP, Exit Level, Area6Select, 104
lock, 2, 1620, 400, Pu
index, 67
music, 6
#blocks
52; 37, 1040; 740, Pu
53; 37, 1060; 740, Pu
54; 37, 1080; 740, Pu
55; 37, 1100; 740, Pu
56; 37, 1120; 740, Pu
56; 36, 1120; 720, Pu
56; 35, 1120; 700, Pu
52; 36, 1040; 720, Pu
52; 35, 1040; 700, Pu
56; 34, 1120; 680, Pu
52; 34, 1040; 680, Pu
51; 33, 1020; 660, Pu
51; 32, 1020; 640, Pu
57; 33, 1140; 660, Pu
57; 32, 1140; 640, Pu
58; 31, 1160; 620, Pu
58; 30, 1160; 600, Pu
58; 29, 1160; 580, Pu
58; 28, 1160; 560, Pu
50; 31, 1000; 620, Pu
50; 30, 1000; 600, Pu
50; 29, 1000; 580, Pu
50; 28, 1000; 560, Pu
54; 28, 1080; 560, Pu
58; 27, 1160; 540, Pu
58; 26, 1160; 520, Pu
58; 25, 1160; 500, Pu
50; 27, 1000; 540, Pu
50; 26, 1000; 520, Pu
54; 24, 1080; 480, Pu
50; 25, 1000; 500, Pu
57; 24, 1140; 480, Pu
51; 24, 1020; 480, Pu
51; 23, 1020; 460, Pu
51; 22, 1020; 440, Pu
53; 20, 1060; 400, Pu
54; 20, 1080; 400, Pu
55; 20, 1100; 400, Pu
56; 20, 1120; 400, Pu
57; 20, 1140; 400, Pu
58; 20, 1160; 400, Pu
58; 24, 1160; 480, Pu
59; 24, 1180; 480, Pu
60; 24, 1200; 480, Pu
61; 24, 1220; 480, Pu
59; 20, 1180; 400, Pu
60; 20, 1200; 400, Pu
61; 20, 1220; 400, Pu
52; 21, 1040; 420, Pu
63; 24, 1260; 480, Pu
64; 24, 1280; 480, Pu
62; 20, 1240; 400, Pu
63; 20, 1260; 400, Pu
62; 24, 1240; 480, Pu
65; 24, 1300; 480, Pu
66; 24, 1320; 480, Pu
67; 24, 1340; 480, Pu
68; 24, 1360; 480, Pu
69; 24, 1380; 480, Pu
70; 24, 1400; 480, Pu
71; 24, 1420; 480, Pu
72; 24, 1440; 480, Pu
73; 24, 1460; 480, Pu
73; 20, 1460; 400, Pu
72; 20, 1440; 400, Pu
71; 20, 1420; 400, Pu
70; 20, 1400; 400, Pu
69; 20, 1380; 400, Pu
68; 20, 1360; 400, Pu
67; 20, 1340; 400, Pu
66; 20, 1320; 400, Pu
65; 20, 1300; 400, Pu
75; 24, 1500; 480, Pu
74; 24, 1480; 480, Pu
74; 20, 1480; 400, Pu
76; 20, 1520; 400, Pu
74; 19, 1480; 380, Pu
74; 18, 1480; 360, Pu
75; 17, 1500; 340, Pu
76; 17, 1520; 340, Pu
77; 17, 1540; 340, Pu
78; 18, 1560; 360, Pu
78; 19, 1560; 380, Pu
78; 20, 1560; 400, Pu
64; 20, 1280; 400, Pu
77; 24, 1540; 480, Pu
78; 24, 1560; 480, Pu
79; 24, 1580; 480, Pu
80; 24, 1600; 480, Pu
79; 20, 1580; 400, Pu
80; 20, 1600; 400, Pu
76; 24, 1520; 480, Pu
81; 24, 1620; 480, Pu
82; 24, 1640; 480, Pu
82; 20, 1640; 400, Pu
79; 18, 1580; 360, Pu
80; 18, 1600; 360, Pu
81; 18, 1620; 360, Pu
82; 18, 1640; 360, Pu
82; 19, 1640; 380, Pu
83; 24, 1660; 480, Pu
84; 24, 1680; 480, Pu
85; 23, 1700; 460, Pu
86; 22, 1720; 440, Pu
89; 22, 1780; 440, Pu
90; 23, 1800; 460, Pu
91; 24, 1820; 480, Pu
85; 25, 1700; 500, Pu
86; 25, 1720; 500, Pu
87; 25, 1740; 500, Pu
88; 25, 1760; 500, Pu
89; 25, 1780; 500, Pu
90; 25, 1800; 500, Pu
83; 19, 1660; 380, Pu
88; 17, 1760; 340, Pu
92; 19, 1840; 380, Pu
91; 18, 1820; 360, Pu
90; 17, 1800; 340, Pu
89; 17, 1780; 340, Pu
84; 18, 1680; 360, Pu
87; 17, 1740; 340, Pu
86; 17, 1720; 340, Pu
85; 17, 1700; 340, Pu
92; 24, 1840; 480, Pu
93; 24, 1860; 480, Pu
94; 24, 1880; 480, Pu
95; 24, 1900; 480, Pu
93; 23, 1860; 460, Pu
93; 22, 1860; 440, Pu
93; 17, 1860; 340, Pu
94; 18, 1880; 360, Pu
96; 20, 1920; 400, Pu
96; 24, 1920; 480, Pu
97; 24, 1940; 480, Pu
98; 24, 1960; 480, Pu
99; 24, 1980; 480, Pu
99; 21, 1980; 420, Pu
99; 20, 1980; 400, Pu
98; 16, 1960; 330, Pu
99; 15, 1980; 310, Pu
100; 22, 2000; 440, Pu
101; 22, 2020; 440, Pu
102; 21, 2040; 420, Pu
102; 20, 2040; 400, Pu
102; 19, 2040; 380, Pu
102; 18, 2040; 360, Pu
102; 17, 2040; 340, Pu
102; 16, 2040; 320, Pu
101; 15, 2020; 300, Pu
100; 15, 2000; 300, Pu
100; 24, 2000; 480, Pu
101; 24, 2020; 480, Pu
102; 24, 2040; 480, Pu
103; 24, 2060; 480, Pu
103; 20, 2060; 400, Pu
#spikes
53; 36, 1060; 720, 1
55; 36, 1100; 720, 1
56; 32, 1120; 640, 2
52; 32, 1040; 640, 2
56; 31, 1120; 620, 1
52; 31, 1040; 620, 1
57; 30, 1140; 590, 3
51; 30, 1020; 590, 4
55; 28, 1100; 560, 4
53; 28, 1060; 560, 3
54; 29, 1080; 580, 2| alternate, 1080; 580; 2, 1080; 540; 1, 0.4, 54; 28, 1080; 560; 20; 20
54; 25, 1080; 500, 2| alternate, 1080; 500; 2, 1080; 460; 1, 0.4, 54; 28, 1080; 560; 20; 20
56; 24, 1120; 480, 3
52; 24, 1040; 480, 4
57; 25, 1140; 500, 2
51; 25, 1020; 500, 2
57; 27, 1140; 540, 3
51; 27, 1020; 540, 4
57; 23, 1140; 460, 1
56; 21, 1120; 420, 2
55; 21, 1100; 420, 2
54; 21, 1080; 420, 2
53; 21, 1060; 420, 2
52; 23, 1040; 460, 4
52; 22, 1040; 440, 4
57; 31, 1159; 620, 4
51; 31, 1001; 620, 3
61; 21, 1220; 401, 1
62; 21, 1240; 401, 1
61; 23, 1220; 479, 2
63; 23, 1260; 479, 2
63; 21, 1280; 401, 1
64; 23, 1280; 479, 2
65; 23, 1300; 479, 2
67; 23, 1340; 479, 2
68; 23, 1360; 479, 2
65; 21, 1300; 401, 1
66; 21, 1320; 401, 1
67; 21, 1340; 401, 1
68; 21, 1360; 401, 1
69; 21, 1380; 401, 1
70; 21, 1400; 401, 1
71; 21, 1420; 401, 1
72; 21, 1440; 401, 1
73; 21, 1460; 401, 1
69; 23, 1380; 479, 2
71; 23, 1420; 479, 2
73; 23, 1460; 479, 2
62; 23, 1240; 479, 2| alternate, 1240; 479; 2, 1320; 479; 2, 0.4, 60; 24, 1200; 480; 20; 20
72; 23, 1440; 479, 2| alternate, 1440; 479; 2, 1400; 479; 2, 0.4, 60; 24, 1200; 480; 20; 20
60; 21, 1200; 401, 1
59; 21, 1180; 401, 1
58; 21, 1160; 401, 1
57; 21, 1140; 401, 1
76; 19, 1520; 385, 1
75; 18, 1500; 357, 2
77; 18, 1540; 357, 2
76; 18, 1520; 341, 1
19; 13, 380; 260, 3| teleport, 1500; 420, player, 1529; 413; 2; 74
19; 14, 380; 280, 3| teleport, 1500; 440, player, 1529; 413; 2; 74
19; 15, 380; 300, 3| teleport, 1500; 460, player, 1529; 413; 2; 74
21; 15, 420; 300, 4| teleport, 1540; 460, player, 1529; 413; 2; 74
21; 14, 420; 280, 4| teleport, 1540; 440, player, 1529; 413; 2; 74
21; 13, 420; 260, 4| teleport, 1540; 420, player, 1529; 413; 2; 74
81; 21, 1600; 400, 4| alternate, 1600; 400; 4, 1620; 400; 4, 0.4, player, 1620; 380; 20; 20
84; 23, 1680; 460, 1
85; 22, 1700; 440, 1
86; 21, 1720; 420, 1
85; 24, 1700; 480, 2
89; 21, 1780; 420, 1
90; 24, 1800; 480, 2
83; 20, 1660; 400, 2
87; 18, 1740; 360, 2
88; 18, 1760; 360, 2
92; 20, 1840; 400, 2
84; 19, 1680; 380, 2
85; 18, 1700; 360, 2
86; 18, 1720; 360, 2
89; 18, 1780; 360, 2
91; 19, 1820; 380, 2
90; 18, 1800; 360, 2
86; 23, 1720; 460, 1| move, 2.0, 1780; 460, 86; 24, 1701; 480; 20; 20| move, 2.0, 1720; 460, 86; 24, 1799; 480; 20; 20
86; 24, 1720; 480, 2| move, 2.0, 1780; 480, 86; 24, 1701; 480; 20; 20| move, 2.0, 1720; 480, 86; 24, 1799; 480; 20; 20
93; 21, 1860; 423, 1
92; 23, 1840; 460, 1
94; 23, 1880; 460, 4
93; 18, 1860; 360, 2
94; 19, 1880; 380, 2
93; 16, 1860; 320, 1
94; 17, 1880; 340, 1
96; 21, 1920; 420, 2
97; 23, 1940; 460, 1
98; 20, 1960; 400, 3
98; 21, 1960; 420, 3
99; 22, 1980; 440, 2
99; 19, 1980; 380, 1
98; 17, 1960; 350, 2
99; 16, 1980; 330, 2
98; 15, 1960; 310, 1
99; 14, 1980; 290, 1
96; 19, 1920; 380, 1| alternate, 1920; 380; 1, 1920; 400; 1, 0.6, 96; 20, 1920; 400; 20; 20
100; 16, 2000; 320, 2
101; 16, 2020; 320, 2
92; 18, 1840; 360, 1
91; 17, 1820; 340, 1
90; 16, 1800; 320, 1
89; 16, 1780; 320, 1
88; 16, 1760; 320, 1
87; 16, 1740; 320, 1
86; 16, 1720; 320, 1
85; 16, 1700; 320, 1
84; 17, 1680; 340, 1
83; 18, 1660; 360, 1
100; 14, 2000; 280, 1
101; 14, 2020; 280, 1
102; 15, 2040; 300, 1
102; 22, 2040; 440, 2
103; 23, 2060; 469, 1
103; 21, 2060; 420, 4
101; 21, 2020; 420, 1| move, 0.5, 2000; 420, player, 2000; 438; 20; 2
101; 20, 2020; 420, 1
91; 23, 1820; 460, 1