#misc
area, 6
checkpoint, 36; 49
checkpoint, 30; 37
checkpoint, 27; 51
checkpoint, 12; 41
chai, 766; 909
chai, 626; 949
chai, 506; 1069
exit, 120; 760, 0; 727; 2; 70, 3, Area6Select, 11
size, 1040, 1220
spawn, 806, 769, 0
name, 6 - 10
exitP, Exit Level, Area6Select, 111
index, 74
music, 6
#blocks
40; 39, 800; 780, Pu
39; 39, 780; 780, Pu
41; 39, 820; 780, Pu
37; 39, 740; 780, Pu
43; 35, 860; 700, Pu
41; 35, 820; 700, Pu
40; 35, 800; 700, Pu| move, 1, 800; 600, player, 800; 697; 20; 2
39; 35, 780; 700, Pu
37; 35, 740; 700, Pu
43; 39, 860; 780, Pu
36; 42, 720; 840, Pu
37; 42, 740; 840, Pu
38; 42, 760; 840, Pu
39; 42, 780; 840, Pu
40; 42, 800; 840, Pu| move, 0.5, 800; 920, player, 800; 698; 20; 2
41; 42, 820; 840, Pu
42; 42, 840; 840, Pu
43; 42, 860; 840, Pu
44; 42, 880; 840, Pu
45; 41, 900; 820, Pu
35; 41, 700; 820, Pu
46; 40, 920; 800, Pu
46; 39, 920; 780, Pu
46; 38, 920; 760, Pu
46; 37, 920; 740, Pu
46; 36, 920; 720, Pu
46; 35, 920; 700, Pu
34; 40, 680; 800, Pu
34; 39, 680; 780, Pu
34; 38, 680; 760, Pu
34; 37, 680; 740, Pu
34; 36, 680; 720, Pu
34; 35, 680; 700, Pu
34; 34, 680; 680, Pu
46; 34, 920; 680, Pu
45; 33, 900; 660, Pu
44; 32, 880; 640, Pu
43; 32, 860; 640, Pu
37; 32, 740; 640, Pu
36; 32, 720; 640, Pu
35; 33, 700; 660, Pu
38; 31, 760; 620, Pu
42; 31, 840; 620, Pu
41; 30, 820; 600, Pu
39; 30, 780; 600, Pu
40; 30, 800; 600, Pu
38; 43, 760; 860, Pu
38; 46, 760; 920, Pu
42; 43, 840; 860, Pu
42; 45, 840; 900, Pu
38; 50, 760; 1000, Pu
42; 50, 840; 1000, Pu
42; 49, 840; 980, Pu
42; 48, 840; 960, Pu
38; 47, 760; 940, Pu
37; 50, 740; 1000, Pu
37; 47, 740; 940, Pu
36; 50, 720; 1000, Pu
36; 47, 720; 940, Pu
35; 50, 700; 1000, Pu
35; 47, 700; 940, Pu
42; 46, 840; 920, Pu
34; 50, 680; 1000, Pu
33; 50, 660; 1000, Pu
32; 50, 640; 1000, Pu
32; 49, 640; 980, Pu
32; 47, 640; 940, Pu
32; 48, 640; 960, Pu
32; 46, 640; 920, Pu
32; 45, 640; 900, Pu
34; 45, 680; 900, Pu
33; 45, 660; 900, Pu
35; 42, 700; 840, Pu
34; 42, 680; 840, Pu
33; 42, 660; 840, Pu
32; 42, 640; 840, Pu
42; 47, 840; 940, Pu
42; 44, 840; 880, Pu
39; 50, 780; 1000, Pu
40; 50, 800; 1000, Pu
41; 50, 820; 1000, Pu
38; 44, 760; 880, Pu
43; 46, 840; 920, Pu| teleport, 780; 920, player, 726; 986; 110; 8
43; 45, 840; 900, Pu| teleport, 780; 900, player, 726; 986; 110; 8
43; 44, 840; 880, Pu| teleport, 780; 880, player, 726; 986; 110; 8
31; 45, 620; 900, Pu
30; 45, 600; 900, Pu
31; 42, 620; 840, Pu
30; 42, 600; 840, Pu
29; 45, 580; 900, Pu
28; 45, 560; 900, Pu
28; 44, 560; 880, Pu
27; 43, 540; 860, Pu
27; 42, 540; 840, Pu
27; 41, 540; 820, Pu
27; 40, 540; 800, Pu
28; 39, 560; 780, Pu
29; 38, 580; 760, Pu
30; 38, 600; 760, Pu
31; 38, 620; 760, Pu
33; 35, 660; 700, Pu
32; 35, 640; 700, Pu
31; 35, 620; 700, Pu
30; 35, 600; 700, Pu
29; 35, 580; 700, Pu
26; 41, 520; 820, Pu
25; 41, 500; 820, Pu
23; 41, 460; 820, Pu
22; 41, 440; 820, Pu
19; 41, 380; 820, Pu
28; 35, 560; 700, Pu
27; 35, 540; 700, Pu
26; 35, 520; 700, Pu
25; 35, 500; 700, Pu
24; 35, 480; 700, Pu
23; 35, 460; 700, Pu
22; 35, 440; 700, Pu
21; 35, 420; 700, Pu
20; 35, 400; 700, Pu
19; 35, 380; 700, Pu
25; 38, 500; 760, Pu
19; 38, 380; 760, Pu
22; 38, 440; 760, Pu
17; 41, 340; 820, Pu
16; 41, 320; 820, Pu
15; 41, 300; 820, Pu
19; 42, 380; 840, Pu
19; 43, 380; 860, Pu
19; 44, 380; 880, Pu
22; 42, 440; 840, Pu
22; 44, 440; 880, Pu
22; 43, 440; 860, Pu
16; 38, 320; 760, Pu
16; 35, 320; 700, Pu
17; 35, 340; 700, Pu
18; 35, 360; 700, Pu
24; 41, 480; 820, Pu
11; 41, 220; 820, Pu
12; 42, 240; 840, Pu
13; 43, 260; 860, Pu
14; 44, 280; 880, Pu
15; 45, 300; 900, Pu
16; 46, 320; 920, Pu
17; 47, 340; 940, Pu
18; 48, 360; 960, Pu
19; 49, 380; 980, Pu
20; 50, 400; 1000, Pu
21; 51, 420; 1020, Pu
22; 52, 440; 1040, Pu
23; 53, 460; 1060, Pu
24; 54, 480; 1080, Pu
23; 49, 460; 980, Pu
23; 48, 460; 960, Pu
23; 47, 460; 940, Pu
25; 51, 500; 1000, Pu
25; 50, 500; 980, Pu
25; 49, 500; 960, Pu
25; 54, 500; 1080, Pu
26; 53, 520; 1060, Pu
27; 52, 540; 1040, Pu
28; 51, 560; 1020, Pu
29; 50, 580; 1000, Pu
30; 49, 600; 980, Pu
31; 48, 620; 960, Pu
27; 48, 540; 960, Pu
27; 46, 540; 920, Pu
27; 47, 540; 940, Pu
18; 42, 360; 840, Pu
17; 42, 340; 840, Pu
18; 43, 360; 860, Pu
18; 41, 360; 820, Pu
2; 38, 40; 760, Pu
10; 38, 200; 760, Pu
6; 38, 120; 760, Pu
15; 35, 300; 700, Pu
14; 35, 280; 700, Pu
13; 35, 260; 700, Pu
12; 35, 240; 700, Pu
11; 35, 220; 700, Pu
10; 35, 200; 700, Pu
9; 35, 180; 700, Pu
8; 35, 160; 700, Pu
7; 35, 140; 700, Pu
6; 35, 120; 700, Pu
5; 35, 100; 700, Pu
4; 35, 80; 700, Pu
3; 35, 60; 700, Pu
2; 35, 40; 700, Pu
1; 35, 20; 700, Pu
0; 35, 0; 700, Pu
43; 49, 840; 980, Pu| teleport, 700; 980, player, 686; 920; 8; 80
43; 48, 840; 960, Pu| teleport, 700; 960, player, 686; 920; 8; 80
#spikes
42; 35, 840; 700, 3
38; 35, 760; 700, 4
43; 36, 860; 720, 2
37; 36, 740; 720, 2
43; 33, 860; 660, 2
45; 34, 900; 680, 3
45; 35, 900; 700, 3
45; 36, 900; 720, 3
44; 33, 880; 660, 2
37; 33, 740; 660, 2
36; 33, 720; 660, 2
35; 34, 700; 680, 4
35; 35, 700; 700, 4
35; 36, 700; 720, 4
35; 37, 700; 740, 4
35; 38, 700; 760, 4
35; 39, 700; 780, 4
36; 41, 720; 820, 1
37; 41, 740; 820, 1
35; 40, 700; 800, 4
38; 41, 760; 820, 1
39; 41, 780; 820, 1
40; 41, 800; 820, 1| move, 0.5, 800; 900, player, 800; 698; 20; 2
41; 41, 820; 820, 1
42; 41, 840; 820, 1
43; 41, 860; 820, 1
44; 41, 880; 820, 1
45; 40, 900; 800, 3
45; 39, 900; 780, 3
45; 38, 900; 760, 3
45; 37, 900; 740, 3
41; 34, 820; 680, 1
39; 34, 780; 680, 1
42; 32, 840; 640, 2
38; 32, 760; 640, 2
41; 31, 820; 620, 2
39; 31, 780; 620, 2
40; 31, 800; 620, 2
43; 31, 860; 640, 1| teleport, 860; 680, player, 800; 698; 20; 2
37; 31, 740; 640, 1| teleport, 740; 680, player, 800; 698; 20; 2
36; 43, 720; 860, 2| teleport, 720; 855, player, 699; 909; 62; 2
37; 43, 740; 860, 2
39; 43, 780; 860, 2
40; 43, 800; 860, 2| move, 0.5, 800; 940, player, 800; 698; 20; 2
41; 43, 820; 860, 2
43; 43, 860; 860, 2
44; 43, 880; 860, 2
38; 49, 760; 980, 1
33; 49, 660; 980, 1
34; 49, 680; 980, 1
34; 48, 680; 980, 1| move, 3.0, 680; 900, player, 686; 919; 8; 62
35; 43, 700; 860, 2| teleport, 693; 900; 4, player, 699; 909; 62; 2
34; 43, 680; 860, 2| teleport, 680; 855, player, 699; 909; 62; 2
33; 43, 660; 860, 2
32; 43, 640; 860, 2
36; 46, 720; 920, 1
37; 46, 740; 920, 1
30; 44, 600; 880, 1
28; 43, 560; 860, 1
29; 41, 580; 820, 1
34; 41, 680; 820, 3| move, 5.0, 540; 820, player, 600; 838; 20; 2
30; 39, 600; 780, 2
31; 39, 620; 780, 2
28; 38, 560; 760, 1
27; 39, 540; 780, 1
26; 40, 520; 800, 1
25; 40, 500; 800, 1
24; 40, 480; 800, 1
23; 40, 460; 800, 1
22; 40, 440; 800, 1
19; 40, 380; 800, 1
24; 38, 480; 760, 3
26; 38, 520; 760, 4
21; 38, 420; 760, 3| alternate, 420; 760; 3, 420; 820; 3, 0.5, 19; 38, 380; 760; 20; 20
23; 38, 460; 760, 4
20; 38, 400; 760, 4| alternate, 400; 760; 4, 400; 820; 4, 0.5, 19; 38, 380; 760; 20; 20
18; 38, 360; 760, 3
18; 40, 360; 800, 1
17; 40, 340; 800, 1
16; 40, 320; 800, 1
15; 40, 300; 800, 1
19; 36, 380; 712, 2
20; 36, 400; 707, 2
21; 36, 420; 707, 2
22; 36, 440; 712, 2
23; 36, 460; 707, 2
24; 36, 480; 707, 2
25; 36, 500; 712, 2
17; 38, 340; 760, 4
15; 38, 300; 760, 3
18; 36, 360; 707, 2
17; 36, 340; 707, 2
16; 36, 320; 712, 2
11; 40, 220; 800, 1
15; 42, 300; 840, 2
16; 42, 320; 840, 2
14; 43, 280; 860, 1
13; 42, 260; 840, 1
19; 48, 380; 960, 1
22; 51, 440; 1020, 1
22; 45, 440; 900, 2
19; 45, 380; 900, 2
23; 50, 460; 1000, 2
23; 46, 460; 920, 1
24; 53, 480; 1060, 1
25; 52, 500; 1020, 2
25; 48, 500; 940, 1
23; 52, 460; 1040, 1| teleport, 460; 1060, player, 500; 1060; 20; 20
26; 52, 520; 1040, 1
28; 50, 560; 1000, 1
30; 48, 600; 960, 1
27; 49, 540; 980, 2
27; 45, 540; 900, 1
29; 47, 580; 940, 2
29; 46, 580; 920, 1
17; 46, 340; 920, 1
16; 45, 320; 900, 1
18; 44, 360; 880, 2
17; 43, 340; 860, 2
1; 38, 20; 760, 3
3; 38, 60; 760, 4
5; 38, 100; 760, 3
7; 38, 140; 760, 4
9; 38, 180; 760, 3
11; 38, 220; 760, 4
6; 36, 120; 720, 2
7; 36, 140; 707, 2
8; 36, 160; 720, 2
9; 36, 180; 707, 2
15; 36, 300; 712, 2
14; 36, 280; 712, 2
13; 36, 260; 707, 2
12; 36, 240; 707, 2
11; 36, 220; 707, 2
10; 36, 200; 720, 2
2; 36, 40; 720, 2
1; 36, 20; 707, 2
0; 36, 0; 720, 2
5; 36, 100; 707, 2
4; 36, 80; 720, 2
3; 36, 60; 707, 2
29; 42, 580; 840, 2