#misc
area, 6
checkpoint, 75; 36
chai, 1206; 809
chai, 926; 689
chai, 1386; 609
exit, 1040; 610, 1030; 0; 40; 2, 1, decor, 1
exit, 1560; 700, 1780; 673; 2; 100, 4, Area6Select, 3
size, 1780, 940
spawn, 1086, 729, 1
name, 6 - 2
exitP, Exit Level, Area6Select, 103
lock, 1, 1200, 760, Pu
index, 66
music, 6
#blocks
53; 37, 1060; 740, Pu
54; 37, 1080; 740, Pu
55; 37, 1100; 740, Pu
56; 37, 1120; 740, Pu
52; 37, 1040; 740, Pu
52; 36, 1040; 720, Pu
52; 35, 1040; 700, Pu
52; 34, 1040; 680, Pu
52; 33, 1040; 660, Pu
57; 35, 1140; 700, Pu
56; 35, 1120; 700, Pu
59; 38, 1180; 760, Pu
59; 36, 1180; 720, Pu
60; 36, 1200; 720, Pu
55; 39, 1100; 780, Pu
56; 40, 1120; 800, Pu
57; 41, 1140; 820, Pu
58; 41, 1160; 820, Pu
61; 41, 1220; 820, Pu
62; 41, 1240; 820, Pu
54; 38, 1080; 760, Pu
61; 38, 1220; 760, Pu
61; 36, 1220; 720, Pu
63; 41, 1260; 820, Pu
64; 40, 1280; 800, Pu
65; 39, 1300; 780, Pu
66; 38, 1320; 760, Pu
65; 37, 1300; 740, Pu
66; 37, 1320; 740, Pu
63; 35, 1260; 700, Pu
64; 35, 1280; 700, Pu
59; 39, 1180; 780, Pu
59; 40, 1180; 800, Pu
61; 39, 1220; 780, Pu
61; 40, 1220; 800, Pu
59; 41, 1180; 820, Pu
60; 41, 1200; 820, Pu
65; 34, 1300; 680, Pu
66; 34, 1320; 680, Pu
67; 37, 1340; 740, Pu
68; 35, 1360; 700, Pu
66; 33, 1320; 660, Pu
67; 31, 1340; 620, Pu
66; 32, 1320; 640, Pu
69; 36, 1380; 720, Pu
68; 36, 1360; 720, Pu
70; 35, 1400; 700, Pu
70; 36, 1400; 720, Pu
71; 37, 1420; 740, Pu
68; 30, 1360; 600, Pu
69; 31, 1380; 620, Pu
70; 30, 1400; 600, Pu
71; 31, 1420; 620, Pu
72; 32, 1440; 640, Pu
72; 33, 1440; 660, Pu
72; 34, 1440; 680, Pu
72; 37, 1440; 740, Pu
73; 37, 1460; 740, Pu
74; 37, 1480; 740, Pu
75; 37, 1500; 740, Pu
74; 34, 1480; 680, Pu| move, 0.5, 1500; 680, player, 1385; 454; 20; 176
73; 34, 1460; 680, Pu
64; 37, 1280; 740, Pu
63; 37, 1260; 740, Pu
54; 32, 1080; 640, Pu
54; 31, 1080; 620, Pu
54; 30, 1080; 600, Pu
53; 29, 1060; 580, Pu
51; 29, 1020; 580, Pu
55; 34, 1100; 680, Pu
54; 33, 1080; 660, Pu
51; 35, 1020; 700, Pu
50; 35, 1000; 700, Pu
49; 35, 980; 700, Pu
50; 30, 1000; 600, Pu
48; 35, 960; 700, Pu
48; 31, 960; 620, Pu
47; 35, 940; 700, Pu
46; 35, 920; 700, Pu
46; 31, 920; 620, Pu
47; 31, 940; 620, Pu
45; 35, 900; 700, Pu
45; 31, 900; 620, Pu
44; 34, 880; 680, Pu
44; 33, 880; 660, Pu
44; 32, 880; 640, Pu
49; 31, 980; 620, Pu
52; 28, 1040; 560, Pu| alternate, 1040; 560, 1040; 600, 0.4, player, 1060; 680; 20; 20
76; 37, 1520; 740, Pu
77; 37, 1540; 740, Pu
78; 37, 1560; 740, Pu
79; 37, 1580; 740, Pu
75; 34, 1500; 680, Pu
76; 34, 1520; 680, Pu
77; 33, 1540; 660, Pu
78; 32, 1560; 640, Pu
79; 32, 1580; 640, Pu
82; 35, 1630; 727, Pu
83; 40, 1660; 804, Pu
82; 40, 1640; 804, Pu
81; 40, 1620; 802, Pu
80; 40, 1600; 800, Pu
79; 39, 1580; 780, Pu
78; 38, 1560; 760, Pu
80; 32, 1600; 640, Pu
81; 32, 1620; 640, Pu
82; 32, 1640; 640, Pu
83; 32, 1660; 640, Pu
84; 32, 1680; 640, Pu
85; 32, 1700; 640, Pu
85; 35, 1690; 727, Pu
83; 38, 1660; 764, Pu
84; 40, 1680; 802, Pu
85; 40, 1700; 800, Pu
87; 32, 1740; 640, Pu
86; 32, 1720; 640, Pu
86; 39, 1720; 780, Pu
87; 38, 1740; 760, Pu
88; 38, 1760; 760, Pu
88; 33, 1760; 660, Pu
57; 34, 1140; 700, Pu| teleport, 1160; 700, player, 1380; 654; 20; 50
50; 31, 1000; 620, Pu
#spikes
57; 37, 1140; 740, 4
58; 38, 1160; 760, 3
58; 35, 1160; 700, 4
55; 35, 1100; 700, 2
55; 38, 1100; 760, 1
56; 39, 1120; 780, 1
57; 40, 1140; 800, 1
58; 40, 1160; 800, 1
62; 40, 1240; 800, 1
62; 38, 1240; 760, 4
63; 40, 1260; 800, 1
64; 39, 1280; 780, 1
65; 38, 1300; 760, 1
65; 35, 1300; 700, 2
66; 35, 1320; 700, 2
67; 36, 1340; 723, 1
68; 34, 1360; 680, 1
67; 32, 1340; 640, 2
69; 35, 1380; 700, 1
70; 34, 1400; 680, 1
68; 31, 1360; 620, 2
69; 32, 1380; 640, 2
70; 31, 1400; 620, 2
72; 35, 1440; 700, 2
71; 36, 1420; 723, 1
62; 35, 1240; 700, 3
71; 32, 1420; 640, 2
52; 32, 1040; 640, 1
53; 30, 1060; 600, 2
51; 30, 1020; 600, 2
53; 36, 1060; 720, 1
54; 34, 1080; 680, 2
50; 34, 1000; 680, 1
49; 34, 980; 680, 1
48; 34, 960; 680, 1
47; 34, 940; 680, 1
45; 34, 900; 680, 1| move, 0.5, 920; 680, player, 920; 698; 20; 2
52; 29, 1040; 580, 2| alternate, 1040; 580, 1040; 620, 0.4, player, 1060; 680; 20; 20
68; 37, 1360; 740, 2
69; 37, 1380; 740, 2
70; 37, 1400; 740, 2
73; 35, 1460; 700, 2
74; 35, 1480; 700, 2| move, 0.5, 1500; 700, player, 1385; 454; 20; 176
75; 35, 1500; 700, 2
76; 35, 1520; 700, 2
77; 34, 1540; 680, 2
78; 33, 1560; 660, 2
79; 33, 1580; 660, 2
80; 34, 1600; 680, 1
83; 34, 1660; 680, 1
81; 36, 1620; 724, 1
82; 36, 1640; 724, 1
80; 35, 1600; 700, 2
81; 37, 1620; 744, 2
82; 37, 1640; 744, 2
83; 35, 1660; 700, 2
79; 38, 1580; 760, 1
80; 39, 1600; 780, 1
81; 39, 1620; 782, 1
82; 39, 1640; 784, 1
83; 39, 1660; 784, 1
80; 33, 1600; 660, 2
81; 33, 1620; 660, 2
82; 33, 1640; 660, 2
83; 33, 1660; 660, 2
84; 33, 1680; 660, 2
85; 33, 1700; 660, 2
85; 36, 1700; 724, 1
84; 36, 1680; 724, 1
85; 37, 1700; 744, 2
84; 37, 1680; 744, 2
86; 34, 1720; 680, 1
86; 35, 1720; 700, 2
84; 39, 1680; 782, 1
85; 39, 1700; 780, 1
86; 33, 1720; 660, 2
87; 33, 1740; 660, 2
86; 38, 1720; 760, 1
87; 37, 1740; 740, 1
88; 37, 1760; 740, 1
88; 34, 1760; 680, 2