#misc
area, 6
checkpoint, 67; 28
chai, 1106; 809
chai, 1246; 749
chai, 1426; 749
exit, 1540; 905, 1600; 860; 2; 100, 4, Area6Select, 8
size, 1600, 1060
spawn, 1286, 649, 0
name, 6 - 7
exitP, Exit Level, Area6Select, 108
index, 71
music, 6
#blocks
64; 33, 1280; 660, Pu
63; 33, 1260; 660, Pu
65; 33, 1300; 660, Pu
66; 32, 1320; 640, Pu
66; 33, 1320; 660, Pu
62; 32, 1240; 640, Pu
62; 33, 1240; 660, Pu
61; 29, 1220; 580, Pu
62; 29, 1240; 580, Pu
64; 29, 1280; 580, Pu
65; 29, 1300; 580, Pu
66; 29, 1320; 580, Pu
67; 29, 1340; 580, Pu
62; 36, 1240; 720, Pu
63; 36, 1260; 720, Pu
64; 36, 1280; 720, Pu
65; 36, 1300; 720, Pu
66; 36, 1320; 720, Pu
67; 36, 1340; 720, Pu
68; 35, 1360; 700, Pu
68; 34, 1360; 680, Pu
68; 33, 1360; 660, Pu
68; 32, 1360; 640, Pu
68; 31, 1360; 620, Pu
68; 30, 1360; 600, Pu
61; 33, 1220; 660, Pu
60; 34, 1200; 680, Pu
61; 39, 1220; 780, Pu
63; 37, 1260; 740, Pu
60; 38, 1200; 760, Pu
60; 37, 1200; 740, Pu
60; 36, 1200; 720, Pu
60; 35, 1200; 700, Pu
60; 29, 1200; 580, Pu
58; 33, 1160; 660, Pu
57; 33, 1140; 660, Pu
56; 33, 1120; 660, Pu
56; 32, 1120; 640, Pu
56; 31, 1120; 620, Pu
56; 30, 1120; 600, Pu
56; 29, 1120; 580, Pu
62; 38, 1240; 760, Pu
59; 36, 1180; 720, Pu
58; 36, 1160; 720, Pu
56; 36, 1120; 720, Pu
56; 35, 1120; 700, Pu
56; 34, 1120; 680, Pu
57; 39, 1140; 780, Pu
57; 40, 1140; 800, Pu
56; 41, 1120; 820, Pu
58; 39, 1160; 780, Pu
58; 38, 1160; 760, Pu| teleport, 1180; 760, player, 1100; 815; 20; 8
58; 37, 1160; 740, Pu| teleport, 1180; 740, player, 1100; 815; 20; 8
55; 41, 1100; 820, Pu
54; 40, 1080; 800, Pu
54; 39, 1080; 780, Pu
54; 38, 1080; 760, Pu
54; 37, 1080; 740, Pu
55; 36, 1100; 720, Pu
60; 33, 1200; 660, Pu
63; 29, 1260; 580, Pu
59; 29, 1180; 580, Pu
56; 28, 1120; 560, Pu
56; 27, 1120; 540, Pu
57; 26, 1140; 520, Pu
58; 26, 1160; 520, Pu
59; 26, 1180; 520, Pu
60; 26, 1200; 520, Pu
61; 26, 1220; 520, Pu
62; 26, 1240; 520, Pu
63; 26, 1260; 520, Pu
64; 26, 1280; 520, Pu
65; 26, 1300; 520, Pu
66; 26, 1320; 520, Pu
67; 26, 1340; 520, Pu
68; 29, 1360; 580, Pu
68; 26, 1360; 520, Pu
69; 29, 1380; 580, Pu
70; 30, 1400; 600, Pu
71; 29, 1420; 580, Pu
73; 29, 1460; 580, Pu
69; 26, 1380; 520, Pu
70; 26, 1400; 520, Pu
71; 26, 1420; 520, Pu
72; 26, 1440; 520, Pu
73; 26, 1460; 520, Pu
74; 28, 1480; 560, Pu
74; 27, 1480; 540, Pu
74; 30, 1480; 600, Pu
74; 31, 1480; 620, Pu
74; 32, 1480; 640, Pu
70; 31, 1400; 620, Pu
70; 32, 1400; 640, Pu
71; 33, 1420; 660, Pu
74; 33, 1480; 660, Pu
74; 34, 1480; 680, Pu
70; 35, 1400; 700, Pu
70; 34, 1400; 680, Pu
70; 36, 1400; 720, Pu
70; 37, 1400; 740, Pu
71; 38, 1420; 760, Pu
74; 35, 1480; 700, Pu
74; 36, 1480; 720, Pu
74; 37, 1480; 740, Pu
74; 38, 1480; 760, Pu
74; 44, 1480; 880, Pu
74; 43, 1480; 860, Pu
74; 42, 1480; 840, Pu
74; 41, 1480; 820, Pu
74; 40, 1480; 800, Pu
74; 39, 1480; 780, Pu
71; 39, 1420; 780, Pu
71; 40, 1420; 800, Pu
71; 41, 1420; 820, Pu
71; 42, 1420; 840, Pu
71; 43, 1420; 860, Pu
71; 44, 1420; 880, Pu
71; 45, 1420; 900, Pu
71; 46, 1420; 920, Pu
71; 47, 1420; 940, Pu
72; 47, 1440; 940, Pu
73; 47, 1460; 940, Pu
74; 47, 1480; 940, Pu
75; 47, 1500; 940, Pu
76; 47, 1520; 940, Pu
75; 43, 1500; 860, Pu
76; 43, 1520; 860, Pu
77; 43, 1540; 860, Pu
77; 47, 1540; 940, Pu
78; 47, 1560; 940, Pu
78; 43, 1560; 860, Pu
79; 43, 1580; 860, Pu
79; 47, 1580; 940, Pu
#spikes
62; 31, 1240; 620, 1
66; 31, 1320; 620, 1
65; 35, 1300; 703, 1
66; 35, 1320; 703, 1
61; 34, 1220; 675, 2
63; 35, 1260; 703, 1
62; 35, 1240; 703, 1
61; 38, 1220; 760, 1
60; 30, 1200; 600, 2
59; 35, 1180; 700, 1
57; 34, 1140; 680, 2
56; 37, 1120; 737=, 2
57; 38, 1140; 760, 1
56; 40, 1120; 800, 1
55; 37, 1100; 737, 2| move, 2.25, 1100; 820, player, 1100; 815; 20; 8
57; 32, 1140; 640, 1
59; 30, 1180; 600, 2
58; 29, 1160; 580, 3
57; 27, 1140; 540, 2
59; 27, 1180; 540, 2
60; 28, 1200; 579, 2
62; 28, 1240; 579, 2
65; 28, 1300; 560, 1
64; 28, 1280; 579, 2
64; 27, 1280; 521, 1
63; 27, 1260; 521, 1
62; 27, 1240; 521, 1
61; 27, 1220; 521, 1
60; 27, 1200; 521, 1
58; 27, 1160; 521, 1
69; 28, 1380; 560, 1
71; 28, 1420; 560, 1
70; 29, 1400; 580, 1
73; 28, 1460; 560, 1
73; 30, 1460; 600, 3
71; 30, 1420; 600, 4
71; 31, 1420; 620, 4
71; 32, 1420; 640, 4
72; 33, 1440; 660, 4
73; 31, 1460; 620, 3
72; 38, 1440; 760, 4
71; 34, 1420; 680, 4
71; 35, 1420; 700, 4
71; 36, 1420; 720, 4
72; 40, 1440; 800, 4
72; 39, 1440; 780, 4
73; 43, 1460; 860, 3
73; 44, 1460; 880, 3
74; 45, 1480; 889, 2
74; 46, 1480; 939, 2
75; 44, 1500; 880, 2
76; 44, 1520; 880, 2
77; 44, 1540; 880, 2
78; 44, 1560; 880, 2
79; 44, 1580; 880, 2