#misc
area, 5
checkpoint, 57; 25
exit, 1170; 470, 1360; 448; 2; 64, 4, Area5Dungeon, 1
exit, 220; 460, 210; 0; 40; 2, 1, decor, 1
exit, 300; 460, 290; 0; 40; 2, 1, decor, 1
exit, 380; 460, 370; 0; 40; 2, 1, decor, 1
exit, 460; 460, 450; 0; 40; 2, 1, decor, 1
exit, 540; 460, 530; 0; 40; 2, 1, decor, 1
exit, 620; 460, 610; 0; 40; 2, 1, decor, 1
exit, 700; 460, 690; 0; 40; 2, 1, decor, 1
exit, 780; 460, 770; 0; 40; 2, 1, decor, 1
exit, 860; 460, 850; 0; 40; 2, 1, decor, 1
exit, 940; 460, 930; 0; 40; 2, 1, decor, 1
exit, 1020; 460, 1010; 0; 40; 2, 1, decor, 1
exit, 140; 420, 0; 428; 2; 100, 3, MainHub, 6
size, 1340, 580
spawn, 46, 509, 1
spawn, 226, 509, 1
spawn, 306, 509, 1
spawn, 386, 509, 1
spawn, 466, 509, 1
spawn, 546, 509, 1
spawn, 626, 509, 1
spawn, 706, 509, 1
spawn, 786, 509, 1
spawn, 866, 509, 1
spawn, 946, 509, 1
spawn, 1026, 509, 1
spawn, 1106, 509, 1
special, 9
name, Level Select
exitP, To Area Select, MainHub, 6
music, 5
#blocks
0; 26, 0; 520, Pi
1; 26, 20; 520, Pi
2; 26, 40; 520, Pi
3; 26, 60; 520, Pi
4; 26, 80; 520, Pi
5; 26, 100; 520, Pi
6; 26, 120; 520, Pi
7; 26, 140; 520, Pi
8; 26, 160; 520, Pi
9; 23, 180; 460, Pi
9; 22, 180; 440, Pi
0; 21, 0; 420, Pi
1; 21, 20; 420, Pi
2; 21, 40; 420, Pi
3; 21, 60; 420, Pi
4; 21, 80; 420, Pi
5; 21, 100; 420, Pi
6; 21, 120; 420, Pi
7; 21, 140; 420, Pi
8; 21, 160; 420, Pi
9; 21, 180; 420, Pi
10; 21, 200; 420, Pi| largeNudge
11; 21, 220; 420, Pi| largeNudge
12; 21, 240; 420, Pi| largeNudge
13; 23, 260; 460, Pi
13; 22, 260; 440, Pi
13; 21, 260; 420, Pi
14; 21, 280; 420, Pi| largeNudge
15; 21, 300; 420, Pi| largeNudge
16; 21, 320; 420, Pi| largeNudge
17; 21, 340; 420, Pi
19; 21, 380; 420, Pi| largeNudge
20; 21, 400; 420, Pi| largeNudge
21; 21, 420; 420, Pi
22; 21, 440; 420, Pi| largeNudge
18; 21, 360; 420, Pi| largeNudge
17; 22, 340; 440, Pi
17; 23, 340; 460, Pi
23; 21, 460; 420, Pi| largeNudge
24; 21, 480; 420, Pi| largeNudge
25; 21, 500; 420, Pi
26; 21, 520; 420, Pi| largeNudge
27; 21, 540; 420, Pi| largeNudge
28; 21, 560; 420, Pi| largeNudge
29; 21, 580; 420, Pi
21; 22, 420; 440, Pi
21; 23, 420; 460, Pi
25; 22, 500; 440, Pi
25; 23, 500; 460, Pi
29; 22, 580; 440, Pi
29; 23, 580; 460, Pi
30; 21, 600; 420, Pi| largeNudge
31; 21, 620; 420, Pi| largeNudge
32; 21, 640; 420, Pi| largeNudge
33; 21, 660; 420, Pi
34; 21, 680; 420, Pi| largeNudge
33; 22, 660; 440, Pi
33; 23, 660; 460, Pi
35; 21, 700; 420, Pi| largeNudge
36; 21, 720; 420, Pi| largeNudge
37; 21, 740; 420, Pi
38; 21, 760; 420, Pi| largeNudge
39; 21, 780; 420, Pi| largeNudge
40; 21, 800; 420, Pi| largeNudge
41; 21, 820; 420, Pi
42; 21, 840; 420, Pi| largeNudge
37; 22, 740; 440, Pi
37; 23, 740; 460, Pi
41; 22, 820; 440, Pi
41; 23, 820; 460, Pi
43; 21, 860; 420, Pi| largeNudge
44; 21, 880; 420, Pi| largeNudge
45; 21, 900; 420, Pi
46; 21, 920; 420, Pi| largeNudge
45; 22, 900; 440, Pi
45; 23, 900; 460, Pi
47; 21, 940; 420, Pi| largeNudge
48; 21, 960; 420, Pi| largeNudge
49; 21, 980; 420, Pi
50; 21, 1000; 420, Pi
49; 22, 980; 440, Pi
49; 23, 980; 460, Pi
51; 21, 1020; 420, Pi
52; 21, 1040; 420, Pi
53; 21, 1060; 420, Pi
53; 23, 1060; 460, Pi
53; 22, 1060; 440, Pi
12; 22, 240; 440, Pi
11; 23, 220; 460, Pi
10; 24, 200; 480, Pi
9; 25, 180; 500, Pi
13; 25, 260; 500, Pi
14; 24, 280; 480, Pi
15; 23, 300; 460, Pi
16; 22, 320; 440, Pi
20; 22, 400; 440, Pi
19; 23, 380; 460, Pi
18; 24, 360; 480, Pi
17; 25, 340; 500, Pi
24; 22, 480; 440, Pi
22; 24, 440; 480, Pi
21; 25, 420; 500, Pi
28; 22, 560; 440, Pi
27; 23, 540; 460, Pi
26; 24, 520; 480, Pi
25; 25, 500; 500, Pi
29; 25, 580; 500, Pi
30; 24, 600; 480, Pi
31; 23, 620; 460, Pi
32; 22, 640; 440, Pi
36; 22, 720; 440, Pi
35; 23, 700; 460, Pi
34; 24, 680; 480, Pi
33; 25, 660; 500, Pi
37; 25, 740; 500, Pi
38; 24, 760; 480, Pi
39; 23, 780; 460, Pi
40; 22, 800; 440, Pi
41; 25, 820; 500, Pi
42; 24, 840; 480, Pi
43; 23, 860; 460, Pi
44; 22, 880; 440, Pi
48; 22, 960; 440, Pi
47; 23, 940; 460, Pi
46; 24, 920; 480, Pi
45; 25, 900; 500, Pi
49; 25, 980; 500, Pi
50; 24, 1000; 480, Pi
51; 23, 1020; 460, Pi
52; 22, 1040; 440, Pi
53; 25, 1060; 500, Pi
54; 24, 1080; 480, Pi
55; 23, 1100; 460, Pi
56; 22, 1120; 440, Pi
54; 21, 1080; 420, Pi
55; 21, 1100; 420, Pi
56; 21, 1120; 420, Pi
57; 21, 1140; 420, Pi
57; 26, 1140; 520, Pi
58; 26, 1160; 520, Pi
59; 26, 1180; 520, Pi
60; 26, 1200; 520, Pi
58; 21, 1160; 420, Pi
59; 21, 1180; 420, Pi
60; 21, 1200; 420, Pi
61; 26, 1220; 520, Pi
61; 21, 1220; 420, Pi
23; 23, 460; 460, Pi
9; 20, 180; 400, Pi
13; 20, 260; 400, Pi
17; 20, 340; 400, Pi
21; 20, 420; 400, Pi
25; 20, 500; 400, Pi
29; 20, 580; 400, Pi
33; 20, 660; 400, Pi
37; 20, 740; 400, Pi
41; 20, 820; 400, Pi
53; 20, 1060; 400, Pi
49; 20, 980; 400, Pi
45; 20, 900; 400, Pi
62; 26, 1240; 520, Pi
63; 26, 1260; 520, Pi
64; 26, 1280; 520, Pi
65; 26, 1300; 520, Pi
66; 26, 1320; 520, Pi
62; 21, 1240; 420, Pi
63; 21, 1260; 420, Pi
64; 21, 1280; 420, Pi
65; 21, 1300; 420, Pi
66; 21, 1320; 420, Pi
62; 22, 1240; 440, Pi
63; 25, 1260; 500, Pi
#spikes
13; 19, 260; 380, 1
9; 19, 180; 380, 1
53; 19, 1060; 380, 1
49; 19, 980; 380, 1
45; 19, 900; 380, 1
41; 19, 820; 380, 1
37; 19, 740; 380, 1
33; 19, 660; 380, 1
29; 19, 580; 380, 1
17; 19, 340; 380, 1
25; 19, 500; 380, 1
21; 19, 420; 380, 1
61; 25, 1220; 500, 1
62; 23, 1240; 460, 2
62; 25, 1240; 519, 2
63; 24, 1260; 480, 1
64; 22, 1280; 440, 2
65; 22, 1300; 440, 2
66; 22, 1320; 440, 2
64; 25, 1280; 518, 1| move, 2.0, 1320; 518, 64; 25, 1261; 520; 20; 20| move, 2.0, 1280; 518, 64; 25, 1339; 520; 20; 20