#misc
area, 5
checkpoint, 31; 64
checkpoint, 55; 64
checkpoint, 56; 49
exit, 900; 1220, 0; 1210; 2; 40, 3, decor, 1
exit, 900; 1200, 0; 1190; 2; 40, 3, decor, 1
exit, 880; 1200, 0; 1170; 2; 40, 3, decor, 1
exit, 860; 1200, 0; 1170; 2; 40, 3, decor, 1
exit, 900; 1240, 0; 1230; 2; 40, 3, decor, 1
exit, 1560; 960, 1620; 935; 2; 70, 4, Area5Select, 1
exit, 100; 960, 0; 914; 2; 136, 3, MainHub, 6
size, 1620, 1440
spawn, 46, 1029, 1
name, Area 5
exitP, To Area Select, MainHub, 6
index, 51
music, 5
key, 620, 1120, X
key, 740, 1060
key, 940, 940, X
key, 1300, 1160
key, 1500, 1220
#blocks
0; 52, 0; 1040, Pi
0; 45, 0; 900, Pi
1; 52, 20; 1040, Pi
2; 52, 40; 1040, Pi
3; 52, 60; 1040, Pi
4; 52, 80; 1040, Pi
1; 45, 20; 900, Pi
5; 56, 100; 1120, Pi
5; 55, 100; 1100, Pi
5; 54, 100; 1080, Pi
5; 53, 100; 1060, Pi
5; 52, 100; 1040, Pi
5; 57, 100; 1140, Pi
5; 58, 100; 1160, Pi
5; 59, 100; 1180, Pi
5; 60, 100; 1200, Pi
5; 61, 100; 1220, Pi
17; 52, 340; 1040, Pi
17; 54, 340; 1080, Pi
18; 48, 360; 960, Pi
17; 48, 340; 960, Pi
16; 48, 320; 960, Pi
15; 48, 300; 960, Pi
14; 48, 280; 960, Pi
13; 48, 260; 960, Pi
12; 48, 240; 960, Pi
11; 48, 220; 960, Pi
10; 48, 200; 960, Pi
9; 48, 180; 960, Pi
8; 48, 160; 960, Pi
7; 48, 140; 960, Pi
4; 47, 80; 940, Pi
5; 48, 100; 960, Pi
6; 48, 120; 960, Pi
5; 49, 100; 980, Pi
5; 50, 100; 1000, Pi
8; 53, 160; 1060, Pi| alternate, 160; 1060, 240; 1100, 300; 1060, 380; 1060, 300; 1080, 360; 1120, 440; 1100, 500; 1100, 540; 1100, 500; 1100, 440; 1180, 440; 1240, 415; 1320, 499; 1300, 540; 1340, 480; 1300, 530; 1224, 560; 1140, 580; 1140, 600; 1140, 620; 1140, 1.0, player, 160; 1040; 20; 20| teleport, 620; 1140, 8; 53, 620; 1140; 20; 20
7; 50, 100; 1000, Pi| teleport, 100; 1020, player, 160; 1040; 20; 20
17; 53, 340; 1060, Pi
3; 46, 60; 920, Pi
2; 45, 40; 900, Pi
6; 49, 120; 980, Pi
19; 64, 380; 1280, Pi
19; 63, 380; 1260, Pi
19; 62, 380; 1240, Pi
19; 61, 380; 1220, Pi
19; 60, 380; 1200, Pi
19; 59, 380; 1180, Pi
19; 58, 380; 1160, Pi
26; 53, 520; 1060, Pi
26; 54, 520; 1080, Pi
24; 53, 480; 1060, Pi
24; 54, 480; 1080, Pi
24; 55, 480; 1100, Pi
26; 55, 520; 1100, Pi
29; 49, 580; 980, Pi
28; 48, 560; 960, Pi
27; 48, 540; 960, Pi
26; 48, 520; 960, Pi
25; 48, 500; 960, Pi
24; 48, 480; 960, Pi
23; 48, 460; 960, Pi
22; 48, 440; 960, Pi
21; 48, 420; 960, Pi
20; 48, 400; 960, Pi
19; 48, 380; 960, Pi
30; 52, 600; 1040, Pi
30; 53, 600; 1060, Pi
30; 54, 600; 1080, Pi
30; 58, 600; 1160, Pi
19; 66, 380; 1320, Pi
19; 67, 380; 1340, Pi
19; 68, 380; 1360, Pi
19; 65, 380; 1300, Pi
5; 62, 100; 1240, Pi
5; 63, 100; 1260, Pi
5; 64, 100; 1280, Pi
5; 65, 100; 1300, Pi
5; 66, 100; 1320, Pi
5; 67, 100; 1340, Pi
5; 68, 100; 1360, Pi
28; 62, 560; 1240, Pi
27; 62, 540; 1240, Pi
26; 62, 520; 1240, Pi
29; 61, 580; 1220, Pi
30; 60, 600; 1200, Pi
30; 59, 600; 1180, Pi
31; 55, 620; 1100, Pi
31; 57, 620; 1140, Pi
33; 55, 660; 1100, Pi
34; 56, 680; 1120, Pi
34; 57, 680; 1140, Pi
34; 58, 680; 1160, Pi
34; 59, 680; 1180, Pi
34; 60, 680; 1200, Pi
34; 61, 680; 1220, Pi
34; 62, 680; 1240, Pi
33; 65, 660; 1300, Pi| move, 1.6, 660; 1360, player, 666; 1298; 8; 2| move, 4.0, 1060; 1360, 33; 65, 663; 1379; 20; 20
32; 65, 640; 1300, Pi
31; 65, 620; 1300, Pi
30; 65, 600; 1300, Pi
29; 65, 580; 1300, Pi
32; 52, 640; 1040, Pi
35; 55, 700; 1100, Pi
35; 54, 700; 1080, Pi
36; 54, 720; 1080, Pi
37; 54, 740; 1080, Pi
38; 54, 760; 1080, Pi
38; 53, 760; 1060, Pi
38; 52, 760; 1040, Pi
38; 51, 760; 1020, Pi
38; 50, 760; 1000, Pi
37; 50, 740; 1000, Pi
36; 50, 720; 1000, Pi
35; 50, 700; 1000, Pi
34; 50, 680; 1000, Pi
33; 51, 660; 1020, Pi
31; 52, 620; 1040, Pi
31; 53, 620; 1060, Pi
19; 69, 380; 1380, Pi
5; 69, 100; 1380, Pi
19; 70, 380; 1400, Pi
5; 70, 100; 1400, Pi
34; 65, 680; 1300, Pi
35; 65, 700; 1300, Pi
36; 65, 720; 1300, Pi
36; 64, 720; 1280, Pi
36; 63, 720; 1260, Pi
37; 63, 740; 1260, Pi
38; 63, 760; 1260, Pi
39; 63, 780; 1260, Pi
40; 63, 800; 1260, Pi
40; 64, 800; 1280, Pi
40; 65, 800; 1300, Pi
42; 61, 840; 1220, Pi
42; 62, 840; 1240, Pi
41; 65, 820; 1300, Pi
43; 63, 860; 1260, Pi
44; 63, 880; 1260, Pi
46; 63, 920; 1260, Pi
47; 63, 940; 1260, Pi
48; 63, 960; 1260, Pi
49; 63, 980; 1260, Pi
50; 63, 1000; 1260, Pi
51; 63, 1020; 1260, Pi
44; 66, 880; 1320, Pi
54; 65, 1080; 1300, Pi
55; 65, 1100; 1300, Pi
56; 65, 1120; 1300, Pi
52; 63, 1040; 1260, Pi
53; 63, 1060; 1260, Pi
54; 63, 1080; 1260, Pi
45; 62, 900; 1240, Pi| teleport, 60; 560, player, 880; 1317; 20; 2
45; 61, 900; 1220, Pi| teleport, 60; 540, player, 880; 1317; 20; 2
45; 60, 900; 1200, Pi| teleport, 60; 520, player, 880; 1317; 20; 2
44; 60, 880; 1200, Pi| teleport, 40; 520, player, 880; 1317; 20; 2
43; 60, 860; 1200, Pi| teleport, 20; 520, player, 880; 1317; 20; 2
35; 61, 700; 1220, Pi
36; 61, 720; 1220, Pi
37; 61, 740; 1220, Pi
38; 61, 760; 1220, Pi
39; 61, 780; 1220, Pi
40; 61, 800; 1220, Pi
41; 61, 820; 1220, Pi
55; 63, 1100; 1260, Pi
56; 60, 1120; 1200, Pi
57; 46, 1140; 920, Pi
58; 46, 1160; 920, Pi
59; 46, 1180; 920, Pi
60; 46, 1200; 920, Pi
61; 46, 1220; 920, Pi
62; 46, 1240; 920, Pi
45; 63, 900; 1260, Pi
56; 50, 1120; 1000, Pi
56; 46, 1120; 920, Pi
56; 55, 1120; 1100, Pi
55; 54, 1100; 1080, Pi
55; 53, 1100; 1060, Pi
55; 52, 1100; 1040, Pi
55; 51, 1100; 1020, Pi
55; 49, 1100; 980, Pi
55; 48, 1100; 960, Pi
55; 47, 1100; 940, Pi
55; 62, 1100; 1240, Pi
55; 61, 1100; 1220, Pi
53; 60, 1060; 1200, Pi
47; 56, 940; 1120, Pi
46; 59, 900; 1180, Pi
45; 58, 900; 1160, Pi
45; 57, 900; 1140, Pi
45; 56, 900; 1120, Pi
45; 55, 900; 1100, Pi
45; 54, 900; 1080, Pi
45; 53, 900; 1060, Pi
45; 52, 900; 1040, Pi
45; 51, 900; 1020, Pi
45; 50, 900; 1000, Pi
45; 49, 900; 980, Pi
45; 48, 900; 960, Pi
45; 47, 900; 940, Pi
46; 46, 920; 920, Pi
47; 46, 940; 920, Pi
48; 46, 960; 920, Pi
50; 46, 1000; 920, Pi
51; 46, 1020; 920, Pi
52; 46, 1040; 920, Pi
53; 46, 1060; 920, Pi
54; 46, 1080; 920, Pi
49; 46, 980; 920, Pi
50; 54, 1000; 1080, Pi
53; 52, 1060; 1040, Pi
50; 50, 1000; 1000, Pi
47; 48, 940; 960, Pi
50; 58, 1000; 1160, Pi
19; 71, 380; 1420, Pi
5; 71, 100; 1420, Pi
62; 50, 1240; 1000, Pi
63; 46, 1260; 920, Pi
64; 46, 1280; 920, Pi
65; 46, 1300; 920, Pi
66; 46, 1320; 920, Pi
67; 46, 1340; 920, Pi
68; 46, 1360; 920, Pi
69; 46, 1380; 920, Pi
70; 46, 1400; 920, Pi
71; 46, 1420; 920, Pi
72; 46, 1440; 920, Pi
73; 46, 1460; 920, Pi
75; 46, 1500; 920, Pi
76; 46, 1520; 920, Pi
77; 46, 1540; 920, Pi
60; 53, 1200; 1060, Pi
61; 54, 1220; 1080, Pi
64; 54, 1280; 1080, Pi
62; 54, 1240; 1080, Pi
63; 54, 1260; 1080, Pi
65; 54, 1300; 1080, Pi
66; 54, 1320; 1080, Pi
67; 54, 1340; 1080, Pi
68; 54, 1360; 1080, Pi
69; 54, 1380; 1080, Pi
70; 54, 1400; 1080, Pi
71; 54, 1420; 1080, Pi
72; 54, 1440; 1080, Pi
73; 54, 1460; 1080, Pi
74; 54, 1480; 1080, Pi
68; 50, 1360; 1000, Pi
74; 50, 1480; 1000, Pi
78; 46, 1560; 920, Pi
79; 46, 1580; 920, Pi
80; 46, 1600; 920, Pi
74; 46, 1480; 920, Pi
75; 50, 1500; 1000, Pi
76; 50, 1520; 1000, Pi| teleport, 1540; 1000, player, 1520; 1040; 20; 20
77; 50, 1540; 1000, Pi
78; 50, 1560; 1000, Pi
79; 50, 1580; 1000, Pi
80; 50, 1600; 1000, Pi
75; 53, 1500; 1060, Pi
76; 53, 1520; 1060, Pi
77; 53, 1540; 1060, Pi
80; 51, 1600; 1020, Pi
80; 52, 1600; 1040, Pi
80; 53, 1600; 1060, Pi
80; 54, 1600; 1080, Pi
80; 55, 1600; 1100, Pi
80; 56, 1600; 1120, Pi
80; 57, 1600; 1140, Pi
80; 58, 1600; 1160, Pi
80; 59, 1600; 1180, Pi
79; 59, 1580; 1180, Pi
78; 59, 1560; 1180, Pi
77; 59, 1540; 1180, Pi
76; 59, 1520; 1180, Pi| move, 1.0, 1500; 1180, player, 1507; 1197; 32; 50
75; 59, 1500; 1180, Pi
74; 59, 1480; 1180, Pi
73; 59, 1460; 1180, Pi
72; 59, 1440; 1180, Pi
71; 59, 1420; 1180, Pi
70; 59, 1400; 1180, Pi
69; 59, 1380; 1180, Pi
68; 59, 1360; 1180, Pi
67; 59, 1340; 1180, Pi| teleport, 1360; 1180, player, 1342; 1178; 16; 2
66; 59, 1320; 1180, Pi
65; 59, 1300; 1180, Pi
64; 59, 1280; 1180, Pi
64; 58, 1280; 1160, Pi
64; 57, 1280; 1140, Pi
64; 56, 1280; 1120, Pi
64; 55, 1280; 1100, Pi
79; 55, 1580; 1100, Pi
78; 55, 1560; 1100, Pi
76; 54, 1520; 1080, Pi
76; 55, 1520; 1100, Pi
76; 56, 1520; 1120, Pi
76; 57, 1520; 1140, Pi
77; 57, 1540; 1140, Pi
78; 57, 1560; 1140, Pi
73; 55, 1460; 1100, Pi
71; 55, 1420; 1100, Pi
69; 55, 1380; 1100, Pi
67; 55, 1340; 1100, Pi
65; 60, 1300; 1200, Pi
65; 61, 1300; 1220, Pi
65; 62, 1300; 1240, Pi
66; 62, 1320; 1240, Pi
67; 62, 1340; 1240, Pi
68; 62, 1360; 1240, Pi
72; 62, 1440; 1240, Pi
73; 62, 1460; 1240, Pi
74; 62, 1480; 1240, Pi
75; 62, 1500; 1240, Pi
69; 62, 1380; 1240, Pi
71; 62, 1420; 1240, Pi
76; 62, 1520; 1240, Pi
77; 62, 1540; 1240, Pi
69; 63, 1380; 1260, Pi
70; 64, 1400; 1280, Pi
71; 63, 1420; 1260, Pi
71; 64, 1420; 1280, Pi
69; 64, 1380; 1280, Pi
77; 61, 1540; 1220, Pi
77; 60, 1540; 1200, Pi
29; 54, 580; 1080, Pi
29; 53, 580; 1060, Pi
29; 52, 580; 1040, Pi
29; 51, 580; 1020, Pi
29; 50, 580; 1000, Pi
29; 58, 580; 1160, Pi
29; 59, 580; 1180, Pi
29; 60, 580; 1200, Pi
42; 65, 840; 1300, Pi
#spikes
6; 56, 120; 1120, 4
6; 53, 120; 1060, 4
6; 54, 120; 1080, 4
6; 55, 120; 1100, 4
6; 57, 120; 1140, 4
6; 58, 120; 1160, 4
6; 59, 120; 1180, 4
6; 60, 120; 1200, 4
6; 61, 120; 1220, 4
17; 51, 340; 1020, 1
17; 49, 340; 965, 2
18; 49, 360; 972, 2
16; 49, 320; 972, 2
6; 50, 120; 1000, 4
8; 50, 120; 1000, 4| teleport, 120; 1020, player, 160; 1040; 20; 20
0; 44, 0; 880, 1
1; 44, 20; 880, 1
2; 44, 40; 880, 1
3; 45, 60; 900, 1
4; 46, 80; 920, 1
5; 47, 100; 940, 1
6; 47, 120; 940, 1
7; 47, 140; 940, 1
8; 47, 160; 940, 1
9; 47, 180; 940, 1| teleport, 880; 1300, player, 883; 1317; 14; 2
10; 47, 200; 940, 1
11; 47, 220; 940, 1
12; 47, 240; 940, 1
13; 47, 260; 940, 1
14; 47, 280; 940, 1
15; 47, 300; 940, 1
16; 47, 320; 940, 1
17; 47, 340; 940, 1
18; 47, 360; 940, 1
7; 49, 140; 980, 2
8; 49, 160; 980, 2
9; 49, 180; 980, 2
10; 49, 200; 980, 2
11; 49, 220; 980, 2
12; 49, 240; 980, 2
13; 49, 260; 980, 2
14; 49, 280; 980, 2
15; 49, 300; 980, 2
19; 57, 380; 1140, 1
20; 58, 400; 1160, 4
20; 59, 400; 1180, 4
20; 60, 400; 1200, 4
20; 61, 400; 1220, 4
20; 63, 400; 1260, 4
20; 62, 400; 1240, 4
20; 64, 400; 1280, 4
24; 52, 480; 1040, 1
26; 52, 520; 1040, 1
19; 49, 380; 980, 2
20; 49, 400; 980, 2
21; 49, 420; 980, 2
22; 49, 440; 980, 2
23; 49, 460; 980, 2
24; 49, 480; 980, 2
25; 49, 500; 980, 2
26; 49, 520; 980, 2
27; 49, 540; 980, 2
28; 49, 560; 980, 2
19; 47, 380; 940, 1
20; 47, 400; 940, 1
21; 47, 420; 940, 1
22; 47, 440; 940, 1
23; 47, 460; 940, 1
24; 47, 480; 940, 1
25; 47, 500; 940, 1
26; 47, 520; 940, 1
27; 47, 540; 940, 1
28; 47, 560; 940, 1
29; 48, 580; 960, 1
30; 49, 600; 980, 4
31; 54, 620; 1080, 4
12; 58, 240; 1160, 1
12; 59, 240; 1180, 2
20; 68, 400; 1360, 4
20; 67, 400; 1340, 4
20; 66, 400; 1320, 4
20; 65, 400; 1300, 4
6; 62, 120; 1240, 4
6; 63, 120; 1260, 4
6; 64, 120; 1280, 4
6; 65, 120; 1300, 4
6; 66, 120; 1320, 4
6; 67, 120; 1340, 4
6; 68, 120; 1360, 4
25; 62, 500; 1240, 3
26; 61, 520; 1220, 1
27; 61, 540; 1220, 1
28; 61, 560; 1220, 1
31; 58, 620; 1160, 4
31; 60, 620; 1200, 4
31; 59, 620; 1180, 4
30; 61, 600; 1220, 4
29; 62, 580; 1240, 2
30; 57, 600; 1140, 1
30; 55, 600; 1100, 2
33; 56, 660; 1120, 3
33; 57, 660; 1140, 3
33; 58, 660; 1160, 3
33; 59, 660; 1180, 3
33; 60, 660; 1200, 3
33; 61, 660; 1220, 3
33; 62, 660; 1240, 3
32; 53, 640; 1057, 2
33; 54, 660; 1083, 1
34; 55, 680; 1100, 1
35; 53, 700; 1063, 1
33; 52, 660; 1033, 2
34; 51, 680; 1013, 2
35; 51, 700; 1013, 2
36; 51, 720; 1013, 2
37; 51, 740; 1013, 2
34; 54, 680; 1080, 3| move, 0.5, 700; 1080, 34; 54, 661; 1080; 20; 20| move, 0.5, 680; 1080, 34; 54, 719; 1080; 20; 20
20; 70, 400; 1400, 4
20; 69, 400; 1380, 4
6; 70, 120; 1400, 4
6; 69, 120; 1380, 4
18; 70, 360; 1400, 3
18; 69, 360; 1380, 3
18; 68, 360; 1360, 3
18; 67, 360; 1340, 3
18; 66, 360; 1320, 3
18; 65, 360; 1300, 3
18; 64, 360; 1280, 3
18; 63, 360; 1260, 3
18; 62, 360; 1240, 3
18; 61, 360; 1220, 3
18; 60, 360; 1200, 3
18; 59, 360; 1180, 3
18; 58, 360; 1160, 3
34; 63, 680; 1260, 2
35; 63, 700; 1260, 3| alternate, 700; 1260; 3, 720; 1240; 1, 0.5, 36; 63, 720; 1260; 20; 20
37; 64, 740; 1280, 2
38; 64, 760; 1280, 2
39; 64, 780; 1280, 2
41; 63, 820; 1260, 4| alternate, 820; 1260; 4, 800; 1240; 1, 0.5, 40; 63, 800; 1260; 20; 20
46; 64, 920; 1280, 2
47; 64, 940; 1280, 2
48; 64, 960; 1280, 2
42; 63, 840; 1260, 2
49; 64, 980; 1280, 2
50; 64, 1000; 1280, 2
51; 64, 1020; 1280, 2
33; 64, 660; 1289, 1| teleport, 680; 1225, player, 820; 1280; 20; 20
28; 63, 560; 1260, 2
27; 63, 540; 1260, 2
26; 63, 520; 1260, 2
32; 66, 640; 1320, 2
34; 66, 680; 1320, 2
35; 66, 700; 1320, 2
36; 66, 720; 1320, 2
31; 66, 620; 1320, 2
30; 66, 600; 1320, 2
29; 66, 580; 1320, 2
40; 66, 800; 1320, 2
41; 66, 820; 1320, 2
42; 66, 840; 1320, 2
55; 50, 1105; 1000, 3
55; 60, 1105; 1200, 3
55; 55, 1105; 1100, 3
54; 62, 1080; 1240, 1
53; 62, 1060; 1240, 1
52; 62, 1040; 1240, 1
51; 62, 1020; 1240, 1
50; 62, 1000; 1240, 1
49; 62, 980; 1240, 1
48; 62, 960; 1240, 1
47; 62, 940; 1240, 1
46; 62, 920; 1240, 1
49; 54, 980; 1080, 3
51; 54, 1020; 1080, 4
54; 60, 1080; 1200, 4
52; 60, 1040; 1200, 3
51; 58, 1020; 1160, 4
48; 56, 960; 1120, 4
46; 56, 920; 1120, 3
49; 58, 980; 1160, 3
49; 50, 980; 1000, 3
51; 50, 1020; 1000, 4
52; 52, 1040; 1040, 3
54; 52, 1080; 1040, 4
53; 61, 1060; 1220, 2| alternate, 1060; 1220; 2, 1060; 1180; 1, 0.7, 53; 60, 1060; 1200; 20; 20
50; 59, 1000; 1180, 2| alternate, 1000; 1180; 2, 1000; 1140; 1, 0.6, 50; 58, 1000; 1160; 20; 20
47; 55, 940; 1100, 1| alternate, 940; 1100; 1, 940; 1140; 2, 0.6, 47; 56, 940; 1123; 20; 20
50; 55, 1000; 1100, 2| alternate, 1000; 1100; 2, 1000; 1060; 1, 0.8, 50; 54, 1000; 1080; 20; 20
53; 51, 1060; 1020, 1| alternate, 1060; 1020; 1, 1060; 1060; 2, 0.6, 53; 52, 1060; 1040; 20; 20
50; 49, 1000; 980, 1| alternate, 1000; 980; 1, 1000; 1020; 2, 0.5, 50; 50, 1000; 1000; 20; 20
6; 71, 120; 1420, 4
18; 71, 360; 1420, 3
20; 71, 400; 1420, 4
58; 47, 1160; 940, 2| alternate, 1160; 940; 2, 1240; 980; 1, 0.6, 68; 50, 1360; 1000; 20; 20
60; 52, 1200; 1040, 1
61; 53, 1220; 1060, 1
64; 53, 1280; 1060, 1
68; 53, 1360; 1060, 1
70; 53, 1400; 1060, 1
69; 53, 1380; 1060, 1
67; 53, 1340; 1060, 1
66; 53, 1320; 1060, 1
63; 53, 1260; 1060, 1
62; 53, 1240; 1060, 1
65; 53, 1300; 1060, 1
71; 53, 1420; 1060, 1
74; 53, 1480; 1070, 1
73; 53, 1460; 1065, 1
72; 53, 1440; 1060, 1
64; 47, 1280; 940, 2| alternate, 1280; 940; 2, 1360; 980; 1, 0.6, 68; 50, 1360; 1000; 20; 20
70; 47, 1400; 940, 2| alternate, 1400; 940; 2, 1480; 980; 1, 0.6, 68; 50, 1360; 1000; 20; 20
75; 52, 1500; 1040, 1
78; 54, 1560; 1080, 1| alternate, 1560; 1080; 1, 1540; 1100; 3, 0.5, 78; 55, 1560; 1100; 20; 20
79; 54, 1580; 1080, 1| alternate, 1580; 1080; 1, 1580; 1120; 2, 0.5, 79; 55, 1580; 1100; 20; 20
79; 58, 1580; 1160, 1| move, 0.5, 1580; 1180, 79; 58, 1580; 1141; 20; 20| move, 0.5, 1580; 1160, 79; 58, 1580; 1199; 20; 20
74; 58, 1480; 1160, 1
72; 58, 1440; 1160, 1
70; 58, 1400; 1160, 1
68; 58, 1360; 1160, 1
66; 58, 1320; 1160, 1
73; 56, 1460; 1120, 2
71; 56, 1420; 1120, 2
69; 56, 1380; 1120, 2| move, 2.0, 1380; 1180, player, 1380; 1135; 2; 50
67; 56, 1340; 1120, 2
66; 55, 1320; 1100, 2
65; 55, 1300; 1100, 2
68; 55, 1360; 1100, 2
70; 55, 1400; 1100, 2
72; 55, 1440; 1100, 2
74; 55, 1480; 1100, 2
75; 54, 1500; 1080, 2
67; 61, 1340; 1220, 1
73; 61, 1460; 1223, 1
68; 61, 1360; 1223, 1
66; 61, 1320; 1220, 1
72; 61, 1440; 1223, 1
70; 60, 1400; 1200, 2
71; 60, 1420; 1200, 2
70; 63, 1400; 1260, 1
6; 52, 120; 1060, 4| teleport, 120; 1040, player, 160; 1040; 20; 20
29; 57, 580; 1140, 1
29; 55, 580; 1100, 2
28; 60, 560; 1200, 3
28; 59, 560; 1180, 3
28; 58, 560; 1160, 3
28; 54, 560; 1080, 3
28; 53, 560; 1060, 3
28; 52, 560; 1040, 3
28; 51, 560; 1020, 3
28; 50, 560; 1000, 3
30; 51, 600; 1020, 4
30; 50, 600; 1000, 4
57; 60, 1135; 1200, 4
57; 55, 1135; 1100, 4
57; 50, 1135; 1000, 4