#misc
area, 5
checkpoint, 58; 40
checkpoint, 45; 40
checkpoint, 24; 23
checkpoint, 67; 9
checkpoint, 26; 40
checkpoint, 42; 10
checkpoint, 44; 23
checkpoint, 64; 22
checkpoint, 34; 43
checkpoint, 87; 2
checkpoint, 34; 21
checkpoint, 34; 33
exit, 655; 410, 650; 1420; 40; 2, 2, decor, 1
exit, 705; 410, 690; 0; 40; 2, 1, decor, 1
exit, 1880; 220, 1980; 210; 2; 40, 4, TransitionToHub, 5, 6
size, 1980, 1420
spawn, 686, 429, 0
name, DUNGEON 5
exitP, Exit Dungeon, Area5Select, 13
index, 63
music, 5
mittens, 40, 680, 800
mittens, 41, 1160, 778
mittens, 42, 520, 840
mittens, 43, 770, 920
mittens, 44, 480, 340
mittens, 45, 1300, 440
mittens, 46, 900, 200
mittens, 47, 1360, 180
mittens, 48, 1960, 220
lockM, 40, 780, 780, Pi
lockM, 41, 580, 780, Pi
lockM, 42, 680, 820, Pi
lockM, 43, 540, 440, Pi
lockM, 44, 820, 440, Pi
lockM, 46, 960, 180, Pi
lockM, 47, 1380, 180, Pi
#blocks
34; 19, 680; 380, Pi
35; 19, 700; 380, Pi
33; 16, 660; 320, Pi
34; 16, 680; 320, Pi
35; 16, 700; 320, Pi
33; 22, 660; 440, Pi
34; 22, 680; 440, Pi
35; 22, 700; 440, Pi
33; 13, 660; 260, Pi
34; 13, 680; 260, Pi
35; 13, 700; 260, Pi
33; 25, 660; 500, Pi
34; 25, 680; 500, Pi
35; 25, 700; 500, Pi
33; 28, 660; 560, Pi
34; 28, 680; 560, Pi
35; 28, 700; 560, Pi
33; 31, 660; 620, Pi
34; 31, 680; 620, Pi
35; 31, 700; 620, Pi
33; 19, 660; 380, Pi
38; 30, 760; 600, Pi
38; 29, 760; 580, Pi
38; 27, 760; 540, Pi
38; 26, 760; 520, Pi
38; 25, 760; 500, Pi
30; 31, 600; 620, Pi
30; 30, 600; 600, Pi
30; 29, 600; 580, Pi
30; 28, 620; 560, Pi
30; 27, 600; 540, Pi
30; 26, 600; 520, Pi
30; 25, 620; 500, Pi
38; 18, 760; 360, Pi
38; 17, 760; 340, Pi
38; 16, 740; 320, Pi
38; 15, 760; 300, Pi
38; 14, 760; 280, Pi
38; 13, 760; 260, Pi
30; 13, 620; 260, Pi
30; 14, 600; 280, Pi
30; 15, 600; 300, Pi
30; 16, 600; 320, Pi
30; 17, 600; 340, Pi
30; 18, 600; 360, Pi
30; 19, 600; 380, Pi
38; 24, 760; 480, Pi
30; 24, 600; 480, Pi
38; 20, 760; 400, Pi
39; 24, 780; 480, Pi
29; 24, 580; 480, Pi
30; 20, 600; 400, Pi
29; 20, 580; 400, Pi
39; 20, 780; 400, Pi
40; 24, 800; 470, Pi
28; 24, 560; 470, Pi
41; 24, 820; 460, Pi
40; 20, 800; 410, Pi
41; 20, 820; 420, Pi
27; 24, 540; 460, Pi
42; 24, 840; 470, Pi
42; 20, 840; 410, Pi
28; 20, 560; 410, Pi
43; 24, 860; 480, Pi
44; 24, 880; 480, Pi
43; 20, 860; 400, Pi
44; 20, 880; 400, Pi
26; 24, 520; 470, Pi
25; 24, 500; 480, Pi
24; 24, 480; 480, Pi
27; 20, 540; 420, Pi
26; 20, 520; 410, Pi
25; 20, 500; 400, Pi
24; 20, 480; 400, Pi
38; 19, 740; 380, Pi
38; 31, 740; 620, Pi
38; 28, 760; 560, Pi
30; 12, 600; 240, Pi
30; 11, 600; 220, Pi
31; 10, 620; 200, Pi
32; 9, 640; 180, Pi
33; 8, 660; 160, Pi
34; 7, 680; 140, Pi
35; 7, 700; 140, Pi
36; 7, 720; 140, Pi
38; 12, 760; 240, Pi
38; 11, 760; 220, Pi
37; 7, 740; 140, Pi
38; 7, 760; 140, Pi
39; 7, 780; 140, Pi
39; 11, 780; 220, Pi
44; 11, 880; 220, Pi
44; 7, 880; 140, Pi
45; 7, 900; 140, Pi
45; 11, 900; 220, Pi
46; 11, 920; 220, Pi
47; 11, 940; 210, Pi
46; 7, 920; 140, Pi
47; 7, 940; 150, Pi
48; 11, 960; 200, Pi
48; 7, 960; 160, Pi
49; 11, 980; 210, Pi
50; 11, 1000; 220, Pi
50; 7, 1000; 140, Pi
49; 7, 980; 150, Pi
51; 11, 1020; 220, Pi
51; 7, 1020; 140, Pi
38; 32, 760; 640, Pi
30; 32, 600; 640, Pi
34; 34, 680; 680, Pi
32; 34, 640; 680, Pi
32; 35, 640; 700, Pi
32; 36, 640; 720, Pi
36; 36, 720; 720, Pi
36; 35, 720; 700, Pi
36; 34, 720; 680, Pi
32; 37, 640; 740, Pi
37; 33, 740; 660, Pi
31; 33, 620; 660, Pi
36; 37, 720; 740, Pi
33; 37, 660; 740, Pi
35; 37, 700; 740, Pi
32; 41, 640; 820, Pi
33; 41, 660; 820, Pi
35; 41, 700; 820, Pi
36; 41, 720; 820, Pi
37; 41, 740; 820, Pi
38; 41, 760; 810, Pi
37; 37, 740; 740, Pi
38; 37, 760; 750, Pi
39; 41, 780; 800, Pi
40; 41, 800; 810, Pi
41; 41, 820; 820, Pi
42; 41, 840; 820, Pi
39; 37, 780; 760, Pi
40; 37, 800; 750, Pi
41; 37, 820; 740, Pi
42; 37, 840; 740, Pi
43; 41, 860; 820, Pi
43; 37, 860; 740, Pi
44; 41, 880; 820, Pi
44; 37, 880; 740, Pi
45; 37, 900; 740, Pi
46; 38, 920; 754, Pi
47; 39, 940; 774, Pi
45; 41, 900; 820, Pi
46; 41, 920; 820, Pi
47; 41, 940; 820, Pi
47; 38, 940; 754, Pi
48; 38, 960; 754, Pi
49; 38, 980; 754, Pi
50; 38, 1000; 754, Pi
51; 38, 1020; 754, Pi
52; 38, 1040; 754, Pi
53; 38, 1060; 754, Pi
54; 38, 1080; 754, Pi
55; 38, 1100; 754, Pi
56; 38, 1120; 754, Pi
57; 39, 1140; 774, Pi
57; 38, 1140; 754, Pi
58; 38, 1160; 757, Pi
59; 38, 1180; 760, Pi
59; 39, 1180; 780, Pi
59; 40, 1180; 800, Pi
59; 41, 1180; 820, Pi
58; 41, 1160; 820, Pi
49; 41, 980; 825, Pi| move, .75, 980; 805, 49; 41, 980; 844; 20; 20| move, .75, 980; 825, 49; 41, 980; 786; 20; 20
51; 41, 1020; 825, Pi| move, .75, 1020; 805, 49; 41, 980; 844; 20; 20| move, .75, 1020; 825, 49; 41, 980; 786; 20; 20
53; 41, 1060; 825, Pi| move, .75, 1060; 805, 49; 41, 980; 844; 20; 20| move, .75, 1060; 825, 49; 41, 980; 786; 20; 20
55; 41, 1100; 825, Pi| move, .75, 1100; 805, 49; 41, 980; 844; 20; 20| move, .75, 1100; 825, 49; 41, 980; 786; 20; 20
57; 41, 1140; 820, Pi
46; 42, 920; 840, Pi
47; 43, 940; 860, Pi
48; 44, 960; 880, Pi
49; 44, 980; 880, Pi
52; 44, 1040; 880, Pi
53; 44, 1060; 880, Pi
54; 44, 1080; 880, Pi
55; 44, 1100; 880, Pi
57; 43, 1140; 860, Pi
51; 44, 1020; 880, Pi
58; 42, 1160; 840, Pi
50; 44, 1000; 880, Pi
56; 44, 1120; 880, Pi
30; 37, 600; 750, Pi
31; 37, 620; 740, Pi
27; 41, 540; 820, Pi
26; 41, 520; 820, Pi| teleport, 500; 820, 22; 41, 520; 920; 20; 20
31; 41, 620; 820, Pi
30; 41, 600; 810, Pi
29; 41, 580; 800, Pi
28; 41, 560; 810, Pi
29; 37, 580; 760, Pi
28; 37, 560; 750, Pi
27; 37, 540; 740, Pi
26; 37, 520; 740, Pi
23; 24, 460; 480, Pi
21; 24, 420; 480, Pi| move, 1.0, 320; 480, player, 423; 477; 14; 2| move, 1.0, 320; 360, 21; 24, 301; 480; 20; 20| move, 3.0, 386; 340, 21; 24, 320; 341; 20; 20
23; 19, 460; 380, Pi
24; 18, 480; 360, Pi
25; 17, 500; 340, Pi
25; 16, 500; 320, Pi
25; 15, 500; 300, Pi
22; 13, 440; 260, Pi
21; 13, 420; 260, Pi
20; 13, 400; 260, Pi
19; 13, 380; 260, Pi
13; 13, 260; 260, Pi
14; 13, 280; 260, Pi
15; 13, 300; 260, Pi
16; 13, 320; 260, Pi
17; 13, 340; 260, Pi
18; 13, 360; 260, Pi
12; 14, 240; 280, Pi
12; 15, 240; 300, Pi
12; 16, 240; 320, Pi
12; 17, 240; 340, Pi
12; 18, 240; 360, Pi
12; 19, 240; 380, Pi
12; 20, 240; 400, Pi
12; 21, 240; 420, Pi
12; 22, 240; 440, Pi
12; 23, 240; 460, Pi
12; 24, 240; 480, Pi
23; 20, 460; 400, Pi
23; 18, 460; 360, Pi
23; 13, 460; 260, Pi
25; 14, 500; 280, Pi
24; 13, 480; 260, Pi
23; 26, 460; 520, Pi
22; 27, 440; 540, Pi
21; 27, 420; 540, Pi
14; 27, 280; 540, Pi
15; 27, 300; 540, Pi
16; 27, 320; 540, Pi
17; 27, 340; 540, Pi
18; 27, 360; 540, Pi
19; 27, 380; 540, Pi
20; 27, 400; 540, Pi
12; 25, 240; 500, Pi
13; 26, 260; 520, Pi
24; 25, 480; 500, Pi
17; 23, 347; 454, Pi
15; 19, 300; 380, Pi
52; 11, 1040; 220, Pi
53; 11, 1060; 220, Pi
53; 7, 1060; 140, Pi
52; 7, 1040; 140, Pi
54; 11, 1080; 220, Pi
54; 7, 1080; 140, Pi
55; 11, 1100; 220, Pi
55; 7, 1100; 140, Pi
56; 11, 1120; 220, Pi
56; 7, 1120; 140, Pi
57; 11, 1140; 220, Pi
57; 7, 1140; 140, Pi
58; 11, 1160; 220, Pi
59; 11, 1180; 220, Pi
60; 11, 1200; 220, Pi
61; 11, 1220; 220, Pi
62; 11, 1240; 220, Pi
63; 11, 1260; 220, Pi
64; 11, 1280; 220, Pi
58; 7, 1160; 140, Pi
59; 7, 1180; 140, Pi
60; 7, 1200; 140, Pi
61; 7, 1220; 140, Pi
62; 7, 1240; 140, Pi
63; 7, 1260; 140, Pi
65; 11, 1300; 220, Pi
64; 7, 1280; 140, Pi
65; 7, 1300; 140, Pi
66; 11, 1320; 210, Pi
66; 7, 1320; 150, Pi
67; 11, 1340; 200, Pi
67; 7, 1340; 160, Pi
68; 10, 1360; 200, Pi
68; 8, 1360; 160, Pi
69; 10, 1380; 200, Pi
69; 8, 1380; 160, Pi
70; 11, 1400; 210, Pi
71; 11, 1420; 220, Pi
70; 7, 1400; 150, Pi
71; 7, 1420; 140, Pi
72; 11, 1440; 220, Pi
72; 7, 1440; 140, Pi
43; 12, 860; 220, Pi
43; 7, 860; 140, Pi
25; 41, 500; 820, Pi
25; 37, 500; 740, Pi
22; 41, 440; 820, Pi| move, 1.0, 520; 1140, 22; 41, 440; 1159; 20; 20| move, 1.0, 440; 1140, player, 443; 818; 14; 2| move, 2.0, 520; 820, 22; 41, 539; 1140; 20; 20
24; 37, 480; 740, Pi
20; 37, 400; 740, Pi
19; 43, 380; 860, Pi
19; 42, 380; 840, Pi
19; 41, 380; 820, Pi
25; 42, 500; 840, Pi
25; 47, 500; 940, Pi
25; 46, 500; 920, Pi
25; 45, 500; 900, Pi
25; 44, 500; 880, Pi
25; 43, 500; 860, Pi
19; 47, 380; 940, Pi
19; 48, 380; 960, Pi
19; 46, 380; 920, Pi
19; 45, 380; 900, Pi
19; 44, 380; 880, Pi
19; 49, 380; 980, Pi
19; 50, 380; 1000, Pi
19; 51, 380; 1020, Pi
19; 52, 380; 1040, Pi
19; 53, 380; 1060, Pi
19; 54, 380; 1080, Pi
19; 55, 380; 1100, Pi
25; 48, 500; 960, Pi
25; 53, 500; 1060, Pi
25; 54, 500; 1080, Pi
25; 52, 500; 1040, Pi
25; 51, 500; 1020, Pi
25; 50, 500; 1000, Pi
25; 49, 500; 980, Pi
25; 55, 500; 1100, Pi
19; 56, 380; 1120, Pi
19; 57, 380; 1140, Pi
20; 58, 400; 1160, Pi
21; 58, 420; 1160, Pi
23; 58, 460; 1160, Pi
24; 58, 480; 1160, Pi
22; 58, 440; 1160, Pi
19; 38, 380; 760, Pi
19; 39, 380; 780, Pi
19; 40, 380; 800, Pi
23; 37, 460; 740, Pi
22; 37, 440; 740, Pi
21; 37, 420; 740, Pi
25; 58, 500; 1160, Pi
26; 58, 520; 1160, Pi
27; 57, 540; 1140, Pi
27; 56, 540; 1120, Pi
27; 55, 540; 1100, Pi
27; 54, 540; 1080, Pi
27; 53, 540; 1060, Pi
27; 52, 540; 1040, Pi
27; 51, 540; 1020, Pi
27; 42, 540; 840, Pi
27; 43, 540; 860, Pi
27; 44, 540; 880, Pi
27; 45, 540; 900, Pi
27; 46, 540; 920, Pi
27; 47, 540; 940, Pi
27; 48, 540; 960, Pi
27; 49, 540; 980, Pi
27; 50, 540; 1000, Pi
18; 40, 380; 800, Pi| teleport, 500; 800, player, 443; 818; 14; 2
18; 39, 380; 780, Pi| teleport, 500; 780, player, 443; 818; 14; 2
18; 38, 380; 760, Pi| teleport, 500; 760, player, 443; 818; 14; 2
35; 42, 710; 840, Pi
33; 42, 650; 840, Pi
32; 43, 640; 860, Pi
36; 43, 720; 860, Pi
32; 44, 640; 880, Pi
40; 11, 800; 220, Pi
42; 11, 840; 220, Pi
41; 11, 820; 220, Pi
42; 7, 840; 140, Pi
41; 7, 820; 140, Pi
40; 7, 800; 140, Pi
45; 24, 900; 480, Pi
45; 20, 900; 400, Pi
46; 24, 920; 480, Pi
47; 24, 940; 480, Pi
48; 24, 960; 480, Pi
49; 24, 980; 480, Pi
50; 24, 1000; 480, Pi
51; 24, 1020; 480, Pi
52; 24, 1040; 480, Pi
53; 24, 1060; 480, Pi
54; 24, 1080; 480, Pi
55; 24, 1100; 480, Pi
46; 20, 920; 400, Pi
47; 20, 940; 400, Pi
48; 20, 960; 400, Pi
49; 20, 980; 400, Pi
50; 20, 1000; 400, Pi
51; 20, 1020; 400, Pi
52; 20, 1040; 400, Pi
53; 20, 1060; 400, Pi
54; 20, 1080; 400, Pi
55; 20, 1100; 400, Pi
56; 20, 1120; 400, Pi
57; 20, 1140; 400, Pi
56; 24, 1120; 480, Pi
57; 24, 1140; 480, Pi
58; 24, 1160; 480, Pi
58; 20, 1160; 400, Pi
60; 24, 1200; 480, Pi
59; 24, 1180; 480, Pi
61; 24, 1220; 480, Pi
61; 20, 1220; 400, Pi
60; 20, 1200; 400, Pi
59; 20, 1180; 400, Pi
62; 24, 1240; 480, Pi
62; 20, 1240; 400, Pi
63; 24, 1260; 480, Pi
63; 20, 1260; 400, Pi
64; 23, 1280; 460, Pi
64; 21, 1280; 420, Pi
65; 21, 1300; 420, Pi
66; 22, 1320; 440, Pi
65; 23, 1300; 460, Pi
33; 44, 660; 880, Pi| move, 1.0, 660; 1142, player, 680; 860; 20; 20| move, 1.0, 840; 1142, 34; 44, 680; 1161; 20; 20| move, 1.0, 840; 940, 35; 44, 899; 1140; 20; 20| teleport, 660; 1160, 34; 44, 860; 1110; 20; 20
35; 44, 700; 880, Pi| move, 1.0, 700; 1142, player, 680; 860; 20; 20| move, 1.0, 880; 1142, 34; 44, 680; 1161; 20; 20| move, 1.0, 880; 940, 35; 44, 899; 1140; 20; 20| teleport, 700; 1160, 34; 44, 860; 1110; 20; 20
34; 44, 680; 880, Pi| move, 1.0, 680; 1142, player, 680; 860; 20; 20| move, 1.0, 860; 1142, 34; 44, 680; 1161; 20; 20| move, 1.0, 860; 940, 35; 44, 899; 1140; 20; 20| move, 1.0, 700; 940, 34; 44, 860; 921; 20; 20| move, 1.0, 700; 880, 34; 44, 709; 940; 2; 20
36; 44, 720; 880, Pi
37; 44, 740; 880, Pi
38; 44, 760; 880, Pi
39; 44, 780; 880, Pi
32; 45, 640; 900, Pi
32; 47, 640; 940, Pi
32; 48, 640; 960, Pi
32; 46, 640; 920, Pi
36; 48, 720; 960, Pi
38; 48, 760; 960, Pi
39; 48, 780; 960, Pi
37; 48, 740; 960, Pi
40; 48, 800; 960, Pi
41; 48, 820; 960, Pi
40; 44, 800; 880, Pi
41; 44, 820; 880, Pi
42; 44, 840; 880, Pi
44; 44, 880; 880, Pi
45; 45, 900; 900, Pi
45; 46, 900; 920, Pi
45; 47, 900; 940, Pi
45; 48, 900; 960, Pi
43; 44, 860; 880, Pi
41; 49, 820; 980, Pi
41; 50, 820; 1000, Pi
45; 49, 900; 980, Pi
45; 50, 900; 1000, Pi
45; 44, 900; 880, Pi
32; 54, 640; 1080, Pi
32; 50, 640; 1000, Pi
32; 49, 640; 980, Pi
32; 51, 640; 1020, Pi
32; 52, 640; 1040, Pi
32; 53, 640; 1060, Pi
32; 57, 640; 1140, Pi
32; 58, 640; 1160, Pi
32; 55, 640; 1100, Pi
32; 56, 640; 1120, Pi
33; 58, 660; 1160, Pi
34; 58, 680; 1160, Pi
35; 58, 700; 1160, Pi
36; 58, 720; 1160, Pi
37; 58, 740; 1160, Pi
38; 58, 760; 1160, Pi
39; 58, 780; 1160, Pi
40; 58, 800; 1160, Pi
42; 58, 840; 1160, Pi
41; 58, 820; 1160, Pi
43; 58, 860; 1160, Pi
44; 58, 880; 1160, Pi
45; 58, 900; 1160, Pi
45; 57, 900; 1140, Pi
45; 56, 900; 1120, Pi
45; 55, 900; 1100, Pi
45; 54, 900; 1080, Pi
45; 53, 900; 1060, Pi
45; 52, 900; 1040, Pi
45; 51, 900; 1020, Pi
73; 11, 1460; 220, Pi
73; 7, 1460; 140, Pi
73; 6, 1460; 120, Pi
73; 4, 1460; 80, Pi
73; 3, 1460; 60, Pi
73; 2, 1460; 40, Pi
73; 1, 1460; 20, Pi
73; 0, 1460; 0, Pi
73; 5, 1460; 100, Pi
71; 12, 1420; 240, Pi
72; 13, 1440; 260, Pi
73; 14, 1460; 280, Pi
75; 15, 1500; 300, Pi
74; 15, 1480; 300, Pi
76; 15, 1520; 300, Pi
77; 15, 1540; 300, Pi
78; 15, 1560; 300, Pi
79; 15, 1580; 300, Pi
80; 15, 1600; 300, Pi
81; 15, 1620; 300, Pi
82; 15, 1640; 300, Pi
83; 15, 1660; 300, Pi
84; 15, 1680; 300, Pi
85; 15, 1700; 300, Pi
86; 15, 1720; 300, Pi
82; 9, 1620; 175, Pi
85; 9, 1700; 180, Pi| move, 1.0, 1700; 60, 85; 9, 1700; 199; 20; 20| move, 1.0, 1700; 180, 85; 9, 1700; 41; 20; 20
86; 9, 1720; 180, Pi
86; 8, 1720; 160, Pi
86; 10, 1720; 200, Pi
86; 11, 1720; 220, Pi
86; 12, 1720; 240, Pi
86; 13, 1720; 260, Pi
86; 14, 1720; 280, Pi
85; 14, 1700; 280, Pi
86; 7, 1720; 140, Pi
86; 6, 1720; 120, Pi
86; 5, 1720; 100, Pi
86; 4, 1720; 80, Pi
86; 3, 1720; 60, Pi
82; 8, 1640; 155, Pi
82; 7, 1640; 135, Pi
82; 6, 1640; 115, Pi
89; 0, 1780; -5, Pi
90; 1, 1800; 15, Pi
90; 4, 1800; 75, Pi
90; 3, 1800; 55, Pi
90; 2, 1800; 35, Pi
90; 9, 1800; 175, Pi
90; 6, 1800; 115, Pi
90; 5, 1800; 95, Pi
90; 8, 1800; 155, Pi
90; 7, 1800; 135, Pi
90; 10, 1820; 195, Pi
87; 3, 1740; 60, Pu, X| move, 1.0, 2100; 240, 87; 3, 1740; 259; 20; 20| move, 0.75, 1740; 240, player, 1743; 58; 14; 2
98; 9, 1960; 180, Pi
97; 8, 1940; 160, Pi
96; 7, 1920; 140, Pi
87; 16, 1740; 320, Pi
88; 16, 1760; 320, Pi
89; 16, 1780; 320, Pi
90; 16, 1800; 320, Pi
91; 16, 1820; 320, Pi
92; 16, 1840; 320, Pi
93; 16, 1860; 320, Pi
94; 16, 1880; 320, Pi
95; 16, 1900; 320, Pi
96; 16, 1920; 320, Pi| move, 3.0, 1920; 300, 87; 3, 1880; 240; 20; 20
97; 16, 1940; 320, Pi| move, 3.0, 1940; 280, 87; 3, 1880; 240; 20; 20
98; 16, 1960; 320, Pi| move, 3.0, 1960; 260, 87; 3, 1880; 240; 20; 20
87; 15, 1740; 300, Pi
86; 16, 1720; 320, Pi
84; 11, 1720; 220, Pi| move, 1.0, 1520; 220, 82; 11, 1699; 220; 20; 20| move, 1.0, 1720; 220, 82; 11, 1461; 220; 20; 20
82; 11, 1680; 220, Pi| move, 1.0, 1480; 220, 82; 11, 1699; 220; 20; 20| move, 1.0, 1680; 220, 82; 11, 1461; 220; 20; 20
87; 12, 1720; 240, Pu, X| move, 1.0, 2100; 240, 87; 3, 1779; 240; 20; 20
#spikes
37; 13, 740; 260, 3
37; 14, 740; 280, 3
37; 15, 740; 300, 3
31; 14, 620; 280, 4
31; 15, 620; 300, 4
31; 16, 620; 320, 4
31; 17, 620; 340, 4
37; 18, 740; 360, 3
37; 17, 740; 340, 3
31; 19, 620; 380, 4
31; 18, 620; 360, 4
31; 26, 620; 520, 4
31; 27, 620; 540, 4
37; 25, 740; 500, 3
37; 26, 740; 520, 3
37; 27, 740; 540, 3
37; 29, 740; 580, 3
37; 30, 740; 600, 3
31; 31, 620; 620, 4
31; 30, 620; 600, 4
31; 29, 620; 580, 4
37; 20, 740; 400, 3
31; 24, 620; 480, 4
31; 20, 620; 400, 4
37; 28, 740; 560, 3
36; 22, 720; 440, 4
32; 22, 640; 440, 3
31; 12, 620; 240, 4
31; 11, 620; 220, 4
32; 10, 640; 200, 4
33; 9, 660; 180, 4
34; 8, 680; 160, 2
35; 8, 700; 160, 2
36; 8, 720; 160, 2
38; 10, 760; 200, 1
37; 12, 740; 240, 3
37; 11, 740; 220, 3
35; 34, 700; 680, 4| alternate, 700; 680; 4, 660; 680; 3, 0.3, 34; 34, 680; 680; 20; 20
48; 39, 960; 774, 2
49; 39, 980; 774, 2
50; 39, 1000; 774, 2
51; 39, 1020; 774, 2
52; 39, 1040; 774, 2
53; 39, 1060; 774, 2
54; 39, 1080; 774, 2
55; 39, 1100; 774, 2
56; 39, 1120; 774, 2
47; 42, 940; 840, 1
48; 43, 960; 860, 1
49; 43, 980; 860, 1
50; 43, 1000; 860, 1
51; 43, 1020; 860, 1
52; 43, 1040; 860, 1
53; 43, 1060; 860, 1
54; 43, 1080; 860, 1
55; 43, 1100; 860, 1
56; 43, 1120; 860, 1
57; 42, 1140; 840, 1
17; 22, 347; 434, 1
17; 24, 347; 474, 2
18; 23, 367; 454, 4
16; 23, 327; 454, 3
16; 19, 320; 380, 4
14; 19, 280; 380, 3
15; 18, 300; 360, 1
15; 20, 300; 400, 2
23; 25, 460; 500, 1
22; 26, 440; 520, 1
21; 26, 420; 520, 1
20; 26, 400; 520, 1
19; 26, 380; 520, 1
18; 26, 360; 520, 1
17; 26, 340; 520, 1
16; 26, 320; 520, 1
15; 26, 300; 520, 1
14; 26, 280; 520, 1
20; 18, 386; 360, 2
19; 17, 366; 340, 3
21; 17, 406; 340, 4
20; 16, 386; 320, 1
23; 17, 460; 340, 1
13; 25, 260; 500, 1
52; 10, 1040; 200, 3| alternate, 1040; 200; 3, 1080; 200; 4, 0.6, player, 960; 180; 20; 20| alternate, 1040; 200; 3, 1080; 200; 4, 0.6, player, 1340; 180; 20; 20
52; 9, 1040; 180, 3| alternate, 1040; 180; 3, 1080; 180; 4, 0.6, player, 960; 180; 20; 20| alternate, 1040; 180; 3, 1080; 180; 4, 0.6, player, 1340; 180; 20; 20
52; 8, 1040; 160, 3| alternate, 1040; 160; 3, 1080; 160; 4, 0.6, player, 960; 180; 20; 20| alternate, 1040; 160; 3, 1080; 160; 4, 0.6, player, 1340; 180; 20; 20
53; 10, 1060; 219, 2
53; 8, 1060; 141, 1
56; 10, 1120; 219, 2
56; 8, 1120; 141, 1
57; 10, 1140; 200, 4| alternate, 1140; 200; 4, 1100; 200; 3, 0.6, player, 960; 180; 20; 20| alternate, 1140; 200; 4, 1100; 200; 3, 0.6, player, 1340; 180; 20; 20
57; 9, 1140; 180, 4| alternate, 1140; 180; 4, 1100; 180; 3, 0.6, player, 960; 180; 20; 20| alternate, 1140; 180; 4, 1100; 180; 3, 0.6, player, 1340; 180; 20; 20
57; 8, 1140; 160, 4| alternate, 1140; 160; 4, 1100; 160; 3, 0.6, player, 960; 180; 20; 20| alternate, 1140; 160; 4, 1100; 160; 3, 0.6, player, 1340; 180; 20; 20
59; 10, 1180; 219, 2
62; 10, 1240; 219, 2
59; 8, 1180; 141, 1
62; 8, 1240; 141, 1
58; 10, 1160; 200, 3| alternate, 1160; 200; 3, 1200; 200; 4, 0.6, player, 960; 180; 20; 20| alternate, 1160; 200; 3, 1200; 200; 4, 0.6, player, 1340; 180; 20; 20
58; 9, 1160; 180, 3| alternate, 1160; 180; 3, 1200; 180; 4, 0.6, player, 960; 180; 20; 20| alternate, 1160; 180; 3, 1200; 180; 4, 0.6, player, 1340; 180; 20; 20
58; 8, 1160; 160, 3| alternate, 1160; 160; 3, 1200; 160; 4, 0.6, player, 960; 180; 20; 20| alternate, 1160; 160; 3, 1200; 160; 4, 0.6, player, 1340; 180; 20; 20
63; 10, 1260; 200, 4| alternate, 1260; 200; 4, 1220; 200; 3, 0.6, player, 960; 180; 20; 20| alternate, 1260; 200; 4, 1220; 200; 3, 0.6, player, 1340; 180; 20; 20
63; 9, 1260; 180, 4| alternate, 1260; 180; 4, 1220; 180; 3, 0.6, player, 960; 180; 20; 20| alternate, 1260; 180; 4, 1220; 180; 3, 0.6, player, 1340; 180; 20; 20
63; 8, 1260; 160, 4| alternate, 1260; 160; 4, 1220; 160; 3, 0.6, player, 960; 180; 20; 20| alternate, 1260; 160; 4, 1220; 160; 3, 0.6, player, 1340; 180; 20; 20
43; 8, 860; 160, 2
44; 8, 880; 160, 2
45; 8, 900; 160, 2
46; 8, 920; 160, 2
21; 43, 430; 860, 1
22; 43, 450; 860, 1
21; 50, 430; 1000, 1
21; 47, 430; 940, 1
22; 47, 450; 940, 1
22; 50, 450; 1000, 1
21; 53, 430; 1060, 1
22; 53, 450; 1060, 1
20; 57, 400; 1140, 1
21; 57, 420; 1140, 1
23; 57, 460; 1140, 1
24; 57, 480; 1140, 1
22; 57, 440; 1140, 1
25; 57, 500; 1140, 1
26; 57, 520; 1140, 1
26; 55, 510; 1100, 4
26; 54, 510; 1080, 4
26; 52, 530; 1040, 3
26; 51, 530; 1020, 3
26; 49, 510; 980, 4
26; 47, 530; 940, 3
26; 46, 530; 920, 3
26; 45, 530; 900, 3
26; 43, 510; 860, 4| teleport, 530; 860; 3, 22; 41, 520; 880; 20; 20
36; 33, 720; 660, 1
42; 8, 840; 160, 2
41; 8, 820; 160, 2
40; 8, 800; 160, 2
43; 21, 860; 420, 2
44; 21, 880; 420, 2
45; 21, 900; 420, 2
46; 21, 920; 420, 2
47; 21, 940; 420, 2
48; 21, 960; 420, 2
49; 21, 980; 420, 2
50; 21, 1000; 420, 2
51; 21, 1020; 420, 2
52; 21, 1040; 420, 2
53; 21, 1060; 420, 2
54; 21, 1080; 420, 2
55; 21, 1100; 420, 2
56; 21, 1120; 420, 2
57; 21, 1140; 420, 2
58; 21, 1160; 420, 2
46; 23, 920; 478, 1| move, 3.0, 980; 478, 46; 23, 901; 480; 20; 20| move, 3.0, 920; 478, 58; 23, 1239; 480; 20; 20
50; 23, 1000; 478, 1| move, 3.0, 1060; 478, 46; 23, 901; 480; 20; 20| move, 3.0, 1000; 478, 58; 23, 1239; 480; 20; 20
54; 23, 1080; 478, 1| move, 3.0, 1140; 478, 46; 23, 901; 480; 20; 20| move, 3.0, 1080; 478, 58; 23, 1239; 480; 20; 20
58; 23, 1160; 478, 1| move, 3.0, 1220; 478, 46; 23, 901; 480; 20; 20| move, 3.0, 1160; 478, 58; 23, 1239; 480; 20; 20
59; 21, 1180; 420, 2
61; 21, 1220; 420, 2
60; 21, 1200; 420, 2
62; 21, 1240; 420, 2
63; 21, 1260; 420, 2
37; 47, 740; 940, 1
38; 47, 760; 940, 1
39; 47, 780; 940, 1
37; 45, 740; 900, 2
38; 45, 760; 900, 2
39; 45, 780; 900, 2
36; 47, 720; 940, 1
36; 45, 720; 900, 2
40; 45, 800; 900, 2
41; 45, 820; 900, 2
40; 47, 800; 940, 1
41; 47, 820; 940, 1
42; 45, 840; 900, 2
44; 45, 880; 900, 2
43; 45, 860; 900, 2
33; 51, 660; 1020, 1
34; 51, 680; 1020, 1
35; 51, 700; 1020, 1
36; 49, 720; 980, 2
35; 52, 700; 1040, 2
34; 52, 680; 1040, 2
33; 52, 660; 1040, 2
33; 56, 660; 1120, 3
34; 55, 680; 1100, 1
35; 56, 700; 1120, 4
34; 57, 680; 1140, 2
35; 57, 700; 1140, 1
36; 57, 720; 1140, 1
37; 57, 740; 1140, 1
38; 57, 760; 1140, 1
39; 57, 780; 1140, 1
33; 57, 660; 1140, 1
40; 57, 800; 1140, 1
41; 57, 820; 1140, 1
42; 57, 840; 1140, 1
43; 57, 860; 1140, 1
44; 57, 880; 1140, 1
43; 51, 860; 1040, 2
43; 50, 860; 1020, 1
43; 48, 860; 975, 2
43; 47, 860; 955, 1
41; 51, 820; 1020, 2
40; 49, 800; 980, 2
38; 49, 760; 980, 2
37; 49, 740; 980, 2
39; 49, 780; 980, 2
72; 12, 1440; 240, 1
73; 13, 1460; 260, 1
74; 14, 1480; 280, 1
75; 14, 1500; 280, 1
76; 14, 1520; 280, 1
77; 14, 1540; 280, 1
79; 14, 1580; 280, 1
80; 14, 1600; 280, 1
81; 14, 1620; 280, 1
82; 14, 1640; 280, 1
78; 14, 1560; 280, 1
83; 14, 1660; 280, 1
84; 14, 1680; 280, 1
82; 10, 1620; 195, 2
81; 9, 1600; 175, 3
83; 9, 1640; 175, 4
85; 10, 1700; 200, 3
85; 11, 1700; 220, 3
85; 12, 1700; 240, 3
85; 13, 1700; 260, 3
85; 6, 1700; 110, 3
83; 8, 1660; 155, 4
83; 7, 1660; 135, 4
81; 8, 1620; 155, 3
81; 7, 1620; 135, 3
82; 5, 1640; 95, 1
83; 6, 1660; 115, 4
81; 6, 1620; 115, 3
86; 2, 1720; 40, 1
87; 4, 1740; 104, 4
87; 6, 1740; 158, 4
89; 3, 1780; 55, 3
89; 4, 1780; 75, 3
89; 2, 1780; 35, 3
89; 1, 1780; 15, 3
88; 0, 1760; -5, 2
90; 0, 1800; -5, 1
91; 1, 1820; 15, 4
89; 5, 1780; 95, 3
89; 6, 1780; 115, 3
89; 7, 1780; 135, 3
89; 8, 1780; 155, 3
89; 9, 1780; 175, 3
91; 9, 1820; 175, 4
91; 7, 1820; 135, 4
91; 8, 1820; 155, 4
90; 11, 1820; 215, 2
89; 10, 1800; 195, 3
91; 10, 1840; 195, 4
98; 10, 1960; 200, 2
97; 9, 1940; 180, 2
95; 7, 1900; 140, 3
96; 6, 1920; 120, 1
97; 7, 1940; 140, 1
98; 8, 1960; 160, 1
87; 14, 1740; 280, 1
88; 15, 1760; 300, 1
89; 15, 1780; 300, 1
90; 15, 1800; 300, 1
92; 15, 1840; 300, 1
95; 15, 1900; 300, 1
96; 15, 1920; 300, 1| move, 3.0, 1920; 280, 87; 3, 1880; 240; 20; 20
97; 15, 1940; 300, 1| move, 3.0, 1940; 260, 87; 3, 1880; 240; 20; 20
91; 15, 1820; 300, 1
93; 15, 1860; 300, 1
94; 15, 1880; 300, 1
98; 15, 1960; 300, 1| move, 3.0, 1960; 240, 87; 3, 1880; 240; 20; 20
91; 6, 1820; 115, 4
91; 5, 1820; 95, 4
91; 3, 1820; 55, 4
91; 2, 1820; 35, 4
91; 4, 1820; 75, 4
96; 9, 1940; 180, 2| move, 7.0, 1940; 260; 1, 87; 3, 1954; 240; 2; 20
96; 8, 1920; 160, 2
37; 32, 740; 640, 3
32; 33, 640; 660, 1
36; 13, 720; 260, 4| alternate, 720; 260; 4, 700; 240; 1, 680; 240; 1, 660; 240; 1, 640; 260; 3, 660; 280; 2, 680; 280; 2, 700; 280; 2, 0.22, 34; 22, 685; 436; 20; 20
32; 16, 640; 320, 3| alternate, 640; 320; 3, 660; 300; 1, 680; 300; 1, 700; 300; 1, 720; 320; 4, 700; 340; 2, 680; 340; 2, 660; 340; 2, 0.22, 34; 22, 680; 440; 20; 20
36; 19, 720; 380, 4| alternate, 720; 380; 4, 700; 360; 1, 680; 360; 1, 660; 360; 1, 640; 380; 3, 660; 400; 2, 680; 400; 2, 700; 400; 2, 0.22, 34; 22, 685; 436; 20; 20
36; 25, 720; 500, 4| alternate, 720; 500; 4, 700; 480; 1, 680; 480; 1, 660; 480; 1, 640; 500; 3, 660; 520; 2, 680; 520; 2, 700; 520; 2, 0.22, 34; 22, 685; 436; 20; 20
32; 28, 640; 560, 3| alternate, 640; 560; 3, 660; 540; 1, 680; 540; 1, 700; 540; 1, 720; 560; 4, 700; 580; 2, 680; 580; 2, 660; 580; 2, 0.22, 34; 22, 680; 440; 20; 20
36; 31, 720; 620, 4| alternate, 720; 620; 4, 700; 600; 1, 680; 600; 1, 660; 600; 1, 640; 620; 3, 660; 640; 2, 680; 640; 2, 700; 640; 2, 0.22, 34; 22, 685; 436; 20; 20
36; 30, 720; 620, 3
32; 27, 640; 560, 4
32; 25, 640; 500, 4
36; 18, 720; 380, 3
36; 16, 720; 320, 3
32; 13, 640; 260, 4