#misc
area, 5
checkpoint, 38; 19
checkpoint, 56; 19
chai, 786; 389
chai, 966; 329
chai, 786; 309
exit, 1250; 290, 1243; 620; 52; 2, 2, Area5Select, 3
size, 1460, 620
spawn, 846, 509, 1
name, 5 - 2
exitP, Exit Level, Area5Select, 103
index, 53
music, 5
#blocks
42; 26, 840; 520, Pi
43; 26, 860; 520, Pi
41; 26, 820; 520, Pi
40; 26, 800; 520, Pi
40; 23, 800; 460, Pi
40; 22, 800; 440, Pi
41; 22, 820; 440, Pi
42; 22, 840; 440, Pi
40; 25, 800; 500, Pi
40; 24, 800; 480, Pi
44; 26, 880; 520, Pi
45; 26, 900; 520, Pi
46; 26, 920; 520, Pi
46; 25, 920; 500, Pi
46; 24, 920; 480, Pi
46; 23, 920; 460, Pi
43; 22, 860; 440, Pi
43; 21, 860; 420, Pi
43; 20, 860; 400, Pi
44; 20, 880; 400, Pi
47; 20, 940; 400, Pi
46; 22, 920; 440, Pi| move, 2.0, 940; 440, player, 900; 518; 20; 2
46; 21, 920; 420, Pi| move, 2.0, 940; 420, player, 900; 518; 20; 2
47; 23, 940; 460, Pi
45; 20, 900; 400, Pi
45; 19, 900; 380, Pi
45; 18, 900; 360, Pi
45; 17, 900; 340, Pi
47; 17, 940; 340, Pi
48; 17, 960; 340, Pi
49; 17, 980; 340, Pi
50; 17, 1000; 340, Pi
47; 16, 940; 320, Pi
47; 15, 940; 300, Pi
46; 15, 920; 300, Pi
45; 15, 900; 300, Pi
44; 15, 880; 300, Pi
43; 15, 860; 300, Pi
48; 20, 960; 400, Pi
49; 20, 980; 400, Pi
50; 20, 1000; 400, Pi
42; 20, 840; 400, Pi
41; 20, 820; 400, Pi
40; 20, 800; 400, Pi
39; 20, 780; 400, Pi
39; 16, 780; 320, Pi
40; 16, 800; 320, Pi
41; 16, 820; 320, Pi
42; 16, 840; 320, Pi
43; 16, 860; 320, Pi
38; 20, 760; 400, Pi
38; 16, 760; 320, Pi
37; 20, 740; 400, Pi
37; 19, 740; 380, Pi
37; 18, 740; 360, Pi
37; 17, 740; 340, Pi
37; 16, 740; 320, Pi
51; 20, 1020; 400, Pi
52; 20, 1040; 400, Pi
51; 17, 1020; 340, Pi
52; 17, 1040; 340, Pi
53; 20, 1060; 400, Pi
54; 20, 1080; 400, Pi
55; 20, 1100; 400, Pi
53; 17, 1060; 340, Pi
54; 17, 1080; 340, Pi
55; 17, 1100; 340, Pi
56; 20, 1120; 400, Pi
57; 20, 1140; 400, Pi
56; 17, 1120; 340, Pi
57; 17, 1140; 340, Pi
58; 20, 1160; 400, Pi
59; 20, 1180; 400, Pi
60; 20, 1200; 400, Pi
60; 19, 1200; 380, Pi
60; 18, 1200; 360, Pi
60; 17, 1200; 340, Pi
60; 16, 1200; 320, Pi
57; 13, 1140; 260, Pi
58; 13, 1160; 260, Pi
59; 13, 1180; 260, Pi
61; 16, 1220; 320, Pi
56; 13, 1120; 260, Pi
55; 13, 1100; 260, Pi
54; 13, 1080; 260, Pi
53; 13, 1060; 260, Pi
52; 13, 1040; 260, Pi
51; 13, 1020; 260, Pi
43; 12, 860; 240, Pi| move, 1.0, 860; 260, player, 840; 258; 20; 62
44; 12, 880; 240, Pi| move, 1.0, 880; 260, player, 840; 258; 20; 62
45; 12, 900; 240, Pi| move, 1.0, 900; 260, player, 840; 258; 20; 62
46; 12, 920; 240, Pi| move, 1.0, 920; 260, player, 840; 258; 20; 62
47; 12, 940; 240, Pi| move, 1.0, 940; 260, player, 840; 258; 20; 62
48; 12, 960; 240, Pi
49; 12, 980; 240, Pi
50; 12, 1000; 240, Pi
37; 15, 740; 300, Pi
37; 14, 740; 280, Pi
37; 13, 740; 260, Pi
37; 12, 740; 240, Pi
38; 12, 760; 240, Pi
39; 12, 780; 240, Pi
40; 12, 800; 240, Pi
41; 12, 820; 240, Pi
42; 12, 840; 240, Pi
63; 13, 1260; 260, Pi
62; 13, 1240; 260, Pi
61; 13, 1220; 260, Pi
60; 13, 1200; 260, Pi
62; 19, 1240; 385, Pi
60; 21, 1200; 420, Pi
60; 22, 1200; 440, Pi
60; 23, 1200; 460, Pi
61; 23, 1220; 460, Pi
61; 24, 1220; 480, Pi
61; 25, 1220; 500, Pi
62; 26, 1240; 520, Pi
61; 26, 1220; 520, Pi
62; 27, 1240; 540, Pi
62; 28, 1240; 560, Pi
62; 29, 1240; 580, Pi
62; 30, 1240; 600, Pi
64; 13, 1280; 260, Pi
64; 16, 1280; 320, Pi
64; 15, 1280; 300, Pi
64; 14, 1280; 280, Pi
64; 17, 1280; 340, Pi
64; 18, 1280; 360, Pi
64; 19, 1280; 380, Pi
64; 20, 1280; 400, Pi
64; 21, 1280; 420, Pi
64; 22, 1280; 440, Pi
64; 23, 1280; 460, Pi
64; 24, 1280; 480, Pi
64; 26, 1280; 520, Pi
64; 27, 1280; 540, Pi
64; 28, 1280; 560, Pi
64; 29, 1280; 580, Pi
64; 30, 1280; 600, Pi
64; 25, 1280; 500, Pi
#spikes
44; 25, 880; 500, 1| move, 2.0, 900; 500, player, 900; 518; 20; 2
45; 23, 900; 460, 3| move, 2.0, 920; 460, player, 900; 518; 20; 2
44; 21, 880; 420, 2| move, 2.0, 900; 420, player, 900; 518; 20; 2
41; 27, 820; 520, 1| move, 2.0, 820; 500, player, 900; 517; 20; 2
42; 27, 840; 520, 1| move, 2.0, 840; 500, player, 900; 517; 20; 2
43; 27, 860; 520, 1| move, 2.0, 860; 500, player, 900; 517; 20; 2
44; 27, 880; 520, 1| move, 2.0, 880; 500, player, 900; 517; 20; 2
42; 19, 840; 399, 2
42; 17, 840; 321, 1
43; 19, 860; 380, 4| alternate, 860; 380; 4, 820; 380; 3, 0.6, 41; 20, 820; 400; 20; 20
43; 18, 860; 360, 4| alternate, 860; 360; 4, 820; 360; 3, 0.6, 41; 20, 820; 400; 20; 20
43; 17, 860; 340, 4| alternate, 860; 340; 4, 820; 340; 3, 0.6, 41; 20, 820; 400; 20; 20
44; 14, 880; 280, 1| alternate, 880; 280; 1, 880; 320; 2, 900; 280; 1, 900; 320; 2, 920; 280; 1, 920; 320; 2, 0.4, 45; 15, 900; 300; 20; 20| alternate, 880; 280; 1, 880; 320; 2, 900; 280; 1, 900; 320; 2, 920; 280; 1, 920; 320; 2, 0.3, player, 840; 259; 20; 62
48; 19, 960; 380, 1
50; 19, 1000; 380, 1
52; 19, 1040; 380, 1
48; 18, 960; 360, 2| alternate, 960; 360; 2, 960; 340; 2, 0.6, 48; 17, 960; 340; 20; 20
50; 18, 1000; 360, 2| alternate, 1000; 360; 2, 1000; 340; 2, 0.5, 50; 17, 1000; 340; 20; 20
52; 18, 1040; 360, 2| alternate, 1040; 360; 2, 1040; 340; 2, 0.4, 52; 17, 1040; 340; 20; 20
49; 18, 980; 355, 2
51; 18, 1020; 355, 2
53; 18, 1060; 355, 2
54; 19, 1080; 380, 1
54; 18, 1080; 360, 2| alternate, 1080; 360; 2, 1080; 340; 2, 0.3, 54; 17, 1080; 340; 20; 20
58; 18, 1160; 361, 2
58; 17, 1160; 341, 1
59; 19, 1180; 383, 1
59; 16, 1180; 320, 2
59; 15, 1180; 300, 1
57; 15, 1140; 300, 1
57; 16, 1140; 320, 2
54; 16, 1080; 339, 2
51; 16, 1020; 339, 2
54; 14, 1080; 261, 1
51; 14, 1020; 261, 1
55; 16, 1100; 320, 4| alternate, 1100; 320; 4, 1060; 320; 3, 0.8, 52; 13, 1040; 260; 20; 20
55; 15, 1100; 300, 4| alternate, 1100; 300; 4, 1060; 300; 3, 0.8, 52; 13, 1040; 260; 20; 20
55; 14, 1100; 280, 4| alternate, 1100; 280; 4, 1060; 280; 3, 0.8, 52; 13, 1040; 260; 20; 20
50; 16, 1000; 320, 3| alternate, 1000; 320; 3, 1040; 320; 4, 0.8, 52; 13, 1040; 260; 20; 20
50; 15, 1000; 300, 3| alternate, 1000; 300; 3, 1040; 300; 4, 0.8, 52; 13, 1040; 260; 20; 20
50; 14, 1000; 280, 3| alternate, 1000; 280; 3, 1040; 280; 4, 0.8, 52; 13, 1040; 260; 20; 20
62; 16, 1240; 320, 4
63; 19, 1260; 385, 3
62; 18, 1240; 365, 1
61; 17, 1220; 340, 2
62; 20, 1240; 405, 2
61; 22, 1220; 440, 1
62; 25, 1240; 500, 1