#misc
area, 5
checkpoint, 38; 27
checkpoint, 51; 26
chai, 926; 649
chai, 706; 429
chai, 826; 329
exit, 1220; 480, 1260; 431; 2; 118, 4, Area5Select, 5
size, 1260, 760
spawn, 866, 649, 0
name, 5 - 4
exitP, Exit Level, Area5Select, 105
index, 55
music, 5
#blocks
43; 33, 860; 660, Pi
44; 33, 880; 660, Pi
41; 33, 820; 660, Pi
42; 33, 840; 660, Pi
45; 33, 900; 660, Pi
45; 32, 900; 640, Pi| move, 0.5, 900; 620, player, 920; 640; 20; 20
45; 31, 900; 620, Pi
45; 30, 900; 600, Pi
46; 33, 920; 660, Pi
47; 33, 940; 660, Pi
47; 32, 940; 640, Pi
47; 31, 940; 620, Pi
47; 30, 940; 600, Pi
47; 29, 940; 580, Pi
47; 28, 940; 560, Pi
47; 27, 940; 540, Pi
46; 27, 920; 540, Pi
45; 27, 900; 540, Pi
44; 27, 880; 540, Pi
43; 27, 860; 540, Pi
42; 27, 840; 540, Pi
40; 33, 800; 660, Pi
39; 33, 780; 660, Pi
38; 33, 760; 660, Pi
40; 28, 800; 560, Pi
39; 28, 780; 560, Pi
38; 28, 760; 560, Pi
37; 28, 740; 560, Pi
37; 33, 740; 660, Pi
36; 28, 720; 560, Pi
36; 33, 720; 660, Pi
35; 33, 700; 660, Pi
34; 33, 680; 660, Pi
34; 32, 680; 640, Pi
34; 31, 680; 620, Pi
33; 30, 660; 600, Pi
33; 29, 660; 580, Pi
33; 28, 660; 560, Pi
33; 27, 660; 540, Pi
33; 26, 660; 520, Pi
34; 25, 680; 500, Pi
35; 25, 700; 500, Pi
36; 25, 720; 500, Pi
37; 25, 740; 500, Pi
36; 29, 720; 580, Pi
38; 29, 760; 580, Pi
40; 29, 800; 580, Pi
41; 27, 820; 540, Pi
41; 26, 820; 520, Pi
42; 26, 840; 520, Pi
39; 23, 780; 460, Pi
40; 22, 800; 440, Pi
41; 22, 820; 440, Pi
42; 22, 840; 440, Pi
43; 22, 860; 440, Pi
44; 26, 880; 520, Pi
45; 26, 900; 520, Pi
47; 26, 940; 520, Pi
48; 26, 960; 520, Pi
44; 22, 880; 440, Pi
45; 22, 900; 440, Pi
46; 22, 920; 440, Pi
47; 22, 940; 440, Pi
48; 22, 960; 440, Pi
48; 27, 960; 540, Pi
49; 22, 980; 440, Pi
50; 22, 1000; 440, Pi
49; 27, 980; 540, Pi
50; 27, 1000; 540, Pi
51; 27, 1020; 540, Pi
52; 27, 1040; 540, Pi
32; 25, 640; 500, Pi
31; 25, 620; 500, Pi
31; 24, 620; 480, Pi
31; 23, 620; 460, Pi
31; 22, 620; 440, Pi
31; 21, 620; 420, Pi
31; 20, 620; 400, Pi
33; 21, 660; 420, Pi
31; 19, 620; 380, Pi
31; 18, 620; 360, Pi
32; 18, 640; 360, Pi
33; 18, 660; 360, Pi
34; 18, 680; 360, Pi| move, 0.5, 660; 360, player, 719; 340; 20; 20
35; 18, 700; 360, Pi
38; 23, 760; 460, Pi
37; 23, 740; 460, Pi
36; 23, 720; 460, Pi
35; 23, 700; 460, Pi
34; 22, 680; 440, Pi
34; 21, 680; 420, Pi
36; 20, 720; 400, Pi
35; 22, 700; 440, Pi
38; 22, 760; 440, Pi
39; 22, 780; 440, Pi
39; 21, 780; 420, Pi
39; 20, 780; 400, Pi
39; 19, 780; 380, Pi
39; 18, 780; 360, Pi
39; 17, 780; 340, Pi
36; 19, 720; 380, Pi
38; 17, 760; 340, Pi
36; 18, 720; 360, Pi
36; 15, 720; 300, Pi
36; 14, 720; 280, Pi
37; 14, 740; 280, Pi
38; 14, 760; 280, Pi
39; 14, 780; 280, Pi
40; 14, 800; 280, Pi
41; 14, 820; 280, Pi
40; 17, 800; 340, Pi
41; 17, 820; 340, Pi
42; 17, 840; 340, Pi
42; 16, 840; 320, Pi
42; 15, 840; 300, Pi
42; 14, 840; 280, Pi
36; 16, 720; 320, Pi
35; 16, 700; 320, Pi
34; 16, 680; 320, Pi
33; 16, 660; 320, Pi
33; 17, 660; 340, Pi
37; 19, 740; 380, Pi
51; 22, 1020; 440, Pi
53; 25, 1060; 500, Pi
55; 25, 1100; 500, Pi
52; 21, 1040; 420, Pi
54; 21, 1080; 420, Pi
56; 21, 1120; 420, Pi
53; 20, 1060; 400, Pi
55; 20, 1100; 400, Pi
53; 26, 1060; 520, Pi
55; 26, 1100; 520, Pi
56; 27, 1120; 540, Pi
55; 27, 1100; 540, Pi
54; 27, 1080; 540, Pi
53; 27, 1060; 540, Pi
57; 27, 1140; 540, Pi
58; 27, 1160; 540, Pi
57; 25, 1140; 500, Pi
57; 26, 1140; 520, Pi
59; 27, 1180; 540, Pi
59; 26, 1180; 520, Pi
59; 20, 1180; 400, Pi
58; 21, 1160; 420, Pi
57; 20, 1140; 400, Pi
56; 26, 1120; 520, Pi
60; 21, 1200; 420, Pi
60; 27, 1200; 540, Pi
61; 27, 1220; 540, Pi
62; 27, 1240; 540, Pi
61; 21, 1220; 420, Pi
62; 21, 1240; 420, Pi
59; 25, 1180; 500, Pi
#spikes
41; 32, 820; 640, 1
44; 28, 880; 555, 2
46; 28, 920; 553, 2
43; 28, 860; 560, 2
42; 28, 840; 560, 2
46; 31, 935; 620, 3
45; 29, 900; 580, 1| alternate, 900; 580; 1, 920; 600; 4, 0.5, 45; 30, 900; 600; 20; 20
39; 32, 780; 640, 1
40; 32, 800; 640, 1| alternate, 800; 640; 1, 760; 640; 1, 0.4, 39; 33, 780; 660; 20; 20
39; 29, 780; 580, 2
37; 29, 740; 580, 2
37; 32, 740; 640, 1
35; 32, 700; 640, 1
34; 30, 680; 600, 4| move, 5.5, 680; 520, 34; 30, 680; 619; 20; 20| move, 5.5, 680; 600, 34; 30, 680; 501; 20; 20
36; 27, 720; 540, 1
40; 30, 800; 600, 2
38; 30, 760; 600, 2
36; 30, 720; 600, 2
41; 28, 820; 560, 2
41; 25, 820; 500, 1
42; 25, 840; 500, 1
41; 23, 830; 453, 2
44; 25, 880; 500, 1
45; 25, 900; 500, 1
47; 25, 940; 500, 1
48; 25, 960; 500, 1
44; 23, 890; 453, 2
47; 23, 950; 453, 2
40; 23, 800; 457, 2
43; 23, 860; 457, 2
46; 23, 920; 457, 2
49; 23, 980; 457, 2
43; 26, 840; 520, 1| move, 3.0, 940; 520, 43; 26, 821; 520; 20; 20| move, 3.0, 840; 520, 43; 26, 959; 520; 20; 20
33; 25, 660; 500, 1
34; 23, 680; 460, 2
32; 23, 640; 460, 4
33; 22, 660; 425, 2
33; 20, 660; 400, 1
35; 19, 700; 380, 2| move, 2.0, 700; 400, player, 700; 438; 20; 2
36; 22, 720; 443, 1
37; 22, 740; 443, 1
38; 16, 760; 320, 1
37; 15, 740; 290, 2
39; 16, 775; 335, 1
40; 16, 790; 320, 1
45; 28, 900; 553, 2
53; 24, 1060; 480, 1
52; 22, 1040; 440, 2
54; 22, 1080; 440, 2
55; 24, 1100; 480, 1
56; 22, 1120; 440, 2
53; 21, 1060; 420, 2
55; 21, 1100; 420, 2
57; 24, 1140; 480, 1
59; 24, 1180; 480, 1
57; 21, 1140; 420, 2
58; 22, 1160; 440, 2
59; 21, 1180; 420, 2
56; 25, 1120; 510, 1
54; 26, 1080; 520, 1| alternate, 1080; 520; 1, 1160; 520; 1, 0.7, 56; 26, 1120; 520; 20; 20
60; 22, 1200; 440, 2
61; 22, 1220; 440, 2
62; 22, 1240; 440, 2
60; 26, 1200; 520, 1
61; 26, 1220; 520, 1
62; 26, 1240; 520, 1