#misc
area, 5
checkpoint, 32; 23
checkpoint, 10; 22
chai, 726; 509
chai, 546; 389
chai, 806; 329
exit, 460; 500, 0; 490; 2; 40, 3, decor, 1
exit, 53; 290, 0; 251; 2; 100, 3, Area5Select, 10
size, 900, 820
spawn, 646, 469, 0
name, 5 - 9
exitP, Exit Level, Area5Select, 110
index, 60
music, 5
#blocks
32; 24, 640; 480, Pi
34; 23, 680; 460, Pi
30; 23, 600; 460, Pi
29; 24, 580; 480, Pi
31; 27, 620; 540, Pi
32; 27, 640; 540, Pi
33; 27, 660; 540, Pi
34; 27, 680; 540, Pi
35; 26, 700; 520, Pi
36; 24, 720; 480, Pi
35; 20, 700; 395, Pi
37; 21, 740; 420, Pi
36; 19, 720; 380, Pi
38; 21, 760; 420, Pi
39; 22, 780; 440, Pi
39; 23, 780; 460, Pi
39; 24, 780; 480, Pi
39; 25, 780; 500, Pi
38; 26, 760; 520, Pi
37; 26, 740; 520, Pi
36; 26, 720; 520, Pi
28; 20, 560; 380, Pi
28; 25, 560; 500, Pi
23; 22, 460; 440, Pi
21; 25, 420; 500, Pi
26; 24, 520; 480, Pi
26; 20, 520; 400, Pi
27; 20, 540; 400, Pi
27; 29, 540; 580, Pi
26; 33, 520; 660, Pi
28; 34, 560; 680, Pi
29; 28, 580; 560, Pi
30; 27, 600; 540, Pi
32; 33, 640; 660, Pi
37; 32, 740; 640, Pi
40; 29, 800; 580, Pi
43; 25, 860; 500, Pi
43; 21, 850; 420, Pi
40; 17, 800; 340, Pi
16; 25, 320; 500, Pi
10; 23, 200; 460, Pi
10; 18, 200; 364, Pi
5; 16, 100; 320, Pi
5; 13, 100; 260, Pi
#spikes
30; 24, 600; 480, 2
34; 24, 680; 480, 2
29; 25, 580; 500, 2
34; 22, 680; 440, 1
30; 22, 600; 440, 1
29; 23, 580; 460, 1
31; 26, 620; 520, 1
32; 26, 640; 520, 1
33; 26, 660; 520, 1
34; 26, 680; 520, 1
34; 28, 680; 560, 2
33; 28, 660; 560, 2
32; 28, 640; 560, 2
35; 25, 700; 500, 1
35; 27, 700; 540, 2
35; 21, 700; 415, 2
35; 19, 700; 375, 1
35; 24, 700; 480, 3
37; 24, 740; 480, 4
37; 22, 740; 430, 2
37; 20, 740; 400, 1
36; 20, 720; 400, 2
36; 18, 720; 360, 1
38; 22, 760; 435, 2
28; 19, 560; 360, 1
28; 24, 560; 480, 1
28; 26, 560; 520, 2
27; 24, 540; 480, 4
25; 24, 500; 480, 3
26; 25, 520; 500, 2
24; 21, 480; 420, 2
24; 20, 480; 400, 1
25; 20, 500; 400, 2
25; 19, 500; 380, 1
23; 23, 460; 460, 2
28; 21, 560; 400, 2
27; 21, 540; 420, 2
26; 21, 520; 420, 2
21; 23, 420; 460, 2
21; 22, 420; 440, 1
22; 22, 440; 440, 3
20; 25, 400; 500, 3
21; 26, 420; 520, 2
38; 20, 760; 400, 1
39; 21, 780; 420, 1
39; 26, 780; 520, 2
38; 27, 760; 540, 2
37; 27, 740; 540, 2
36; 27, 720; 540, 2
40; 25, 800; 500, 4
40; 24, 800; 480, 4
40; 23, 800; 460, 4
40; 22, 800; 440, 4
27; 30, 540; 600, 2
28; 29, 560; 580, 4
26; 29, 520; 580, 3
22; 27, 440; 540, 1
23; 27, 460; 540, 1
24; 27, 480; 540, 1
25; 26, 495; 522, 1
22; 28, 440; 560, 2
23; 28, 460; 560, 2
24; 28, 480; 560, 2
25; 27, 495; 542, 2
24; 29, 480; 580, 1
24; 30, 480; 600, 2
24; 31, 480; 620, 1
24; 32, 480; 640, 2
26; 32, 520; 640, 1| alternate, 520; 640; 1, 560; 660; 1, 0.7, 26; 33, 520; 660; 20; 20
27; 33, 540; 660, 4
25; 33, 500; 660, 3
26; 34, 520; 680, 2
27; 34, 540; 680, 3
28; 35, 560; 700, 2
29; 34, 580; 680, 4
30; 26, 600; 520, 1
29; 27, 580; 540, 1
30; 28, 600; 560, 2
29; 29, 580; 580, 2
31; 28, 620; 560, 2
31; 33, 620; 660, 3
32; 34, 640; 680, 2
33; 33, 660; 660, 4
36; 32, 720; 640, 3
37; 33, 740; 660, 2
38; 32, 760; 640, 4
40; 30, 800; 600, 2
39; 29, 780; 580, 3
41; 29, 820; 580, 4
43; 26, 860; 520, 2
44; 25, 880; 500, 4
42; 25, 840; 500, 3
43; 22, 850; 440, 2
42; 21, 830; 420, 3
44; 21, 870; 420, 4
40; 18, 800; 360, 2
41; 17, 820; 340, 4
39; 17, 780; 340, 3
29; 18, 583; 340, 2
29; 17, 583; 320, 1
30; 15, 606; 280, 1
30; 16, 606; 300, 2
31; 16, 626; 300, 2
31; 15, 626; 280, 1
24; 17, 480; 340, 2
24; 16, 480; 320, 1
23; 18, 460; 360, 2
23; 17, 460; 340, 1
22; 19, 440; 380, 2
22; 18, 440; 360, 1
25; 16, 500; 320, 2
25; 15, 500; 300, 1
26; 16, 520; 320, 2
26; 15, 520; 300, 1
27; 16, 540; 320, 2
27; 15, 540; 300, 1
40; 28, 800; 560, 1| alternate, 800; 560; 1, 740; 620; 1, 0.8, 40; 29, 800; 580; 20; 20
43; 24, 860; 480, 1| alternate, 860; 480; 1, 850; 400; 1, 0.7, 43; 25, 860; 500; 20; 20
20; 21, 400; 420, 2
20; 20, 400; 400, 1
21; 19, 417; 390, 2
21; 18, 417; 370, 1
23; 21, 460; 420, 1| alternate, 460; 420; 1, 460; 440; 1, 0.8, 23; 22, 460; 440; 20; 20
38; 25, 760; 510, 1
16; 26, 320; 520, 2
17; 25, 340; 500, 4
15; 25, 300; 500, 3
18; 23, 370; 460, 2
18; 22, 370; 440, 1
13; 23, 270; 460, 2
13; 22, 270; 440, 1
10; 24, 200; 480, 2
9; 23, 180; 460, 3
11; 23, 220; 460, 4
11; 18, 217; 364, 4
5; 17, 100; 340, 2
6; 16, 120; 320, 4
4; 16, 80; 320, 3
8; 16, 165; 324, 2
8; 15, 165; 304, 1
5; 14, 100; 280, 2
6; 13, 120; 260, 4
5; 12, 100; 240, 1
1; 14, 20; 280, 1
1; 15, 20; 300, 2
0; 17, 0; 340, 4
0; 12, 0; 240, 4
9; 18, 183; 364, 3
10; 21, 200; 422, 2
10; 20, 200; 402, 1
28; 15, 560; 300, 2
28; 14, 560; 280, 1