#misc
area, 5
checkpoint, 50; 6
chai, 766; 169
chai, 746; 169
chai, 1266; 89
exit, 1310; 130, 1290; 0; 58; 2, 1, Area5Select, 6
size, 1420, 480
spawn, 906, 369, 1
name, 5 - 5
exitP, Exit Level, Area5Select, 106
lock, 3, 780, 160, Pi
index, 56
music, 5
#blocks
45; 19, 900; 380, Pi
46; 19, 920; 380, Pi
44; 19, 880; 380, Pi
47; 19, 940; 380, Pi
43; 19, 860; 380, Pi
42; 18, 840; 360, Pi
48; 18, 960; 360, Pi
48; 17, 960; 340, Pi
42; 17, 840; 340, Pi
48; 16, 960; 320, Pi
48; 15, 960; 300, Pi
47; 14, 940; 280, Pi
42; 16, 840; 320, Pi
42; 15, 840; 300, Pi
43; 14, 860; 280, Pi
49; 14, 980; 280, Pi
49; 13, 980; 260, Pi
49; 12, 980; 240, Pi
49; 11, 980; 220, Pi
41; 14, 820; 280, Pi
41; 13, 820; 260, Pi
41; 12, 820; 240, Pi
45; 12, 900; 240, Pi
47; 10, 940; 200, Pi
49; 10, 980; 200, Pi
49; 9, 980; 180, Pi
41; 11, 820; 220, Pi
41; 10, 820; 200, Pi
43; 10, 860; 200, Pi
45; 7, 900; 140, Pi
49; 8, 980; 160, Pi
41; 6, 820; 120, Pi
41; 5, 820; 100, Pi
41; 4, 820; 80, Pi
42; 4, 840; 80, Pi
47; 4, 940; 80, Pi
48; 4, 960; 80, Pi
46; 4, 920; 80, Pi
45; 4, 900; 80, Pi
44; 4, 880; 80, Pi
43; 4, 860; 80, Pi
40; 10, 800; 200, Pi
40; 6, 800; 120, Pi
49; 7, 980; 140, Pi
50; 7, 1000; 140, Pi
51; 7, 1020; 140, Pi
49; 4, 980; 80, Pi
50; 4, 1000; 80, Pi
51; 4, 1020; 80, Pi
52; 7, 1040; 140, Pi
53; 7, 1060; 140, Pi
55; 4, 1100; 80, Pi
54; 4, 1080; 80, Pi
53; 4, 1060; 80, Pi
52; 4, 1040; 80, Pi
54; 7, 1080; 140, Pi
55; 7, 1100; 140, Pi
56; 7, 1120; 140, Pi
57; 7, 1140; 140, Pi
56; 4, 1120; 80, Pi
58; 7, 1160; 140, Pi
59; 4, 1180; 80, Pi
59; 5, 1180; 100, Pi
59; 6, 1180; 120, Pi
59; 7, 1180; 140, Pi
58; 4, 1160; 80, Pi
57; 4, 1130; 80, Pi
39; 10, 780; 200, Pi
39; 9, 780; 180, Pi
39; 6, 780; 120, Pi
39; 7, 780; 140, Pi
38; 7, 760; 140, Pi
37; 7, 740; 140, Pi
37; 9, 740; 180, Pi
38; 9, 760; 180, Pi
36; 7, 720; 140, Pi
36; 8, 720; 160, Pi
36; 9, 720; 180, Pi
56; 2, 1120; 40, Pi
57; 2, 1140; 40, Pi
58; 2, 1160; 40, Pi
59; 2, 1180; 40, Pi
60; 2, 1200; 40, Pi
56; 3, 1120; 60, Pi
61; 2, 1220; 40, Pi
62; 2, 1240; 40, Pi
62; 5, 1240; 100, Pi
62; 6, 1240; 120, Pi
62; 7, 1240; 140, Pi
61; 5, 1230; 100, Pi
60; 5, 1200; 100, Pi
60; 6, 1200; 120, Pi
60; 7, 1200; 140, Pi
63; 5, 1260; 100, Pi
63; 2, 1260; 40, Pi
64; 5, 1280; 100, Pi
64; 4, 1280; 80, Pi
64; 3, 1280; 60, Pi
60; 8, 1200; 160, Pi
60; 9, 1200; 180, Pi
67; 9, 1340; 180, Pi
67; 8, 1340; 160, Pi
67; 7, 1340; 140, Pi
67; 4, 1340; 80, Pi
67; 3, 1340; 60, Pi
67; 2, 1340; 40, Pi
67; 1, 1340; 20, Pi
67; 0, 1340; 0, Pi
64; 1, 1280; 20, Pi
64; 0, 1280; 0, Pi
67; 10, 1340; 200, Pi
66; 10, 1320; 200, Pi
65; 10, 1300; 200, Pi
64; 10, 1280; 200, Pi
63; 10, 1260; 200, Pi
62; 10, 1240; 200, Pi
61; 10, 1220; 200, Pi
60; 10, 1200; 200, Pi
68; 6, 1360; 120, Pi
68; 5, 1360; 100, Pi
67; 5, 1340; 100, Pi
68; 7, 1360; 140, Pi
#spikes
47; 18, 940; 360, 1
43; 18, 860; 360, 1
47; 15, 940; 300, 2
43; 15, 860; 300, 2
48; 14, 960; 280, 1
42; 14, 840; 280, 1
45; 13, 900; 260, 2
47; 11, 940; 220, 2
44; 12, 880; 240, 3
46; 12, 920; 240, 4| alternate, 920; 240; 4, 900; 220; 1, 0.6, 45; 12, 900; 240; 20; 20
48; 10, 960; 200, 4| alternate, 960; 200; 4, 940; 180; 1, 0.5, 47; 10, 940; 200; 20; 20
46; 10, 920; 200, 3
42; 10, 840; 200, 3
43; 11, 860; 220, 2
44; 10, 880; 200, 4
43; 9, 860; 180, 1
45; 8, 900; 160, 2
44; 7, 880; 140, 3
45; 6, 900; 120, 1| teleport, 900; 100; 2, player, 820; 136; 20; 68
46; 7, 920; 140, 4
42; 5, 840; 100, 2
43; 5, 860; 95, 2
44; 5, 880; 90, 2
46; 5, 920; 90, 2
47; 5, 940; 95, 2
48; 5, 960; 95, 2
49; 5, 980; 100, 2
45; 5, 900; 85, 2
51; 5, 1020; 100, 2
50; 5, 1000; 100, 2
48; 9, 960; 200, 4
53; 6, 1060; 120, 1
55; 6, 1090; 120, 1
54; 6, 1075; 135, 1
56; 5, 1130; 100, 2
58; 5, 1160; 100, 2
57; 6, 1145; 137, 1
57; 3, 1135; 60, 2
60; 4, 1200; 80, 1
61; 4, 1230; 80, 1
61; 7, 1210; 140, 4
64; 6, 1280; 120, 2
63; 6, 1260; 120, 2
66; 3, 1310; 60, 1
66; 4, 1310; 80, 2
61; 3, 1230; 60, 2| teleport, 1230; 40, player, 1220; 100; 20; 20
65; 9, 1300; 180, 1
66; 9, 1320; 180, 1