#misc
area, 5
checkpoint, 51; 15
checkpoint, 62; 11
chai, 946; 369
chai, 906; 229
chai, 1246; 289
exit, 1220; 360, 1195; 540; 70; 2, 2, Area5Select, 7
size, 1520, 540
spawn, 986, 429, 0
name, 5 - 6
exitP, Exit Level, Area5Select, 107
index, 57
music, 5
#blocks
48; 22, 960; 440, Pi
49; 22, 980; 440, Pi
50; 22, 1000; 440, Pi
51; 22, 1020; 440, Pi
51; 21, 1020; 420, Pi
51; 20, 1020; 400, Pi
47; 19, 940; 380, Pi
46; 19, 920; 380, Pi
46; 18, 920; 360, Pi
46; 17, 920; 340, Pi
46; 16, 920; 320, Pi
47; 16, 940; 320, Pi
48; 16, 960; 320, Pi
49; 16, 980; 320, Pi
50; 16, 1000; 320, Pi
51; 19, 1020; 380, Pi
51; 18, 1020; 360, Pi
51; 17, 1020; 340, Pi
51; 16, 1020; 320, Pi
50; 17, 1000; 340, Pi
44; 22, 880; 440, Pi
45; 19, 900; 380, Pi
44; 19, 880; 380, Pi
43; 22, 860; 440, Pi
42; 21, 840; 420, Pi
42; 17, 840; 340, Pi
44; 16, 880; 320, Pi
43; 16, 860; 320, Pi
41; 20, 820; 400, Pi
41; 19, 820; 380, Pi
41; 18, 820; 360, Pi
44; 15, 880; 300, Pi
44; 14, 880; 280, Pi
44; 13, 880; 260, Pi
44; 12, 880; 240, Pi
45; 12, 900; 240, Pi
46; 12, 920; 240, Pi
47; 12, 940; 240, Pi
48; 12, 960; 240, Pi
49; 12, 980; 240, Pi
50; 12, 1000; 240, Pi
51; 12, 1020; 240, Pi
52; 16, 1040; 320, Pi
53; 16, 1060; 320, Pi
54; 16, 1080; 320, Pi
52; 12, 1040; 240, Pi
53; 12, 1060; 240, Pi
55; 16, 1100; 320, Pi
56; 16, 1120; 320, Pi
57; 16, 1140; 320, Pi
55; 12, 1100; 240, Pi
56; 12, 1120; 240, Pi
57; 12, 1140; 240, Pi
45; 22, 900; 440, Pi
46; 22, 920; 440, Pi
47; 22, 940; 440, Pi
55; 11, 1100; 220, Pi
55; 10, 1100; 200, Pi
55; 9, 1100; 180, Pi
54; 9, 1080; 180, Pi
53; 9, 1060; 180, Pi
52; 9, 1040; 180, Pi
51; 9, 1020; 180, Pi
50; 9, 1000; 180, Pi
49; 9, 980; 180, Pi
48; 9, 960; 180, Pi
47; 9, 940; 180, Pi
46; 9, 920; 180, Pi
45; 9, 900; 180, Pi
44; 9, 880; 180, Pi
44; 10, 880; 200, Pi
44; 11, 880; 220, Pi
58; 16, 1160; 320, Pi
58; 12, 1160; 240, Pi
59; 16, 1180; 320, Pi
60; 16, 1200; 320, Pi
61; 16, 1220; 320, Pi
61; 15, 1220; 300, Pi
61; 14, 1220; 280, Pi
61; 13, 1220; 260, Pi
61; 12, 1220; 240, Pi
58; 11, 1160; 220, Pi
58; 10, 1160; 200, Pi
58; 9, 1160; 180, Pi
59; 9, 1180; 180, Pi
60; 9, 1200; 180, Pi
61; 9, 1220; 180, Pi
62; 9, 1240; 180, Pi
63; 9, 1260; 180, Pi
62; 12, 1240; 240, Pi
63; 12, 1260; 240, Pi
63; 13, 1260; 260, Pi
64; 9, 1280; 180, Pi
65; 9, 1300; 180, Pi
66; 9, 1320; 180, Pi
66; 10, 1320; 200, Pi
66; 11, 1320; 220, Pi
66; 12, 1320; 240, Pi
66; 16, 1320; 320, Pi
69; 15, 1380; 300, Pi
65; 15, 1300; 300, Pi
64; 14, 1280; 280, Pi
67; 13, 1340; 260, Pi
68; 14, 1360; 280, Pi
67; 20, 1340; 400, Pi
68; 19, 1360; 380, Pi
65; 20, 1300; 400, Pi
65; 21, 1300; 430, Pi
66; 22, 1320; 430, Pi
67; 21, 1340; 430, Pi
62; 15, 1240; 300, B
59; 20, 1180; 400, Pi
64; 20, 1280; 400, Pi
69; 16, 1380; 320, Pi
69; 17, 1380; 340, Pi
69; 18, 1380; 360, Pi
63; 20, 1260; 400, Pi
63; 21, 1260; 420, Pi
63; 22, 1260; 440, Pi
63; 23, 1260; 460, Pi
63; 24, 1260; 480, Pi
59; 21, 1180; 420, Pi
59; 22, 1180; 440, Pi
59; 23, 1180; 460, Pi
59; 24, 1180; 480, Pi
52; 20, 1040; 400, B
53; 20, 1060; 400, Pi
54; 20, 1080; 400, Pi
55; 20, 1100; 400, Pi
56; 20, 1120; 400, Pi
57; 20, 1140; 400, Pi
58; 20, 1160; 400, Pi
59; 25, 1180; 500, Pi
59; 26, 1180; 520, Pi
63; 25, 1260; 500, Pi
63; 26, 1260; 520, Pi
56; 19, 1120; 380, Pi
54; 19, 1080; 380, Pi
61; 23, 1220; 460, Pi
62; 23, 1240; 460, Pi
60; 26, 1200; 520, Pi
61; 26, 1220; 520, Pi
#spikes
47; 17, 940; 340, 2
48; 20, 960; 400, 2
49; 19, 980; 380, 1
50; 18, 1000; 355, 2
48; 17, 960; 335, 2
49; 17, 980; 330, 2
50; 21, 1000; 430, 1
42; 20, 840; 403, 1
43; 21, 860; 423, 1
44; 18, 880; 360, 1
44; 20, 880; 400, 2
43; 17, 860; 337, 2
42; 18, 840; 357, 2
42; 19, 840; 380, 4
47; 21, 940; 420, 1
45; 21, 906; 420, 1
48; 15, 960; 300, 3
50; 15, 1000; 300, 4
52; 15, 1040; 300, 3
54; 15, 1080; 300, 4
49; 13, 980; 260, 2
53; 13, 1060; 260, 2
51; 13, 1020; 260, 2
56; 15, 1120; 300, 3
58; 15, 1160; 300, 4
57; 13, 1140; 260, 2
55; 13, 1100; 260, 2
53; 11, 1060; 228, 1
54; 10, 1080; 181, 1
53; 10, 1060; 181, 1
52; 10, 1040; 181, 1
51; 10, 1020; 181, 1
51; 11, 1020; 228, 1
49; 11, 980; 228, 1
47; 11, 940; 228, 1
50; 10, 1000; 181, 1
49; 10, 980; 181, 1
48; 10, 960; 181, 1
47; 10, 940; 181, 1
46; 10, 920; 181, 1
45; 10, 900; 181, 1
47; 13, 940; 260, 2| move, 4.0, 980; 320, player, 980; 317; 20; 2
46; 13, 920; 260, 2
45; 13, 900; 260, 2
60; 12, 1200; 240, 3
60; 13, 1200; 260, 3
60; 14, 1200; 280, 3
60; 15, 1200; 300, 3
59; 10, 1180; 200, 2
61; 10, 1220; 200, 2
62; 10, 1240; 200, 2
63; 10, 1260; 200, 2
64; 12, 1280; 240, 4
64; 13, 1280; 260, 4
65; 10, 1300; 200, 2
66; 13, 1320; 260, 2
66; 17, 1320; 340, 2
65; 14, 1300; 280, 1
62; 13, 1240; 260, 2
63; 14, 1260; 280, 2| move, 0.5, 1260; 260, player, 1040; 380; 20; 20
64; 15, 1280; 300, 2
65; 16, 1300; 320, 2
62; 16, 1240; 320, 2
63; 15, 1260; 300, 4| move, 0.5, 1240; 300, player, 1040; 380; 20; 20
67; 14, 1340; 280, 2
68; 15, 1360; 300, 2
67; 19, 1340; 380, 1
68; 18, 1360; 360, 1
65; 19, 1300; 380, 1
66; 21, 1320; 410, 1
58; 19, 1160; 380, 1
57; 17, 1140; 335, 2
56; 18, 1120; 360, 1
54; 18, 1080; 360, 1
53; 17, 1060; 335, 2
55; 19, 1100; 390, 1
59; 17, 1180; 340, 2
55; 17, 1100; 330, 2
52; 17, 1040; 340, 2
62; 22, 1240; 440, 1
61; 22, 1220; 440, 1
61; 25, 1220; 500, 1
60; 25, 1200; 500, 1
60; 20, 1200; 400, 4