#misc
area, 5
checkpoint, 69; 20
chai, 1526; 489
chai, 1566; 449
chai, 1586; 369
exit, 1280; 470, 0; 450; 2; 40, 3, decor, 1
exit, 1640; 360, 1700; 314; 2; 94, 4, Area5Select, 2
size, 1700, 600
spawn, 1326, 489, 0
name, 5 - 1
exitP, Exit Level, Area5Select, 102
lock, 1, 1540, 440, Pi
index, 52
music, 5
#blocks
64; 25, 1280; 500, Pi
65; 25, 1300; 500, Pi
66; 25, 1320; 500, Pi
67; 25, 1340; 500, Pi
63; 25, 1260; 500, Pi
67; 21, 1340; 420, Pi
65; 21, 1300; 420, Pi
63; 21, 1260; 420, Pi
68; 21, 1360; 420, Pi
69; 21, 1380; 420, Pi
70; 21, 1400; 420, Pi
68; 25, 1360; 500, Pi
69; 25, 1380; 500, Pi
70; 25, 1400; 500, Pi
62; 25, 1240; 500, Pi
62; 17, 1240; 340, Pi
63; 17, 1260; 340, Pi
64; 17, 1280; 340, Pi
65; 16, 1300; 320, Pi
66; 17, 1320; 340, Pi
67; 17, 1340; 340, Pi
68; 17, 1360; 340, Pi
69; 17, 1380; 340, Pi
70; 17, 1400; 340, Pi
61; 24, 1220; 480, Pi
60; 23, 1200; 460, Pi
60; 22, 1200; 440, Pi
60; 21, 1200; 420, Pi
60; 20, 1200; 400, Pi
60; 19, 1200; 380, Pi
61; 18, 1220; 360, Pi
71; 21, 1420; 420, Pi
72; 21, 1440; 420, Pi
73; 21, 1460; 420, Pi
74; 21, 1480; 420, Pi
71; 25, 1420; 500, Pi
72; 25, 1440; 500, Pi
73; 25, 1460; 500, Pi
74; 25, 1480; 500, Pi
75; 25, 1500; 500, Pi
76; 25, 1520; 500, Pi
76; 21, 1520; 420, Pi
77; 24, 1540; 480, Pi
77; 23, 1540; 460, Pi
77; 21, 1540; 420, Pi
78; 23, 1560; 460, Pi
78; 21, 1560; 420, Pi
79; 23, 1580; 460, Pi
79; 22, 1580; 440, Pi
79; 21, 1580; 420, Pi
72; 20, 1440; 400, Pi
74; 20, 1480; 400, Pi
75; 19, 1500; 380, Pi
75; 18, 1500; 360, Pi
75; 17, 1500; 340, Pi
75; 15, 1500; 300, Pi
73; 17, 1460; 340, Pi
73; 16, 1460; 320, Pi
73; 15, 1460; 300, Pi
74; 15, 1480; 300, Pi
76; 15, 1520; 300, Pi
77; 15, 1540; 300, Pi
78; 15, 1560; 300, Pi
79; 15, 1580; 300, Pi
76; 18, 1520; 360, Pi
78; 18, 1560; 360, Pi
80; 18, 1600; 360, Pi
80; 17, 1600; 340, Pi
80; 16, 1600; 320, Pi
80; 15, 1600; 300, Pi
79; 19, 1580; 380, Pi
64; 21, 1280; 420, Pi
69; 16, 1380; 320, Pi
69; 15, 1380; 300, Pi
72; 12, 1440; 240, Pi
73; 12, 1460; 240, Pi
74; 12, 1480; 240, Pi
75; 12, 1500; 240, Pi
76; 12, 1520; 240, Pi
77; 12, 1540; 240, Pi
77; 18, 1540; 360, Pi
70; 14, 1400; 280, Pi
71; 13, 1420; 260, Pi
80; 14, 1600; 280, Pi
80; 13, 1600; 260, Pi
78; 11, 1560; 220, Pi
79; 10, 1580; 200, Pi
80; 9, 1600; 180, Pi
81; 10, 1620; 200, Pi
81; 15, 1620; 300, Pi
81; 16, 1620; 320, Pi
82; 11, 1640; 220, Pi
83; 12, 1660; 240, Pi
81; 17, 1620; 340, Pi
82; 18, 1640; 360, Pi
75; 21, 1500; 420, Pi
83; 14, 1660; 280, Pi
83; 13, 1660; 260, Pi
84; 15, 1680; 300, Pi
84; 20, 1680; 400, Pi
83; 21, 1660; 420, Pi
82; 19, 1640; 380, Pi
82; 20, 1640; 400, Pi
#spikes
63; 22, 1260; 440, 2
64; 22, 1280; 440, 2
65; 22, 1300; 440, 2
66; 22, 1320; 440, 2
67; 22, 1340; 440, 2
62; 21, 1240; 420, 3
66; 21, 1320; 420, 1
65; 20, 1300; 400, 1
65; 17, 1300; 340, 2
64; 18, 1280; 360, 2
63; 18, 1260; 360, 2
62; 18, 1240; 360, 2
66; 18, 1320; 360, 2
67; 18, 1340; 360, 2
68; 18, 1360; 360, 2
70; 18, 1400; 360, 2
69; 18, 1380; 360, 2
61; 19, 1220; 380, 4
61; 23, 1220; 460, 4
69; 24, 1380; 480, 3
71; 24, 1420; 480, 4
73; 24, 1460; 480, 3
75; 24, 1500; 480, 4
74; 22, 1480; 440, 2
70; 22, 1400; 440, 2
72; 22, 1440; 440, 2| move, 1.0, 1440; 500, player, 1440; 498; 20; 2
71; 17, 1420; 340, 4
71; 20, 1420; 400, 1
72; 19, 1440; 380, 1
74; 19, 1480; 380, 1
73; 18, 1460; 353, 2
74; 16, 1480; 309, 2
77; 17, 1540; 340, 1
78; 17, 1560; 359, 2
79; 17, 1580; 340, 3| move, 0.5, 1600; 340, 79; 17, 1561; 340; 20; 20| move, 1.0, 1580; 340, 79; 17, 1619; 340; 20; 20
70; 15, 1400; 300, 2
71; 14, 1420; 280, 2
72; 13, 1440; 260, 2
73; 13, 1460; 260, 2
74; 13, 1480; 260, 2
75; 13, 1500; 255, 2
76; 13, 1520; 255, 2| teleport, 1520; 279; 1, player, 1523; 261; 8; 38
77; 13, 1540; 255, 2
80; 12, 1600; 250, 1
79; 11, 1580; 220, 2
81; 11, 1620; 220, 2
78; 12, 1560; 240, 2
80; 10, 1600; 200, 2
81; 14, 1620; 280, 1
82; 12, 1640; 240, 2
82; 17, 1640; 340, 1
83; 20, 1660; 400, 1
84; 19, 1680; 380, 1
84; 16, 1680; 320, 2
83; 15, 1660; 300, 2