#misc
area, 5
checkpoint, 41; 22
checkpoint, 67; 21
checkpoint, 66; 21
chai, 1446; 369
chai, 1226; 369
chai, 1806; 369
exit, 1800; 430, 1880; 237; 2; 184, 4, Area5Select, 4
size, 1880, 620
spawn, 1086, 509, 0
name, 5 - 3
exitP, Exit Level, Area5Select, 104
lock, 2, 1760, 380, Pi
index, 54
music, 5
#blocks
42; 26, 840; 520, Pi
43; 26, 860; 520, Pi
44; 26, 880; 520, Pi
45; 26, 900; 520, Pi
40; 26, 800; 520, Pi
41; 26, 820; 520, Pi
39; 23, 780; 460, Pi
40; 23, 800; 460, Pi
41; 23, 820; 460, Pi
42; 23, 840; 460, Pi
43; 23, 860; 460, Pi
44; 23, 880; 460, Pi
46; 26, 920; 520, Pi
47; 26, 940; 520, Pi
48; 26, 960; 520, Pi
49; 26, 980; 520, Pi
50; 26, 1000; 520, Pi
51; 26, 1020; 520, Pi
52; 26, 1040; 520, Pi
53; 26, 1060; 520, Pi
54; 26, 1080; 520, Pi
56; 26, 1120; 520, Pi
56; 25, 1120; 500, Pi
55; 26, 1100; 520, Pi
55; 23, 1100; 460, Pi
54; 23, 1080; 460, Pi
45; 23, 900; 460, Pi
46; 23, 920; 460, Pi
47; 23, 940; 460, Pi
48; 23, 960; 460, Pi
49; 23, 980; 460, Pi
50; 23, 1000; 460, Pi
51; 23, 1020; 460, Pi
52; 23, 1040; 460, Pi
53; 23, 1060; 460, Pi
56; 24, 1120; 480, Pi
56; 23, 1120; 460, Pi
39; 26, 780; 520, Pi
38; 26, 760; 520, Pi
37; 26, 740; 520, Pi
36; 26, 720; 520, Pi
36; 25, 720; 500, Pi
36; 24, 720; 480, Pi
36; 23, 720; 460, Pi
36; 22, 720; 440, Pi
37; 21, 740; 420, Pi
38; 20, 760; 400, Pi
39; 19, 780; 380, Pi
40; 20, 800; 400, Pi
41; 20, 820; 400, Pi
42; 20, 840; 400, Pi
43; 20, 860; 400, Pi
44; 20, 880; 400, Pi
45; 20, 900; 400, Pi
46; 20, 920; 400, Pi
47; 20, 940; 400, Pi
48; 20, 960; 400, Pi
49; 20, 980; 400, Pi
50; 20, 1000; 400, Pi
51; 20, 1020; 400, Pi
52; 20, 1040; 400, Pi
53; 20, 1060; 400, Pi
54; 20, 1080; 400, Pi
55; 20, 1100; 400, Pi
56; 20, 1120; 400, Pi
57; 20, 1140; 400, Pi
58; 20, 1160; 400, Pi
59; 20, 1180; 400, Pi
57; 23, 1140; 460, Pi
58; 23, 1160; 460, Pi
59; 23, 1180; 460, Pi
60; 23, 1200; 460, Pi
61; 23, 1220; 460, Pi
62; 23, 1240; 460, Pi
63; 23, 1260; 460, Pi
64; 23, 1280; 460, Pi
65; 23, 1300; 460, Pi
66; 23, 1320; 460, Pi
67; 23, 1340; 460, Pi
68; 23, 1360; 460, Pi
69; 23, 1380; 460, Pi
70; 23, 1400; 460, Pi
71; 23, 1420; 460, Pi
63; 22, 1260; 440, Pi
70; 22, 1400; 440, Pi
71; 22, 1420; 440, Pi
61; 22, 1240; 440, Pi
61; 19, 1220; 380, Pi
62; 19, 1240; 380, Pi
63; 19, 1260; 380, Pi
64; 19, 1280; 380, Pi
65; 19, 1285; 380, Pi| front
66; 22, 1320; 440, Pi
67; 22, 1340; 440, Pi
68; 19, 1375; 380, Pi| front
69; 19, 1380; 380, Pi
70; 19, 1400; 380, Pi
71; 19, 1420; 380, Pi
60; 20, 1200; 400, Pi
72; 23, 1440; 460, Pi
72; 19, 1440; 380, Pi
73; 23, 1460; 460, Pi
74; 23, 1480; 460, Pi
62; 14, 1240; 280, Pi
63; 14, 1260; 280, Pi
64; 14, 1280; 280, Pi
65; 14, 1300; 280, Pi
66; 14, 1320; 280, Pi
67; 14, 1340; 280, Pi
68; 14, 1360; 280, Pi
69; 14, 1380; 280, Pi
70; 14, 1400; 280, Pi
71; 14, 1420; 280, Pi
69; 17, 1380; 340, Pi
69; 18, 1380; 360, Pi
71; 18, 1420; 360, Pi
73; 18, 1460; 360, Pi
73; 17, 1460; 340, Pi
60; 18, 1200; 360, Pi
60; 17, 1200; 340, Pi
60; 16, 1200; 320, Pi
64; 18, 1280; 360, Pi
64; 17, 1280; 340, Pi
62; 18, 1240; 360, Pi
72; 15, 1440; 300, Pi
61; 15, 1220; 300, Pi
73; 16, 1460; 320, Pi
75; 24, 1500; 480, Pi
76; 24, 1520; 480, Pi
77; 24, 1540; 480, Pi
78; 24, 1560; 480, Pi
79; 24, 1580; 480, Pi
80; 24, 1600; 480, Pi
81; 24, 1620; 480, Pi
82; 24, 1640; 480, Pi
83; 24, 1660; 480, Pi
84; 24, 1680; 480, Pi
85; 24, 1700; 480, Pi
86; 23, 1720; 460, Pi
73; 19, 1460; 380, Pi
74; 19, 1480; 380, Pi
75; 19, 1500; 380, Pi
76; 19, 1520; 380, Pi
77; 19, 1540; 380, Pi
78; 19, 1560; 380, Pi
79; 19, 1580; 380, Pi
80; 19, 1600; 380, Pi
81; 19, 1620; 380, Pi
82; 19, 1640; 380, Pi
83; 19, 1660; 380, Pi
84; 19, 1680; 380, Pi
85; 19, 1700; 380, Pi
86; 19, 1720; 380, Pi
87; 23, 1740; 460, Pi
87; 19, 1740; 380, Pi
88; 23, 1760; 460, Pi
89; 23, 1780; 460, Pi
91; 23, 1820; 460, Pi
89; 19, 1780; 380, Pi
90; 19, 1800; 380, Pi
91; 19, 1820; 380, Pi
90; 23, 1800; 460, Pi
87; 18, 1740; 360, Pi
87; 17, 1740; 340, Pi
88; 17, 1760; 340, Pi
89; 17, 1780; 340, Pi
90; 17, 1800; 340, Pi
91; 17, 1820; 340, Pi
91; 18, 1820; 360, Pi
92; 22, 1840; 440, Pi
93; 20, 1860; 400, Pi
93; 21, 1860; 420, Pi
#spikes
39; 24, 780; 461, 1
40; 24, 800; 461, 1
41; 24, 820; 461, 1
42; 24, 840; 461, 1
43; 24, 860; 461, 1
44; 24, 880; 461, 1
45; 24, 900; 461, 1
46; 24, 920; 461, 1
47; 24, 940; 461, 1
48; 24, 960; 461, 1
49; 24, 980; 461, 1
50; 24, 1000; 461, 1
51; 24, 1020; 461, 1
52; 24, 1040; 461, 1
53; 24, 1060; 461, 1
54; 24, 1080; 461, 1
55; 24, 1100; 461, 1
52; 25, 1040; 518, 1| move, 7.0, 780; 518, 52; 25, 1059; 520; 20; 20| move, 7.0, 1040; 518, 52; 25, 761; 520; 20; 20
39; 22, 780; 440, 1
37; 25, 740; 500, 1
38; 23, 760; 460, 3
38; 21, 760; 412, 2
40; 21, 800; 412, 2
39; 20, 780; 392, 2
41; 21, 820; 401, 1
42; 21, 840; 401, 1
43; 21, 860; 401, 1
44; 21, 880; 401, 1
45; 21, 900; 401, 1
46; 21, 920; 401, 1
47; 21, 940; 401, 1
48; 21, 960; 401, 1
49; 21, 980; 401, 1
50; 21, 1000; 401, 1
51; 21, 1020; 401, 1
52; 21, 1040; 401, 1
53; 21, 1060; 401, 1
54; 21, 1080; 401, 1
55; 21, 1100; 401, 1
56; 21, 1120; 401, 1
57; 21, 1140; 401, 1
58; 21, 1160; 401, 1
59; 21, 1180; 401, 1
42; 22, 840; 458, 1| move, 7.0, 1020; 458, 42; 22, 821; 460; 20; 20| move, 7.0, 840; 458, 62; 22, 1439; 460; 20; 20
52; 22, 1040; 458, 1| move, 7.0, 1220; 458, 42; 22, 821; 460; 20; 20| move, 7.0, 1040; 458, 62; 22, 1439; 460; 20; 20
62; 22, 1240; 458, 1| move, 7.0, 1420; 458, 42; 22, 821; 460; 20; 20| move, 7.0, 1240; 458, 62; 22, 1439; 460; 20; 20
61; 20, 1220; 400, 2
62; 20, 1240; 400, 2
63; 20, 1260; 400, 2
64; 20, 1280; 400, 2
69; 20, 1380; 400, 2
71; 20, 1420; 400, 2
60; 21, 1200; 401, 1
72; 20, 1440; 400, 2
70; 20, 1400; 400, 2
69; 16, 1380; 320, 1
70; 18, 1400; 360, 1
71; 17, 1420; 340, 1
70; 15, 1400; 295, 2
64; 16, 1280; 320, 1
63; 15, 1260; 295, 2
62; 17, 1240; 340, 1
63; 18, 1260; 360, 1
72; 16, 1440; 315, 2
61; 16, 1220; 315, 2
68; 17, 1375; 340, 3
65; 17, 1285; 340, 4
75; 23, 1500; 460, 3
77; 23, 1540; 460, 4
79; 23, 1580; 460, 3
81; 23, 1620; 460, 4
83; 23, 1660; 460, 3
85; 23, 1700; 460, 4
73; 20, 1460; 400, 2
74; 20, 1480; 397, 2
75; 20, 1500; 395, 2
76; 20, 1520; 395, 2
77; 20, 1540; 395, 2
78; 20, 1560; 395, 2
79; 20, 1580; 395, 2
80; 20, 1600; 395, 2
81; 20, 1620; 395, 2
82; 20, 1640; 395, 2
83; 20, 1660; 395, 2
84; 20, 1680; 395, 2
85; 20, 1700; 395, 2
86; 20, 1720; 397, 2
78; 23, 1560; 460, 1
82; 23, 1640; 460, 1
80; 23, 1600; 460, 1| alternate, 1600; 460; 1, 1680; 460; 1, 0.7, 80; 24, 1600; 480; 20; 20
87; 20, 1740; 400, 2
89; 20, 1780; 400, 2
90; 20, 1800; 400, 2
91; 20, 1820; 400, 2
92; 21, 1840; 420, 1
93; 19, 1860; 380, 1
91; 16, 1820; 320, 1
90; 16, 1800; 320, 1
89; 16, 1780; 320, 1
88; 16, 1760; 320, 1
87; 16, 1740; 320, 1
88; 18, 1750; 340, 2| move, 4.0, 1780; 380, player, 1760; 360; 20; 20