#misc
area, 5
checkpoint, 49; 30
checkpoint, 71; 23
chai, 986; 329
chai, 886; 369
chai, 1466; 629
exit, 1720; 380, 1780; 327; 2; 148, 4, Area5Select, 8
size, 1780, 760
spawn, 926, 529, 0
name, 5 - 7
exitP, Exit Level, Area5Select, 108
lock, 4, 920, 360, Pi
index, 58
music, 5
#blocks
46; 27, 920; 540, Pi
45; 27, 900; 540, Pi
47; 27, 940; 540, Pi
44; 27, 880; 540, Pi
48; 27, 960; 540, Pi
48; 26, 960; 520, Pi
48; 25, 960; 500, Pi
48; 24, 960; 480, Pi
48; 23, 960; 460, Pi
47; 23, 940; 460, Pi
43; 27, 860; 540, Pi
42; 27, 840; 540, Pi
41; 27, 820; 540, Pi
38; 25, 760; 500, Pi
38; 26, 760; 520, Pi
38; 27, 760; 540, Pi
38; 28, 760; 560, Pi
42; 21, 840; 420, Pi
43; 21, 860; 420, Pi
44; 21, 880; 420, Pi
39; 24, 780; 480, Pi
40; 23, 800; 460, Pi
41; 22, 820; 440, Pi
45; 20, 900; 400, Pi
46; 19, 920; 380, Pi
47; 20, 940; 400, Pi
48; 20, 960; 400, Pi
49; 23, 980; 460, Pi
50; 23, 1000; 460, Pi
50; 22, 1000; 440, Pi
50; 21, 1000; 420, Pi
50; 20, 1000; 400, Pi
50; 19, 1000; 380, Pi
50; 18, 1000; 360, Pi
50; 17, 1000; 340, Pi
49; 17, 980; 340, Pi
48; 17, 960; 340, Pi
47; 17, 940; 340, Pi
46; 17, 920; 340, Pi
45; 19, 900; 380, Pi
44; 19, 880; 380, Pi
43; 19, 860; 380, Pi
45; 17, 900; 340, Pi
43; 18, 860; 360, Pi
43; 17, 860; 340, Pi
43; 16, 860; 320, Pi
43; 15, 860; 300, Pi
44; 15, 880; 300, Pi
45; 15, 900; 300, Pi
46; 15, 920; 300, Pi
47; 15, 940; 300, Pi
48; 15, 960; 300, Pi
49; 15, 980; 300, Pi
50; 15, 1000; 300, Pi
50; 16, 1000; 320, Pi
38; 29, 760; 580, Pi
38; 30, 760; 600, Pi
39; 30, 780; 600, Pi
40; 30, 800; 600, Pi
41; 30, 820; 600, Pi
42; 30, 840; 600, Pi
43; 31, 860; 620, Pi
44; 31, 880; 620, Pi
45; 31, 900; 620, Pi
48; 31, 960; 620, Pi
47; 31, 940; 620, Pi
46; 31, 920; 620, Pi
49; 31, 980; 620, Pi
50; 31, 1000; 620, Pi
51; 31, 1020; 620, Pi
49; 27, 980; 540, Pi
50; 27, 1000; 540, Pi
51; 27, 1020; 540, Pi
52; 31, 1040; 620, Pi
53; 31, 1060; 620, Pi
54; 31, 1080; 620, Pi
55; 33, 1100; 660, Pi
56; 33, 1120; 660, Pi
57; 31, 1140; 620, Pi
58; 31, 1160; 620, Pi
59; 31, 1180; 620, Pi
52; 26, 1040; 520, Pi
53; 25, 1060; 500, Pi
54; 24, 1080; 480, Pi
55; 24, 1100; 480, Pi
56; 24, 1120; 480, Pi
57; 24, 1140; 480, Pi
58; 25, 1160; 500, Pi
59; 26, 1180; 520, Pi
60; 27, 1200; 540, Pi
61; 27, 1220; 540, Pi
60; 31, 1200; 620, Pi
61; 31, 1220; 620, Pi
62; 31, 1240; 620, Pi
63; 32, 1260; 640, Pi
64; 32, 1280; 640, Pi
65; 32, 1300; 640, Pi
66; 31, 1320; 620, Pi
65; 29, 1300; 580, Pi
67; 30, 1340; 600, Pi
67; 29, 1340; 580, Pi
67; 28, 1340; 560, Pi
67; 27, 1340; 540, Pi
67; 26, 1340; 520, Pi
67; 25, 1340; 500, Pi
67; 24, 1340; 480, Pi
65; 24, 1300; 480, Pi
61; 26, 1220; 520, Pi
61; 25, 1220; 500, Pi
61; 24, 1220; 480, Pi
61; 23, 1220; 460, Pi
67; 23, 1340; 460, Pi
64; 21, 1280; 420, Pi
63; 21, 1260; 420, Pi
62; 22, 1240; 440, Pi
64; 20, 1280; 400, Pi
64; 19, 1280; 380, Pi
65; 19, 1300; 380, Pi
66; 19, 1320; 380, Pi
67; 19, 1340; 380, Pi
68; 19, 1360; 380, Pi
69; 19, 1380; 380, Pi
69; 20, 1380; 400, Pi
69; 21, 1380; 420, Pi
69; 22, 1380; 440, Pi
68; 24, 1360; 480, Pi
69; 24, 1380; 480, Pi
70; 24, 1400; 480, Pi
71; 24, 1420; 480, Pi
70; 21, 1400; 420, Pi
71; 21, 1420; 420, Pi
72; 21, 1440; 420, Pi
72; 24, 1440; 480, Pi
73; 24, 1460; 480, Pi
74; 24, 1480; 480, Pi
75; 24, 1500; 480, Pi
76; 24, 1520; 480, Pi
77; 24, 1540; 480, Pi
73; 20, 1460; 400, Pi
74; 20, 1480; 400, Pi
75; 20, 1500; 400, Pi
76; 20, 1520; 400, Pi
77; 20, 1540; 400, Pi
78; 21, 1560; 420, Pi
80; 24, 1600; 480, Pi
80; 23, 1600; 460, Pi
80; 22, 1600; 440, Pi
80; 21, 1600; 420, Pi
78; 24, 1560; 480, Pi
78; 25, 1560; 500, Pi
78; 26, 1560; 520, Pi
78; 27, 1560; 540, Pi
79; 27, 1580; 540, Pi
80; 27, 1600; 540, Pi
81; 24, 1620; 480, Pi
82; 25, 1640; 500, Pi
82; 26, 1640; 520, Pi
82; 27, 1640; 540, Pi
82; 28, 1640; 560, Pi
82; 29, 1640; 580, Pi
82; 30, 1640; 600, Pi
82; 31, 1640; 620, Pi
80; 32, 1600; 640, Pi
79; 32, 1580; 640, Pi
78; 32, 1560; 640, Pi
77; 32, 1540; 640, Pi
76; 32, 1520; 640, Pi
75; 32, 1500; 640, Pi
74; 32, 1480; 640, Pi
73; 32, 1460; 640, Pi
72; 31, 1440; 620, Pi
72; 30, 1440; 600, Pi
72; 29, 1440; 580, Pi
72; 28, 1440; 560, Pi
73; 27, 1460; 540, Pi
74; 27, 1480; 540, Pi
75; 27, 1500; 540, Pi
76; 27, 1520; 540, Pi
77; 27, 1540; 540, Pi
81; 32, 1620; 640, Pi
80; 20, 1600; 400, Pi
78; 19, 1560; 380, Pi
78; 20, 1560; 400, Pi
79; 17, 1580; 340, Pi
80; 17, 1600; 340, Pi
78; 18, 1560; 360, Pi
78; 17, 1560; 340, Pi
82; 32, 1640; 640, Pi
72; 32, 1440; 640, Pi
72; 27, 1440; 540, Pi
82; 24, 1640; 480, Pi
81; 20, 1620; 400, Pi
82; 20, 1640; 400, Pi
82; 19, 1640; 380, Pi
82; 18, 1640; 360, Pi
82; 17, 1640; 340, Pi
82; 16, 1640; 320, Pi
80; 16, 1600; 320, Pi
80; 15, 1600; 300, Pi
80; 14, 1600; 280, Pi
80; 13, 1600; 260, Pi
81; 13, 1620; 260, Pi
82; 13, 1640; 260, Pi
83; 16, 1660; 320, Pi
84; 16, 1680; 320, Pi
84; 15, 1680; 300, Pi
84; 14, 1680; 280, Pi
84; 17, 1680; 340, Pi
85; 18, 1700; 360, Pi
86; 17, 1720; 340, Pi
86; 16, 1720; 320, Pi
82; 12, 1640; 240, Pi
82; 11, 1640; 220, Pi
83; 11, 1660; 220, Pi
84; 11, 1680; 220, Pi
85; 11, 1700; 220, Pi
86; 12, 1720; 240, Pi
87; 13, 1740; 260, Pi
88; 14, 1760; 280, Pi
88; 15, 1760; 300, Pi
88; 16, 1760; 320, Pi
88; 23, 1760; 460, Pi
87; 22, 1740; 440, Pi
87; 21, 1740; 420, Pi
86; 20, 1720; 400, Pi
86; 19, 1720; 380, Pi
86; 18, 1720; 360, Pi
#spikes
47; 24, 940; 480, 2
46; 23, 920; 460, 3
45; 26, 900; 520, 1
44; 26, 880; 520, 1
43; 26, 860; 520, 1
42; 26, 840; 520, 1
41; 26, 820; 520, 1
39; 25, 780; 500, 2
40; 24, 800; 480, 2
41; 23, 820; 460, 2
42; 22, 840; 440, 2
43; 22, 860; 440, 2
44; 22, 880; 440, 2
45; 21, 900; 420, 2
46; 20, 920; 400, 2
47; 21, 940; 420, 2
48; 21, 960; 420, 2
49; 22, 980; 443, 1
48; 19, 960; 380, 1
49; 18, 980; 357, 2
46; 16, 930; 340, 1| alternate, 930; 340; 1, 930; 320; 1, 0.8, player, 880; 320; 20; 20
39; 29, 780; 580, 1
40; 29, 800; 580, 1
43; 30, 860; 600, 1
42; 28, 840; 560, 2
44; 28, 880; 560, 2
48; 28, 960; 560, 2
46; 30, 920; 600, 1
47; 28, 940; 555, 2| move, 5.0, 900; 555, 47; 28, 959; 560; 20; 20| move, 5.0, 940; 555, 47; 28, 881; 560; 20; 20
44; 30, 880; 610, 1
52; 30, 1040; 600, 1
53; 30, 1060; 600, 1
54; 30, 1080; 600, 1
55; 27, 1100; 540, 3
55; 28, 1100; 560, 3
56; 28, 1120; 560, 4
56; 27, 1120; 540, 4
57; 30, 1140; 600, 1
58; 30, 1160; 600, 1
59; 30, 1180; 600, 1
54; 32, 1080; 640, 2
55; 32, 1100; 640, 1| alternate, 1100; 640; 1, 1120; 640; 1, 0.7, 55; 33, 1100; 660; 20; 20
49; 28, 980; 560, 2
50; 28, 1000; 560, 2
51; 28, 1020; 560, 2
52; 27, 1040; 540, 2
53; 26, 1060; 520, 2
54; 25, 1080; 500, 2
57; 25, 1140; 500, 2
56; 25, 1120; 500, 2
55; 25, 1100; 500, 2
58; 26, 1160; 520, 2
59; 27, 1180; 540, 2
60; 28, 1200; 560, 2
61; 28, 1220; 560, 2
62; 30, 1240; 600, 1
62; 27, 1240; 540, 4
57; 32, 1140; 640, 2
64; 28, 1280; 560, 1
64; 29, 1280; 580, 2
63; 31, 1260; 620, 1
64; 31, 1280; 620, 1
65; 31, 1300; 620, 1
66; 30, 1320; 600, 1
66; 26, 1320; 520, 3
66; 27, 1320; 540, 3
64; 24, 1280; 480, 3
62; 26, 1240; 520, 4
62; 25, 1240; 500, 4
62; 24, 1240; 480, 4
62; 23, 1240; 460, 4
63; 22, 1260; 440, 2
64; 22, 1280; 440, 2
66; 22, 1320; 440, 2
66; 21, 1320; 420, 1
67; 22, 1340; 440, 1
65; 20, 1300; 395, 2
68; 20, 1360; 400, 2
57; 33, 1140; 660, 4
56; 34, 1120; 680, 2
55; 34, 1100; 680, 2
54; 33, 1080; 660, 3
42; 31, 840; 620, 2
74; 23, 1480; 460, 1
73; 21, 1460; 420, 2
75; 21, 1500; 420, 2
76; 23, 1520; 460, 1
77; 21, 1540; 420, 2
70; 22, 1400; 440, 2
71; 22, 1420; 440, 2
72; 22, 1440; 440, 2
78; 22, 1560; 440, 2
79; 26, 1580; 520, 1
81; 29, 1620; 580, 3
79; 31, 1580; 620, 1
78; 31, 1560; 620, 1
77; 31, 1540; 620, 1
75; 31, 1500; 620, 1| teleport, 1520; 620, player, 1520; 637; 20; 2| teleport, 1520; 620, player, 1500; 616; 20; 14
80; 31, 1600; 620, 1
74; 31, 1480; 620, 1
73; 30, 1460; 590, 4
80; 25, 1600; 497, 2
81; 25, 1620; 500, 2
82; 15, 1640; 300, 1
84; 13, 1680; 260, 1
85; 17, 1700; 340, 1
86; 15, 1720; 300, 1
84; 18, 1680; 360, 2
83; 17, 1660; 340, 2
80; 19, 1600; 380, 1
81; 14, 1620; 277, 2
79; 18, 1580; 357, 2
83; 12, 1660; 235, 2
85; 12, 1700; 235, 2
86; 13, 1720; 255, 2
87; 14, 1740; 273, 2
88; 17, 1760; 340, 2
88; 22, 1760; 440, 1
87; 20, 1740; 400, 1
85; 19, 1700; 380, 2
86; 21, 1720; 420, 2
87; 23, 1740; 460, 2
88; 24, 1760; 480, 2
74; 21, 1480; 401, 1
76; 21, 1520; 401, 1
75; 23, 1500; 479, 2