#misc
area, 5
checkpoint, 25; 25
checkpoint, 14; 29
chai, 506; 329
chai, 526; 329
chai, 306; 589
exit, 160; 520, 168; 740; 64; 2, 2, Area5Select, 11
size, 780, 740
spawn, 266, 289, 0
name, 5 - 10
exitP, Exit Level, Area5Select, 111
lock, 5, 260, 580, Pi
index, 61
music, 5
#blocks
10; 15, 200; 300, Pi
11; 15, 220; 300, Pi
12; 15, 240; 300, Pi
10; 11, 200; 220, Pi
11; 11, 220; 220, Pi
12; 11, 240; 220, Pi
13; 11, 260; 220, Pi
13; 15, 260; 300, Pi
14; 15, 280; 300, Pi
15; 15, 300; 300, Pi
16; 15, 320; 300, Pi
17; 15, 340; 300, Pi
18; 15, 360; 300, Pi
14; 11, 280; 220, Pi
15; 11, 300; 220, Pi
16; 11, 320; 220, Pi
17; 11, 340; 220, Pi
18; 11, 360; 220, Pi
17; 12, 340; 240, Pi
19; 11, 380; 220, Pi
20; 11, 400; 220, Pi
19; 15, 380; 300, Pi
20; 15, 400; 300, Pi
21; 15, 420; 300, Pi
21; 11, 420; 220, Pi
22; 15, 440; 300, Pi
23; 15, 460; 300, Pi
24; 15, 480; 300, Pi
22; 11, 440; 220, Pi
23; 11, 460; 220, Pi
24; 11, 480; 220, Pi
25; 15, 500; 300, Pi
25; 11, 500; 220, Pi
26; 11, 520; 220, Pi
27; 15, 540; 300, Pi
27; 11, 540; 220, Pi
28; 11, 560; 220, Pi
29; 11, 580; 220, Pi
31; 15, 620; 300, Pi
31; 16, 620; 320, Pi
27; 17, 540; 340, Pi
27; 18, 540; 360, Pi
27; 19, 540; 380, Pi
27; 20, 540; 400, Pi
31; 17, 620; 340, Pi
31; 18, 620; 360, Pi
31; 19, 620; 380, Pi
31; 22, 620; 440, Pi
31; 21, 620; 420, Pi
31; 20, 620; 400, Pi
26; 15, 520; 300, Pi
9; 15, 180; 300, O
8; 15, 160; 300, O
7; 15, 140; 300, O
6; 15, 120; 300, O
9; 11, 180; 220, O
8; 11, 160; 220, O
7; 11, 140; 220, O
6; 11, 120; 220, O
5; 15, 100; 300, G
5; 14, 100; 280, G
5; 13, 100; 260, G
5; 12, 100; 240, G
5; 11, 100; 220, G
8; 14, 160; 280, O
7; 14, 140; 280, O
28; 26, 560; 520, Pi
27; 26, 540; 520, Pi
26; 26, 520; 520, Pi
25; 26, 500; 520, Pi
24; 26, 480; 520, Pi
23; 26, 460; 520, Pi
22; 26, 440; 520, Pi
25; 22, 500; 440, Pi
24; 22, 480; 440, Pi
23; 22, 460; 440, Pi
31; 23, 620; 460, Pi
31; 24, 620; 480, Pi
29; 26, 580; 520, Pi
30; 25, 600; 500, Pi
21; 26, 420; 520, Pi
20; 26, 400; 520, Pi
19; 26, 380; 520, Pi
18; 26, 360; 520, Pi
16; 26, 320; 520, Pi
22; 22, 440; 440, Pi
21; 22, 420; 440, Pi
20; 22, 400; 440, Pi
19; 22, 380; 440, Pi
18; 22, 360; 440, Pi
17; 22, 340; 440, Pi
16; 22, 320; 440, Pi
15; 22, 300; 440, Pi
15; 26, 300; 520, Pi
14; 22, 280; 440, Pi
13; 22, 260; 440, Pi
12; 22, 240; 440, Pi
14; 26, 280; 520, Pi
13; 26, 260; 520, Pi
11; 22, 220; 440, Pi
11; 26, 220; 520, Pi
11; 27, 220; 540, Pi
17; 26, 340; 520, Pi
11; 28, 220; 560, Pi
10; 22, 200; 440, Pi
9; 23, 180; 460, Pi
8; 24, 160; 480, Pi
8; 25, 160; 500, Pi
8; 26, 160; 520, Pi
8; 27, 160; 540, Pi
8; 28, 160; 560, Pi
8; 29, 160; 580, Pi
8; 30, 160; 600, Pi
11; 29, 220; 580, Pi
11; 30, 220; 600, Pi
12; 30, 240; 600, Pi
13; 30, 260; 600, Pi
14; 30, 280; 600, Pi
15; 30, 300; 600, Pi
13; 27, 260; 540, Pi
13; 28, 260; 560, Pi
14; 28, 280; 560, Pi
15; 28, 300; 560, Pi
30; 11, 600; 220, Pi
31; 11, 620; 220, Pi
31; 12, 620; 240, Pi| front
31; 13, 620; 260, Pi| front
31; 14, 620; 280, Pi| front
26; 22, 520; 440, Pi
27; 22, 540; 440, Pi
27; 21, 540; 420, Pi
8; 31, 160; 620, Pi
8; 32, 160; 640, Pi
8; 33, 160; 660, Pi
11; 31, 220; 620, Pi
11; 32, 220; 640, Pi
11; 33, 220; 660, Pi
8; 34, 160; 680, Pi
8; 35, 160; 700, Pi
11; 34, 220; 680, Pi
11; 35, 220; 700, Pi
8; 36, 160; 720, Pi
11; 36, 220; 720, Pi
16; 30, 320; 600, Pi
16; 28, 320; 560, Pi
16; 29, 320; 580, Pi
26; 17, 520; 340, O
25; 17, 500; 340, O
24; 17, 480; 340, O
24; 16, 480; 320, G
#spikes
16; 14, 320; 285, 1
17; 13, 340; 260, 2
15; 12, 300; 240, 2
18; 14, 360; 285, 1
19; 12, 380; 240, 2
21; 14, 420; 280, 1
22; 14, 440; 280, 1
24; 12, 480; 240, 2| teleport, 480; 280; 1, player, 463; 277; 32; 2| teleport, 480; 240; 2, player, 474; 245; 20; 8
23; 14, 460; 280, 1| teleport, 460; 240; 2, player, 464; 277; 32; 2
18; 12, 360; 240, 4| alternate, 360; 240; 4, 320; 240; 3, 0.6, 17; 12, 340; 240; 20; 20
27; 16, 540; 320, 1| teleport, 180; 280, player, 120; 280; 20; 20
7; 12, 150; 223, 2
7; 13, 140; 268, 1
8; 13, 160; 268, 1
10; 14, 200; 280, 4| move, 1.5, 620; 280, player, 260; 280; 20; 20| front
10; 13, 200; 260, 4| move, 1.5, 620; 260, player, 260; 280; 20; 20| front
10; 12, 200; 240, 4| move, 1.5, 620; 240, player, 260; 280; 20; 20| front
21; 25, 420; 500, 3
22; 25, 440; 500, 4
19; 25, 380; 500, 4| alternate, 380; 500; 4, 400; 500; 4, 0.8, 19; 26, 380; 520; 20; 20
18; 25, 360; 500, 3| alternate, 360; 500; 3, 340; 500; 3, 0.8, 18; 26, 360; 520; 20; 20
20; 23, 400; 460, 2
17; 23, 340; 460, 2
16; 25, 320; 500, 4
15; 25, 300; 500, 3
12; 26, 240; 520, 4| alternate, 240; 520; 4, 220; 500; 1, 0.5, 11; 26, 220; 520; 20; 20
13; 25, 260; 500, 1
10; 23, 200; 460, 2
9; 24, 180; 480, 2
10; 27, 200; 540, 3
9; 30, 180; 600, 4| teleport, 200; 600; 3, player, 181; 588; 38; 2
9; 33, 180; 660, 4
10; 36, 200; 720, 1