#misc
area, 5
checkpoint, 60; 36
checkpoint, 81; 36
chai, 1186; 389
chai, 1106; 389
chai, 1006; 729
exit, 1800; 760, 1811; 860; 58; 2, 2, Area5Select, 9
size, 1940, 860
spawn, 1146, 569, 0
name, 5 - 8
exitP, Exit Level, Area5Select, 109
index, 59
music, 5
#blocks
57; 29, 1140; 580, Pi
58; 29, 1160; 580, Pi
56; 29, 1120; 580, Pi
55; 28, 1100; 560, Pi
60; 26, 1200; 520, Pi
54; 26, 1080; 520, Pi
59; 28, 1180; 560, Pi
52; 24, 1040; 480, Pi
52; 25, 1040; 500, Pi
52; 26, 1040; 520, Pi
52; 27, 1040; 540, Pi
52; 28, 1040; 560, Pi
62; 24, 1240; 480, Pi
62; 25, 1240; 500, Pi
62; 26, 1240; 520, Pi
62; 27, 1240; 540, Pi
58; 24, 1160; 480, Pi
56; 24, 1120; 480, Pi
59; 22, 1180; 440, Pi
55; 22, 1100; 440, Pi
53; 22, 1060; 440, Pi
60; 21, 1200; 420, Pi
61; 22, 1220; 440, Pi
52; 29, 1040; 580, Pi
52; 30, 1040; 600, Pi
53; 31, 1060; 620, Pi
61; 31, 1220; 620, Pi
62; 28, 1240; 560, Pi
62; 29, 1240; 580, Pi
62; 30, 1240; 600, Pi
54; 32, 1080; 640, Pi
55; 32, 1100; 640, Pi
59; 32, 1180; 640, Pi
60; 32, 1200; 640, Pi
59; 33, 1180; 660, Pi
55; 33, 1100; 660, Pi
55; 34, 1100; 680, Pi
55; 37, 1100; 740, Pi
56; 37, 1120; 740, Pi
57; 37, 1140; 740, Pi
58; 37, 1160; 740, Pi
59; 37, 1180; 740, Pi
59; 34, 1180; 680, Pi
60; 37, 1200; 740, Pi
61; 37, 1220; 740, Pi
60; 34, 1200; 680, Pi
61; 34, 1220; 680, Pi
54; 37, 1080; 740, Pi
53; 37, 1060; 740, Pi
52; 36, 1040; 720, Pi
51; 35, 1020; 700, Pi
49; 33, 980; 660, Pi
49; 32, 980; 640, Pi
49; 31, 980; 620, Pi
49; 30, 980; 600, Pi
49; 29, 980; 580, Pi
49; 28, 980; 560, Pi
49; 27, 980; 540, Pi
49; 26, 980; 520, Pi
49; 25, 980; 500, Pi
49; 24, 980; 480, Pi
49; 23, 980; 460, Pi
49; 22, 980; 440, Pi
49; 21, 980; 420, Pi
49; 20, 980; 400, Pi
49; 19, 980; 380, Pi
50; 18, 1000; 360, Pi
52; 17, 1040; 340, Pi
51; 17, 1020; 340, Pi
53; 17, 1060; 340, Pi
54; 17, 1080; 340, Pi
55; 17, 1100; 340, Pi
56; 17, 1120; 340, Pi
57; 17, 1140; 340, Pi
58; 17, 1160; 340, Pi
55; 20, 1100; 400, Pi
62; 23, 1240; 460, Pi
59; 20, 1180; 400, Pi
59; 17, 1180; 340, Pi
60; 17, 1200; 340, Pi
62; 19, 1240; 380, Pi
62; 20, 1240; 400, Pi
62; 21, 1240; 420, Pi
62; 22, 1240; 440, Pi
61; 18, 1220; 360, Pi
57; 20, 1140; 400, Pi
48; 31, 980; 620, Pi| teleport, 1100; 700, player, 1200; 720; 20; 20
48; 32, 980; 640, Pi| teleport, 1100; 720, player, 1200; 720; 20; 20
54; 21, 1080; 420, Pi
50; 34, 1000; 680, Pi| move, 1.0, 1010; 380, player, 1000; 677; 20; 2
49; 34, 980; 680, Pi
49; 35, 980; 700, Pi
49; 36, 980; 720, Pi
51; 37, 1020; 740, Pi
52; 37, 1040; 740, Pi
49; 37, 980; 740, Pi
66; 37, 1320; 740, Pi
67; 37, 1340; 740, Pi
68; 37, 1360; 740, Pi
73; 37, 1460; 740, Pi
74; 37, 1480; 740, Pi
75; 37, 1500; 740, Pi
62; 33, 1240; 660, Pi
63; 32, 1260; 640, Pi
64; 31, 1280; 620, Pi
65; 31, 1300; 620, Pi
66; 31, 1320; 620, Pi
67; 31, 1340; 620, Pi
68; 31, 1360; 620, Pi
69; 31, 1380; 620, Pi
70; 31, 1400; 620, Pi
71; 31, 1420; 620, Pi
72; 31, 1440; 620, Pi
73; 31, 1460; 620, Pi
74; 31, 1480; 620, Pi
75; 31, 1500; 620, Pi
76; 31, 1520; 620, Pi
77; 31, 1540; 620, Pi
80; 37, 1600; 740, Pi
81; 37, 1620; 740, Pi
83; 37, 1660; 740, Pi
78; 32, 1560; 640, Pi
79; 33, 1580; 660, Pi
80; 34, 1600; 680, Pi
82; 34, 1640; 680, Pi
59; 38, 1180; 760, Pi
60; 39, 1200; 780, Pi
61; 40, 1220; 800, Pi
62; 40, 1240; 800, Pi
63; 40, 1260; 800, Pi
64; 40, 1280; 800, Pi
65; 40, 1300; 800, Pi
66; 40, 1320; 800, Pi
67; 39, 1340; 780, Pi
68; 40, 1360; 800, Pi
69; 40, 1380; 800, Pi
70; 40, 1400; 800, Pi
71; 40, 1420; 800, Pi
74; 39, 1480; 780, Pi
75; 40, 1500; 800, Pi
76; 40, 1520; 800, Pi
77; 40, 1540; 800, Pi
78; 40, 1560; 800, Pi
79; 40, 1580; 800, Pi
80; 40, 1600; 800, Pi
81; 39, 1620; 780, Pi
73; 40, 1460; 800, Pi
72; 40, 1440; 800, Pi
82; 37, 1640; 740, Pi
82; 38, 1640; 760, Pi
84; 37, 1680; 740, Pi
85; 36, 1700; 720, Pi
83; 33, 1660; 660, Pi
84; 33, 1680; 660, Pi
85; 33, 1700; 660, Pi
86; 33, 1720; 660, Pi
87; 33, 1740; 660, Pi
86; 37, 1720; 740, Pi
87; 37, 1740; 740, Pi
88; 37, 1760; 740, Pi
89; 36, 1780; 720, Pi
88; 33, 1760; 660, Pi
90; 33, 1800; 660, Pi
90; 37, 1800; 740, Pi
89; 33, 1780; 660, Pi
91; 33, 1820; 660, Pi
92; 33, 1840; 660, Pi
92; 34, 1840; 680, Pi
92; 36, 1840; 720, Pi
92; 37, 1840; 740, Pi
92; 35, 1840; 700, Pi
90; 38, 1800; 760, Pi
90; 41, 1800; 820, Pi
90; 39, 1800; 780, Pi
90; 40, 1800; 800, Pi
90; 42, 1800; 840, Pi
92; 38, 1840; 760, Pi
93; 40, 1860; 800, Pi
92; 39, 1840; 780, Pi
93; 41, 1860; 820, Pi
93; 42, 1860; 840, Pi
81; 34, 1620; 680, Pi
50; 37, 1000; 740, Pi
#spikes
60; 27, 1200; 540, 2
54; 27, 1080; 540, 2
60; 25, 1200; 500, 1
54; 25, 1080; 500, 1
55; 29, 1100; 580, 2
56; 30, 1120; 600, 2
58; 30, 1160; 600, 2
59; 29, 1180; 580, 2
60; 28, 1200; 560, 4
54; 28, 1080; 560, 3
55; 27, 1100; 540, 1
59; 27, 1180; 540, 1
56; 25, 1120; 500, 2
58; 25, 1160; 500, 2
55; 23, 1100; 460, 2
59; 23, 1180; 460, 2
60; 22, 1200; 440, 2
54; 22, 1080; 440, 2
61; 23, 1220; 460, 2
53; 23, 1060; 460, 2
61; 30, 1220; 600, 1
53; 30, 1060; 600, 1
57; 30, 1140; 600, 2
52; 23, 1040; 460, 1
58; 23, 1160; 460, 1
56; 23, 1120; 460, 1
61; 21, 1220; 420, 1
60; 20, 1200; 400, 1
59; 21, 1180; 420, 1
55; 21, 1100; 420, 1
53; 21, 1060; 420, 1
58; 33, 1160; 643, 3
56; 33, 1120; 643, 4
57; 34, 1140; 673, 1
57; 35, 1140; 693, 2
60; 18, 1200; 360, 2
59; 18, 1180; 360, 2
58; 18, 1160; 360, 2
57; 18, 1140; 360, 2
56; 18, 1120; 360, 2
55; 18, 1100; 360, 2
54; 18, 1080; 360, 2
53; 18, 1060; 360, 2
52; 18, 1040; 360, 2
51; 18, 1020; 360, 2
57; 21, 1140; 420, 1
57; 22, 1140; 440, 2
53; 36, 1060; 720, 1
52; 35, 1040; 700, 1
51; 34, 1020; 680, 1
54; 33, 1080; 660, 2
53; 32, 1060; 640, 2
52; 31, 1040; 620, 2
50; 30, 1003; 600, 2
50; 29, 1003; 580, 1
50; 27, 1005; 540, 2
50; 26, 1005; 520, 1
50; 24, 1007; 480, 2
50; 23, 1007; 460, 1
67; 36, 1340; 720, 2
66; 35, 1320; 700, 2
68; 35, 1360; 700, 2
66; 34, 1320; 680, 1
67; 35, 1340; 700, 1
68; 34, 1360; 680, 1
60; 38, 1200; 760, 1
61; 39, 1220; 780, 1
62; 39, 1240; 780, 1
63; 39, 1260; 780, 1
64; 39, 1280; 780, 1
65; 39, 1300; 780, 1
66; 39, 1320; 780, 1
67; 38, 1340; 760, 1
68; 39, 1360; 780, 1
69; 39, 1380; 780, 1
70; 39, 1400; 780, 1
71; 39, 1420; 780, 1
72; 39, 1440; 780, 1
74; 36, 1480; 720, 2
75; 35, 1500; 700, 2
73; 35, 1460; 700, 2
73; 34, 1460; 680, 1
74; 35, 1480; 700, 1
75; 34, 1500; 680, 1
74; 38, 1480; 760, 1
73; 39, 1460; 780, 1
75; 39, 1500; 780, 1
76; 39, 1520; 780, 1
77; 39, 1540; 780, 1
78; 39, 1560; 780, 1
79; 39, 1580; 780, 1
80; 39, 1600; 780, 1
81; 38, 1620; 760, 1
62; 34, 1240; 680, 2
63; 33, 1260; 660, 2
64; 32, 1280; 640, 2
65; 32, 1300; 640, 2
67; 32, 1340; 640, 2
69; 32, 1380; 640, 2
70; 32, 1400; 640, 2
71; 32, 1420; 640, 2
72; 32, 1440; 640, 2
74; 32, 1480; 640, 2
76; 32, 1520; 640, 2
77; 32, 1540; 640, 2
78; 33, 1560; 660, 2
79; 34, 1580; 680, 2
70; 35, 1400; 690, 1
71; 35, 1420; 690, 1
70; 36, 1400; 710, 2
71; 36, 1420; 710, 2
84; 36, 1680; 720, 3
85; 35, 1700; 700, 1
85; 37, 1700; 740, 2
88; 36, 1760; 720, 3
89; 37, 1780; 740, 2
89; 35, 1780; 700, 1
86; 34, 1720; 677, 2
87; 36, 1740; 720, 1| alternate, 1740; 720; 1, 1720; 720; 1, 1.0, 87; 37, 1740; 740; 20; 20
83; 34, 1660; 680, 2
91; 36, 1820; 720, 1| alternate, 1820; 720; 1, 1800; 720; 4, 1.0, 90; 37, 1800; 740; 20; 20
90; 34, 1800; 677, 2
91; 34, 1820; 661, 1
92; 40, 1840; 800, 2
91; 42, 1820; 840, 1