#misc
area, 3
checkpoint, 43; 54
checkpoint, 55; 47
checkpoint, 50; 31
checkpoint, 59; 11
checkpoint, 72; 11
checkpoint, 81; 45
exit, 960; 915, 950; 0; 40; 2, 1, decor, 1
exit, 1840; 120, 1855; 0; 70; 2, 1, TransitionToHub, 3, 4
size, 1940, 1220
spawn, 966, 989, 0
name, DUNGEON 3
exitP, Exit Dungeon, Area3Select, 13
index, 37
music, 3
mittens, 20, 880, 1100
mittens, 21, 1120, 940
mittens, 22, 960, 1040
mittens, 23, 920, 660
mittens, 24, 1180, 220
mittens, 25, 1500, 400
mittens, 26, 1620, 650
mittens, 27, 1700, 580
mittens, 28, 1700, 170
lockM, 21, 960, 960, O
lockM, 23, 960, 640, O
lockM, 26, 1560, 840, O
lockM, 28, 1800, 150, O
#blocks
45; 50, 900; 1000, O
46; 50, 920; 1000, O
47; 50, 940; 1000, O
49; 50, 980; 1000, O
50; 50, 1000; 1000, O
51; 50, 1020; 1000, O
45; 48, 900; 960, O
46; 48, 920; 960, O
47; 48, 940; 960, O
49; 48, 980; 960, O
50; 48, 1000; 960, O
51; 45, 1020; 900, O
51; 44, 1020; 880, O
51; 43, 1020; 860, O
51; 42, 1020; 840, O
45; 45, 900; 900, O
45; 44, 900; 880, O
45; 43, 900; 860, O
45; 47, 900; 940, O
45; 46, 900; 920, O
51; 48, 1020; 960, O
51; 47, 1020; 940, O
51; 46, 1020; 920, O
52; 50, 1040; 1000, O
53; 50, 1060; 1000, O
54; 50, 1080; 1000, O
52; 47, 1040; 940, O
53; 46, 1060; 920, O
54; 46, 1080; 920, O
55; 46, 1100; 920, O
56; 46, 1120; 920, O
55; 48, 1100; 960, O
56; 48, 1120; 960, O
55; 49, 1100; 980, O
57; 47, 1140; 940, O
44; 48, 880; 960, O
43; 48, 860; 960, O
42; 48, 840; 960, O
41; 49, 820; 980, O
40; 50, 800; 1000, O
44; 50, 880; 1000, O
43; 50, 860; 1000, O
40; 51, 800; 1020, O
44; 51, 880; 1020, O
44; 52, 880; 1040, O
41; 52, 820; 1040, O
42; 53, 840; 1060, O
42; 54, 840; 1080, O
43; 55, 860; 1100, O
44; 53, 880; 1060, O
45; 54, 900; 1080, O
45; 55, 900; 1100, O
44; 56, 880; 1120, O
47; 53, 940; 1060, O
49; 53, 980; 1060, O
46; 52, 920; 1040, O
46; 51, 920; 1020, O
50; 52, 1000; 1040, O
50; 51, 1000; 1020, O
48; 53, 960; 1060, O| move, 1.5, 960; 680, player, 960; 1058; 20; 2
45; 42, 900; 840, O
45; 41, 900; 820, O
45; 40, 900; 800, O
45; 39, 900; 780, O
45; 38, 900; 760, O
51; 41, 1020; 820, O
51; 40, 1020; 800, O
51; 39, 1020; 780, O
51; 38, 1020; 760, O
51; 37, 1020; 740, O
48; 50, 960; 1000, O| move, 1.5, 960; 680, player, 960; 920; 20; 20| teleport, 960; 1000, player, 1000; 678; 20; 2| teleport, 1020; 3474, player, 960; 1057; 20; 2
45; 37, 900; 740, O
45; 36, 900; 720, O
45; 35, 900; 700, O
51; 36, 1020; 720, O
51; 35, 1020; 700, O
49; 34, 980; 680, O
48; 54, 960; 1060, O
47; 34, 940; 680, O
47; 32, 940; 640, O
49; 32, 980; 640, O
46; 32, 920; 640, O
50; 32, 1000; 640, O
51; 32, 1020; 640, O
51; 33, 1020; 660, O
50; 47, 1000; 940, O
46; 47, 920; 940, O
46; 35, 920; 700, O
50; 35, 1000; 700, O
51; 34, 1020; 680, O
45; 34, 900; 680, O
45; 33, 900; 660, O
46; 34, 920; 680, O
50; 34, 1000; 680, O
45; 32, 900; 640, O
45; 31, 900; 620, O
45; 30, 900; 600, O
45; 29, 900; 580, O
46; 29, 920; 580, O
47; 29, 940; 580, O
48; 29, 960; 580, O
49; 29, 980; 580, O
58; 34, 1160; 680, O
58; 33, 1160; 660, O
58; 32, 1160; 640, O
51; 29, 1020; 580, O
50; 29, 1000; 580, O
51; 28, 1020; 560, O
51; 27, 1020; 540, O
58; 31, 1160; 620, O
58; 30, 1160; 600, O
58; 29, 1160; 580, O
58; 28, 1160; 560, O
58; 27, 1160; 540, O
58; 36, 1160; 720, O
58; 35, 1160; 700, O
58; 26, 1160; 520, O
58; 25, 1160; 500, O
58; 24, 1160; 480, O
58; 23, 1160; 460, O
58; 22, 1160; 440, O
58; 21, 1160; 420, O
58; 20, 1160; 400, O
58; 19, 1160; 380, O
58; 18, 1160; 360, O
58; 17, 1160; 340, O
58; 16, 1160; 320, O
58; 15, 1160; 300, O
58; 14, 1160; 280, O
51; 26, 1020; 520, O
51; 25, 1020; 500, O
51; 24, 1020; 480, O
51; 23, 1020; 460, O
51; 22, 1020; 440, O
51; 21, 1020; 420, O
51; 20, 1020; 400, O
51; 19, 1020; 380, O
51; 18, 1020; 360, O
51; 17, 1020; 340, O
51; 16, 1020; 320, O
51; 15, 1020; 300, O
51; 14, 1020; 280, O
51; 13, 1020; 260, O
58; 13, 1160; 260, O
52; 36, 1040; 720, O| move, 1.0, 1040; 280, player, 1060; 620; 20; 20
53; 36, 1060; 720, O| move, 1.0, 1060; 280, player, 1060; 620; 20; 20
55; 36, 1100; 720, O| move, 1.0, 1100; 280, player, 1060; 620; 20; 20
56; 36, 1120; 720, O| move, 1.0, 1120; 280, player, 1060; 620; 20; 20
57; 36, 1140; 720, O| move, 1.0, 1140; 280, player, 1060; 620; 20; 20
54; 36, 1080; 720, O| move, 1.0, 1080; 280, player, 1060; 620; 20; 20
58; 12, 1160; 240, O
51; 12, 1020; 240, O
51; 11, 1020; 220, O
51; 10, 1020; 200, O
51; 9, 1020; 180, O
52; 9, 1040; 180, O
53; 9, 1060; 180, O
54; 9, 1080; 180, O
55; 9, 1100; 180, O
56; 9, 1120; 180, O
57; 9, 1140; 180, O
58; 9, 1160; 180, O
59; 9, 1180; 180, O
60; 9, 1200; 180, O
61; 9, 1220; 180, O
59; 12, 1180; 240, O
60; 12, 1200; 240, O
61; 12, 1220; 240, O
53; 32, 1060; 640, O| alternate, 1060; 640, 1120; 580, 1060; 520, 1120; 500, 1060; 420, 1120; 380, 1100; 300, 1080; 320, 1120; 240, 0.8, player, 1060; 620; 20; 20| teleport, 1120; 240, 53; 32, 1120; 240; 20; 20
62; 9, 1240; 180, O
63; 9, 1260; 180, O
64; 9, 1280; 180, O
66; 9, 1320; 180, O
62; 12, 1240; 240, O
63; 12, 1260; 240, O
64; 12, 1280; 240, O
65; 12, 1300; 240, O
65; 9, 1300; 180, O
66; 12, 1320; 240, O
67; 12, 1340; 240, O
68; 12, 1360; 240, O
69; 12, 1380; 240, O
70; 12, 1400; 240, O
71; 12, 1420; 240, O
67; 9, 1340; 180, O
68; 9, 1360; 180, O
69; 9, 1380; 180, O
70; 9, 1400; 180, O
71; 9, 1420; 180, O
72; 12, 1440; 240, O
72; 9, 1440; 180, O
73; 12, 1460; 240, O
73; 9, 1460; 180, O
74; 9, 1480; 180, O
75; 9, 1500; 180, O
76; 9, 1520; 180, O
77; 9, 1540; 180, O
78; 9, 1560; 180, O
79; 9, 1580; 180, O
80; 9, 1600; 180, O
81; 9, 1620; 180, O
73; 13, 1460; 260, O
73; 14, 1460; 280, O
73; 15, 1460; 300, O
73; 20, 1460; 400, O
73; 19, 1460; 380, O
73; 18, 1460; 360, O
73; 17, 1460; 340, O
73; 16, 1460; 320, O
73; 21, 1460; 420, O
82; 9, 1640; 180, O
83; 9, 1660; 180, O
83; 10, 1660; 200, O
83; 11, 1660; 220, O
83; 12, 1660; 240, O
83; 13, 1660; 260, O
83; 14, 1660; 280, O
83; 15, 1660; 300, O
83; 17, 1660; 340, O
83; 18, 1660; 360, O
83; 19, 1660; 380, O
83; 22, 1660; 440, O
83; 21, 1660; 420, O
83; 20, 1660; 400, O
73; 27, 1460; 540, O
73; 26, 1460; 520, O
73; 25, 1460; 500, O
73; 24, 1460; 480, O
73; 23, 1460; 460, O
73; 22, 1460; 440, O
83; 28, 1660; 560, O
83; 27, 1660; 540, O
83; 26, 1660; 520, O
83; 25, 1660; 500, O
83; 24, 1660; 480, O
83; 23, 1660; 460, O
73; 37, 1460; 740, O
73; 36, 1460; 720, O
73; 35, 1460; 700, O
73; 34, 1460; 680, O
73; 32, 1460; 640, O
73; 31, 1460; 620, O
73; 30, 1460; 600, O
73; 28, 1460; 560, O
73; 29, 1460; 580, O
73; 33, 1460; 660, O
83; 37, 1660; 740, O
83; 36, 1660; 720, O
83; 35, 1660; 700, O
83; 34, 1660; 680, O
83; 33, 1660; 660, O
83; 32, 1660; 640, O
83; 31, 1660; 620, O
83; 30, 1660; 600, O
83; 29, 1660; 580, O
73; 42, 1460; 840, O
73; 41, 1460; 820, O
73; 40, 1460; 800, O
73; 39, 1460; 780, O
73; 38, 1460; 760, O
83; 42, 1660; 840, O
83; 41, 1660; 820, O
83; 40, 1660; 800, O
83; 39, 1660; 780, O
83; 38, 1660; 760, O
76; 12, 1520; 240, O
76; 11, 1520; 220, O
76; 10, 1520; 200, O
78; 13, 1560; 260, O
80; 14, 1600; 280, O
80; 13, 1600; 260, O
80; 12, 1600; 240, O
80; 11, 1600; 220, O
80; 10, 1600; 200, O
78; 12, 1560; 240, O
78; 11, 1560; 220, O
78; 10, 1560; 200, O
83; 16, 1660; 320, O
81; 12, 1620; 240, O| move, 0.75, 1620; 840, player, 1500; 220; 20; 20| move, 1.0, 1620; 840, 75; 12, 1500; 511; 20; 20
75; 12, 1500; 240, O| move, 0.75, 1500; 840, player, 1500; 220; 20; 20| move, 1.0, 1500; 840, 75; 12, 1500; 511; 20; 20
79; 12, 1580; 240, O| move, 0.75, 1580; 840, player, 1500; 220; 20; 20| move, 1.0, 1580; 840, 75; 12, 1500; 511; 20; 20
77; 12, 1540; 240, O| move, 0.75, 1540; 840, player, 1500; 220; 20; 20| move, 1.0, 1540; 840, 75; 12, 1500; 511; 20; 20
74; 42, 1480; 840, O
76; 42, 1520; 840, O
80; 42, 1600; 840, O
82; 42, 1640; 840, O
75; 42, 1500; 840, O
81; 42, 1620; 840, O
79; 42, 1580; 840, O
77; 42, 1540; 840, O
76; 43, 1520; 860, O
76; 44, 1520; 880, O
76; 45, 1520; 900, O
76; 46, 1520; 920, O
77; 46, 1540; 920, O
78; 46, 1560; 920, O
79; 46, 1580; 920, O
80; 46, 1600; 920, O
81; 46, 1620; 920, O
82; 46, 1640; 920, O
83; 46, 1660; 920, O
84; 46, 1680; 920, O
85; 46, 1700; 920, O
87; 44, 1740; 880, O
87; 43, 1740; 860, O
87; 41, 1740; 820, O
87; 40, 1740; 800, O
87; 42, 1740; 840, O
87; 39, 1740; 780, O
87; 38, 1740; 760, O
87; 37, 1740; 740, O
87; 36, 1740; 720, O
86; 45, 1720; 900, O
83; 8, 1660; 160, O
83; 7, 1660; 140, O
83; 6, 1660; 120, O
84; 6, 1680; 120, O
85; 6, 1700; 120, O
86; 6, 1720; 120, O
88; 6, 1760; 120, O
89; 6, 1780; 125, O
87; 9, 1740; 180, O
89; 9, 1780; 175, O
87; 35, 1740; 700, O
87; 34, 1740; 680, O
87; 33, 1740; 660, O
87; 32, 1740; 640, O
87; 31, 1740; 620, O
87; 30, 1740; 600, O
87; 29, 1740; 580, O
87; 24, 1740; 480, O
87; 28, 1740; 560, O
87; 27, 1740; 540, O
87; 26, 1740; 520, O
87; 25, 1740; 500, O
87; 23, 1740; 460, O
87; 22, 1740; 440, O
87; 21, 1740; 420, O
87; 20, 1740; 400, O
87; 19, 1740; 380, O
87; 18, 1740; 360, O
87; 16, 1740; 320, O
87; 15, 1740; 300, O
87; 14, 1740; 280, O
87; 17, 1740; 340, O
87; 13, 1740; 260, O
87; 12, 1740; 240, O
87; 11, 1740; 220, O
87; 10, 1740; 200, O
88; 9, 1760; 180, O
87; 6, 1740; 120, O
90; 9, 1800; 170, O
90; 6, 1800; 130, O
91; 9, 1820; 175, O
91; 6, 1820; 125, O
92; 9, 1840; 180, O
96; 9, 1920; 180, O
96; 8, 1920; 160, O
96; 7, 1920; 140, O
96; 6, 1920; 120, O
92; 6, 1840; 120, O
92; 5, 1840; 100, O
92; 4, 1840; 80, O
92; 3, 1840; 60, O
92; 2, 1840; 40, O
92; 1, 1840; 20, O
92; 0, 1840; 0, O
96; 5, 1920; 100, O
96; 4, 1920; 80, O
96; 3, 1920; 60, O
96; 2, 1920; 40, O
96; 1, 1920; 20, O
96; 0, 1920; 0, O
84; 47, 1680; 920, O| move, 2.5, 1680; 120, player, 1683; 918; 14; 2
93; 9, 1860; 180, R, X| front| move, 3.0, 1860; -30, player, 1877; 178; 26; 2
94; 9, 1880; 180, R, X| front| move, 3.0, 1880; -30, player, 1877; 178; 26; 2
95; 9, 1900; 180, R, X| front| move, 3.0, 1900; -30, player, 1877; 178; 26; 2
93; 10, 1860; 180, O
94; 10, 1880; 180, O
95; 10, 1900; 180, O
50; 28, 1020; 560, O| teleport, 1020; 620, player, 1060; 624; 20; 20
50; 27, 1020; 540, O| teleport, 1020; 600, player, 1060; 624; 20; 20
#spikes
51; 51, 1020; 1020, 2| alternate, 1020; 1020; 2, 1020; 980; 1, 0.3, 55; 49, 1100; 980; 20; 20
49; 51, 980; 1020, 2| alternate, 980; 1020; 2, 980; 980; 1, 0.3, 55; 49, 1100; 980; 20; 20
45; 51, 900; 1020, 2| alternate, 900; 1020; 2, 900; 980; 1, 0.3, 55; 49, 1100; 980; 20; 20
47; 51, 940; 1020, 2| alternate, 940; 1020; 2, 940; 980; 1, 0.3, 55; 49, 1100; 980; 20; 20
54; 49, 1080; 980, 3| move, 3.0, 1080; 960, 54; 49, 1080; 999; 20; 20| move, 3.0, 1080; 980, 54; 49, 1080; 941; 20; 20
41; 51, 820; 1020, 4
41; 50, 820; 1000, 4
42; 52, 840; 1040, 1
43; 53, 873; 1060, 3
43; 52, 873; 1040, 3
43; 51, 873; 1020, 3
49; 47, 980; 940, 1
47; 47, 940; 940, 1
50; 43, 1000; 860, 3
50; 44, 1000; 880, 3
46; 44, 920; 880, 4
46; 43, 920; 860, 4
50; 39, 1000; 780, 3
50; 38, 1000; 760, 3
46; 39, 920; 780, 4
46; 38, 920; 760, 4
46; 42, 920; 840, 4
46; 41, 920; 820, 4
46; 40, 920; 800, 4
50; 42, 1000; 840, 3
50; 41, 1000; 820, 3
50; 40, 1000; 800, 3
50; 46, 1000; 920, 3
50; 45, 1000; 900, 3
46; 46, 920; 920, 4
46; 45, 920; 900, 4
49; 35, 980; 700, 2
47; 35, 940; 700, 2
50; 37, 1000; 740, 3
50; 36, 1000; 720, 3
46; 37, 920; 740, 4
46; 36, 920; 720, 4
48; 44, 960; 880, 2
48; 43, 960; 860, 1
48; 38, 960; 760, 1
48; 39, 960; 780, 2
57; 35, 1140; 700, 1| move, 1.0, 1140; 260, player, 1060; 620; 20; 20
56; 35, 1120; 700, 1| move, 1.0, 1120; 260, player, 1060; 620; 20; 20
55; 35, 1100; 700, 1| move, 1.0, 1100; 260, player, 1060; 620; 20; 20
54; 35, 1080; 700, 1| move, 1.0, 1080; 260, player, 1060; 620; 20; 20
53; 35, 1060; 700, 1| move, 1.0, 1060; 260, player, 1060; 620; 20; 20
52; 35, 1040; 700, 1| move, 1.0, 1040; 260, player, 1060; 620; 20; 20
61; 11, 1220; 220, 1| alternate, 1220; 220; 1, 1240; 220; 1, 0.5, 66; 12, 1320; 240; 20; 20
64; 11, 1280; 220, 1| alternate, 1280; 220; 1, 1260; 220; 1, 0.5, 66; 12, 1320; 241; 20; 20
67; 11, 1340; 220, 1| alternate, 1340; 220; 1, 1360; 220; 1, 0.5, 66; 12, 1320; 240; 20; 20
70; 11, 1400; 220, 1| alternate, 1400; 220; 1, 1380; 220; 1, 0.5, 66; 12, 1320; 241; 20; 20
65; 13, 1300; 260, 2| alternate, 1300; 260; 2, 1300; 220; 1, 0.5, 66; 12, 1320; 240; 20; 20
66; 13, 1320; 260, 2| alternate, 1320; 260; 2, 1320; 220; 1, 0.5, 66; 12, 1320; 240; 20; 20
76; 13, 1520; 260, 2
78; 14, 1560; 280, 2
76; 17, 1520; 340, 1
78; 18, 1560; 360, 1
75; 16, 1500; 320, 1
77; 17, 1540; 340, 1
79; 18, 1580; 360, 1
80; 19, 1600; 380, 1
80; 15, 1600; 300, 2
74; 16, 1480; 320, 1
80; 20, 1600; 400, 2
79; 19, 1580; 380, 2
78; 19, 1560; 380, 2
77; 18, 1540; 360, 2
76; 18, 1520; 360, 2
75; 17, 1500; 340, 2
74; 17, 1480; 340, 2
82; 16, 1640; 320, 3
80; 23, 1600; 465, 1
78; 24, 1560; 485, 1
79; 24, 1580; 485, 1
77; 25, 1540; 505, 1
76; 25, 1520; 505, 1
81; 24, 1620; 485, 1
82; 24, 1640; 485, 1
76; 26, 1520; 525, 2
77; 26, 1540; 525, 2
78; 25, 1560; 505, 2
79; 25, 1580; 505, 2
80; 24, 1600; 485, 2
81; 25, 1620; 505, 2
82; 25, 1640; 505, 2
75; 29, 1500; 580, 1
75; 30, 1500; 600, 2
79; 29, 1580; 580, 1
79; 30, 1580; 600, 2
77; 32, 1540; 640, 1
77; 33, 1540; 660, 2
79; 32, 1580; 640, 1
79; 33, 1580; 660, 2
81; 35, 1620; 700, 1
81; 36, 1620; 720, 2
75; 35, 1500; 700, 1
75; 36, 1500; 720, 2
81; 38, 1620; 760, 1
81; 39, 1620; 780, 2
77; 38, 1540; 760, 1
77; 39, 1540; 780, 2
74; 41, 1480; 820, 1
76; 41, 1520; 820, 1
80; 41, 1600; 820, 1
82; 41, 1640; 820, 1
81; 41, 1620; 820, 1
75; 41, 1500; 820, 1
79; 41, 1580; 820, 1
77; 41, 1540; 820, 1
81; 29, 1620; 580, 1
81; 30, 1620; 600, 2
79; 35, 1580; 700, 1
79; 36, 1580; 720, 2
78; 41, 1560; 820, 1| teleport, 1660; 760, 75; 12, 1500; 801; 20; 20
81; 20, 1620; 390, 4
86; 44, 1720; 880, 3
86; 43, 1720; 860, 3
86; 42, 1720; 840, 3
86; 41, 1720; 820, 3
86; 40, 1720; 800, 3
86; 39, 1720; 780, 3
86; 38, 1720; 760, 3
86; 36, 1720; 720, 3
86; 35, 1720; 700, 3
86; 34, 1720; 680, 3
86; 37, 1720; 740, 3
85; 45, 1700; 900, 1
84; 41, 1680; 820, 4
84; 36, 1680; 720, 4
84; 31, 1680; 620, 4
84; 27, 1680; 540, 4
84; 23, 1680; 460, 4
84; 19, 1680; 380, 4
84; 15, 1680; 300, 4
84; 12, 1680; 240, 4
84; 9, 1680; 180, 4
85; 7, 1700; 140, 2
86; 9, 1720; 180, 3
86; 10, 1720; 200, 3
86; 11, 1720; 220, 3
86; 12, 1720; 240, 3
86; 13, 1720; 260, 3
86; 14, 1720; 280, 3
86; 15, 1720; 300, 3
86; 16, 1720; 320, 3
86; 17, 1720; 340, 3
86; 18, 1720; 360, 3
86; 19, 1720; 380, 3
86; 20, 1720; 400, 3
86; 21, 1720; 420, 3
86; 22, 1720; 440, 3
86; 23, 1720; 460, 3
86; 24, 1720; 480, 3
86; 25, 1720; 500, 3
86; 26, 1720; 520, 3
86; 27, 1720; 540, 3
86; 28, 1720; 560, 3
86; 29, 1720; 580, 3
86; 30, 1720; 600, 3
86; 31, 1720; 620, 3
86; 33, 1720; 660, 3
86; 32, 1720; 640, 3
84; 7, 1680; 140, 2
93; 6, 1860; 120, 4
95; 6, 1900; 120, 3
95; 1, 1900; 20, 3
93; 1, 1860; 20, 4
94; 3, 1880; 60, 1| move, 4.0, 1860; 60, 94; 9, 1880; 100; 20; 20
94; 4, 1880; 80, 2| move, 4.0, 1860; 80, 94; 9, 1880; 100; 20; 20
95; 3, 1880; 60, 1| move, 4.0, 1900; 60, 94; 9, 1880; 100; 20; 20
95; 4, 1880; 80, 2| move, 4.0, 1900; 80, 94; 9, 1880; 100; 20; 20