#misc
area, 3
checkpoint, 12; 25
exit, 1180; 460, 1170; 0; 40; 2, 1, decor, 1
exit, 1100; 460, 1090; 0; 40; 2, 1, decor, 1
exit, 1020; 460, 1010; 0; 40; 2, 1, decor, 1
exit, 940; 460, 930; 0; 40; 2, 1, decor, 1
exit, 860; 460, 850; 0; 40; 2, 1, decor, 1
exit, 780; 460, 770; 0; 40; 2, 1, decor, 1
exit, 700; 460, 690; 0; 40; 2, 1, decor, 1
exit, 620; 460, 610; 0; 40; 2, 1, decor, 1
exit, 540; 460, 530; 0; 40; 2, 1, decor, 1
exit, 460; 460, 450; 0; 40; 2, 1, decor, 1
exit, 380; 460, 370; 0; 40; 2, 1, decor, 1
exit, 240; 420, 0; 435; 2; 88, 3, Area3Dungeon, 1
exit, 1360; 420, 1420; 430; 2; 100, 4, MainHub, 4
size, 1420, 580
spawn, 1366, 509, 0
spawn, 1186, 509, 0
spawn, 1106, 509, 0
spawn, 1026, 509, 0
spawn, 946, 509, 0
spawn, 866, 509, 0
spawn, 786, 509, 0
spawn, 706, 509, 0
spawn, 626, 509, 0
spawn, 546, 509, 0
spawn, 466, 509, 0
spawn, 386, 509, 0
spawn, 306, 509, 0
special, 5
name, Level Select
exitP, To Area Select, MainHub, 4
music, 3
#blocks
70; 26, 1400; 520, O
69; 26, 1380; 520, O
68; 26, 1360; 520, O
67; 26, 1340; 520, O
66; 26, 1320; 520, O
65; 26, 1300; 520, O
64; 26, 1280; 520, O
63; 26, 1260; 520, O
62; 26, 1240; 520, O
70; 21, 1400; 420, O
69; 21, 1380; 420, O
68; 21, 1360; 420, O
67; 21, 1340; 420, O
66; 21, 1320; 420, O
65; 21, 1300; 420, O
64; 21, 1280; 420, O
63; 21, 1260; 420, O
62; 21, 1240; 420, O
61; 21, 1220; 420, O
60; 21, 1200; 420, O| largeNudge
59; 21, 1180; 420, O| largeNudge
58; 21, 1160; 420, O| largeNudge
57; 21, 1140; 420, O
56; 21, 1120; 420, O| largeNudge
55; 21, 1100; 420, O| largeNudge
54; 21, 1080; 420, O| largeNudge
61; 22, 1220; 440, O
61; 23, 1220; 460, O
61; 25, 1220; 500, O
60; 24, 1200; 480, O
59; 23, 1180; 460, O
58; 22, 1160; 440, O
57; 22, 1140; 440, O
57; 23, 1140; 460, O
57; 25, 1140; 500, O
56; 24, 1120; 480, O
55; 23, 1100; 460, O
54; 22, 1080; 440, O
53; 21, 1060; 420, O
53; 22, 1060; 440, O
53; 23, 1060; 460, O
53; 25, 1060; 500, O
52; 24, 1040; 480, O
51; 23, 1020; 460, O
50; 22, 1000; 440, O
52; 21, 1040; 420, O| largeNudge
51; 21, 1020; 420, O| largeNudge
50; 21, 1000; 420, O| largeNudge
49; 21, 980; 420, O
48; 21, 960; 420, O| largeNudge
47; 21, 940; 420, O| largeNudge
46; 21, 920; 420, O| largeNudge
45; 21, 900; 420, O
44; 21, 880; 420, O| largeNudge
45; 22, 900; 440, O
46; 22, 920; 440, O
45; 23, 900; 460, O
49; 22, 980; 440, O
49; 23, 980; 460, O
47; 23, 940; 460, O
48; 24, 960; 480, O
49; 25, 980; 500, O
45; 25, 900; 500, O
44; 24, 880; 480, O
41; 23, 820; 460, O
42; 22, 840; 440, O
41; 22, 820; 440, O
43; 21, 860; 420, O| largeNudge
42; 21, 840; 420, O| largeNudge
41; 21, 820; 420, O
43; 23, 860; 460, O
41; 25, 820; 500, O
40; 24, 800; 480, O
39; 23, 780; 460, O
38; 22, 760; 440, O
40; 21, 800; 420, O| largeNudge
39; 21, 780; 420, O| largeNudge
38; 21, 760; 420, O| largeNudge
37; 21, 740; 420, O
36; 21, 720; 420, O| largeNudge
35; 21, 700; 420, O| largeNudge
34; 21, 680; 420, O| largeNudge
33; 22, 660; 440, O
34; 22, 680; 440, O
33; 23, 660; 460, O
35; 23, 700; 460, O
37; 23, 740; 460, O
37; 22, 740; 440, O
36; 24, 720; 480, O
37; 25, 740; 500, O
33; 25, 660; 500, O
32; 24, 640; 480, O
31; 23, 620; 460, O
30; 22, 600; 440, O
33; 21, 660; 420, O
32; 21, 640; 420, O| largeNudge
31; 21, 620; 420, O| largeNudge
30; 21, 600; 420, O| largeNudge
29; 21, 580; 420, O
28; 21, 560; 420, O| largeNudge
27; 21, 540; 420, O| largeNudge
26; 21, 520; 420, O| largeNudge
29; 22, 580; 440, O
29; 23, 580; 460, O
29; 25, 580; 500, O
28; 24, 560; 480, O
27; 23, 540; 460, O
26; 22, 520; 440, O
25; 22, 500; 440, O
25; 23, 500; 460, O
25; 25, 500; 500, O
24; 24, 480; 480, O
23; 23, 460; 460, O
25; 21, 500; 420, O
24; 21, 480; 420, O| largeNudge
23; 21, 460; 420, O| largeNudge
22; 21, 440; 420, O| largeNudge
21; 21, 420; 420, O
20; 21, 400; 420, O
19; 21, 380; 420, O
18; 21, 360; 420, O
21; 22, 420; 440, O
22; 22, 440; 440, O
21; 23, 420; 460, O
17; 21, 340; 420, O
17; 22, 340; 440, O
17; 23, 340; 460, O
18; 22, 360; 440, O
19; 23, 380; 460, O
20; 24, 400; 480, O
21; 25, 420; 500, O
16; 21, 320; 420, O
15; 21, 300; 420, O
14; 21, 280; 420, O
13; 21, 260; 420, O
12; 21, 240; 420, O
11; 21, 220; 420, O
10; 21, 200; 420, O
9; 21, 180; 420, O
8; 21, 160; 420, O
7; 21, 140; 420, O
6; 21, 120; 420, O
5; 21, 100; 420, O
4; 21, 80; 420, O
3; 21, 60; 420, O
2; 21, 40; 420, O
1; 21, 20; 420, O
0; 21, 0; 420, O
17; 25, 340; 500, O
16; 24, 320; 480, O
15; 23, 300; 460, O
14; 22, 280; 440, O
12; 26, 240; 520, O
7; 26, 140; 520, O
2; 26, 40; 520, O
1; 26, 20; 520, O
0; 26, 0; 520, O
#spikes
7; 25, 140; 500, 1| alternate, 140; 500; 1, 140; 540; 2, 0.3, 7; 26, 140; 520; 20; 20