#misc
area, 3
checkpoint, 39; 72
checkpoint, 17; 51
checkpoint, 27; 55
checkpoint, 19; 76
checkpoint, 18; 83
exit, 100; 1640, 0; 1594; 2; 88, 3, Area3Select, 1
exit, 780; 1260, 840; 1265; 2; 148, 4, MainHub, 4
size, 840, 1760
spawn, 786, 1389, 0
name, Area 3
exitP, To Area Select, MainHub, 4
index, 25
music, 3
key, 800, 1440
key, 700, 1020
key, 560, 1020, X
key, 560, 980
key, 300, 1380
#blocks
41; 70, 820; 1400, O
41; 63, 820; 1260, O
40; 63, 800; 1260, O
39; 63, 780; 1260, O
38; 64, 760; 1280, O
37; 64, 740; 1280, O
36; 64, 720; 1280, O
40; 70, 800; 1400, O
39; 70, 780; 1400, O
38; 70, 760; 1400, O
37; 70, 740; 1400, O
34; 70, 680; 1405, O| move, 0.5, 680; 1405, 34; 66, 680; 1281; 20; 20| move, 0.5, 680; 1380, 34; 70, 680; 1424; 20; 20
33; 70, 660; 1400, O
35; 70, 700; 1400, O
35; 64, 700; 1280, O
34; 64, 680; 1280, O
33; 64, 660; 1280, O
36; 70, 720; 1410, O| move, 0.5, 720; 1410, 36; 66, 720; 1281; 20; 20| move, 0.5, 720; 1380, 36; 70, 720; 1429; 20; 20
36; 69, 720; 1390, O| move, 0.5, 720; 1390, 36; 66, 720; 1281; 20; 20| move, 0.5, 720; 1360, 36; 70, 720; 1429; 20; 20
36; 68, 720; 1370, O| move, 0.5, 720; 1370, 36; 66, 720; 1281; 20; 20| move, 0.5, 720; 1340, 36; 70, 720; 1429; 20; 20
36; 67, 720; 1350, O| move, 0.5, 720; 1350, 36; 66, 720; 1281; 20; 20| move, 0.5, 720; 1320, 36; 70, 720; 1429; 20; 20
41; 73, 820; 1460, O
40; 73, 800; 1460, O
39; 73, 780; 1460, O
38; 73, 760; 1460, O
37; 73, 740; 1460, O
36; 73, 720; 1460, O
34; 73, 680; 1460, O
33; 73, 660; 1460, O
41; 71, 820; 1420, O
41; 72, 820; 1440, O
37; 69, 720; 1400, O| front
34; 67, 680; 1345, O| move, 0.5, 680; 1345, 34; 66, 680; 1281; 20; 20| move, 0.5, 680; 1320, 34; 70, 680; 1424; 20; 20
34; 68, 680; 1365, O| move, 0.5, 680; 1365, 34; 66, 680; 1281; 20; 20| move, 0.5, 680; 1340, 34; 70, 680; 1424; 20; 20
34; 69, 680; 1385, O| move, 0.5, 680; 1385, 34; 66, 680; 1281; 20; 20| move, 0.5, 680; 1360, 34; 70, 680; 1424; 20; 20
35; 69, 680; 1400, O| front
32; 73, 640; 1460, O
31; 73, 620; 1460, O
32; 70, 640; 1400, O
31; 70, 620; 1400, O
35; 73, 700; 1460, O
32; 64, 640; 1280, O
30; 73, 600; 1460, O
29; 72, 580; 1440, O
28; 71, 560; 1420, O
28; 70, 560; 1400, O
28; 69, 560; 1380, O
28; 68, 560; 1360, O
28; 67, 560; 1340, O
28; 66, 560; 1320, O
28; 65, 560; 1300, O
29; 68, 580; 1360, O| alternate, 580; 1360, 600; 1280, 580; 1220, 600; 1160, 0.8, 28; 68, 560; 1360; 20; 20
28; 64, 560; 1280, O
28; 63, 560; 1260, O
28; 62, 560; 1240, O
28; 61, 560; 1220, O
28; 60, 560; 1200, O
28; 59, 560; 1180, O
31; 64, 620; 1280, O
31; 63, 620; 1260, O
31; 62, 620; 1240, O
31; 61, 620; 1220, O
31; 60, 620; 1200, O
31; 59, 620; 1180, O
31; 58, 620; 1160, O
31; 57, 620; 1140, O
31; 56, 620; 1120, O
28; 58, 560; 1160, O
28; 57, 560; 1140, O
31; 52, 620; 1040, O
30; 52, 600; 1040, O
29; 52, 580; 1040, O
28; 52, 560; 1040, O
27; 52, 540; 1040, O
26; 52, 520; 1040, O
25; 52, 500; 1040, O
26; 55, 520; 1120, O
25; 55, 500; 1120, O
32; 55, 640; 1120, O
33; 55, 660; 1120, O
34; 55, 680; 1120, O
35; 55, 700; 1120, O
35; 54, 700; 1100, O
34; 50, 680; 1020, O
32; 51, 640; 1040, O
32; 50, 640; 1020, O
32; 49, 640; 1000, O
32; 48, 640; 980, O
33; 48, 660; 980, O
34; 48, 680; 980, O
35; 48, 700; 980, O
36; 48, 720; 980, O
35; 51, 700; 1040, O
35; 52, 700; 1060, O
35; 53, 700; 1080, O
36; 51, 720; 1040, O
36; 50, 720; 1020, O
36; 49, 720; 1000, O
20; 55, 400; 1120, O
20; 52, 400; 1040, O
19; 52, 380; 1040, O
18; 52, 360; 1040, O
20; 58, 400; 1180, O
21; 58, 420; 1180, O
22; 58, 440; 1180, O
23; 58, 460; 1180, O
24; 58, 480; 1180, O
25; 58, 500; 1180, O
26; 57, 520; 1160, O
28; 56, 560; 1120, O
20; 49, 400; 977, O
21; 49, 420; 974, O
22; 49, 440; 971, O
23; 49, 460; 971, O
24; 49, 480; 974, O
25; 49, 500; 977, O
26; 50, 520; 1000, O
19; 50, 380; 1000, O
27; 50, 540; 1000, O
28; 50, 560; 1000, O
18; 50, 360; 1000, O
17; 52, 340; 1040, O
16; 52, 320; 1040, O
16; 51, 320; 1020, O
16; 50, 320; 1000, O
17; 47, 340; 940, O
16; 47, 320; 940, O
16; 48, 320; 960, O
16; 49, 320; 980, O
18; 47, 360; 940, O
19; 47, 380; 930, O
20; 46, 400; 920, O
21; 46, 420; 920, O
22; 46, 440; 920, O
23; 46, 460; 920, O
24; 46, 480; 920, O
25; 46, 500; 920, O
26; 47, 520; 930, O
27; 47, 540; 940, O
28; 47, 560; 940, O
27; 56, 540; 1120, O
16; 56, 320; 1120, O
16; 53, 320; 1060, O
16; 54, 320; 1080, O
16; 55, 320; 1100, O
16; 57, 320; 1140, O
16; 58, 320; 1160, O
16; 60, 320; 1200, O
16; 61, 320; 1220, O
16; 59, 320; 1180, O
19; 59, 380; 1180, O
19; 60, 380; 1200, O
19; 61, 380; 1220, O
19; 62, 380; 1240, O
19; 63, 380; 1260, O
19; 64, 380; 1280, O
16; 62, 320; 1240, O
16; 64, 320; 1280, O
16; 63, 320; 1260, O
16; 65, 320; 1300, O
19; 56, 380; 1120, O
19; 58, 380; 1160, O
19; 65, 380; 1300, O
16; 70, 320; 1400, O
16; 71, 320; 1420, O
16; 72, 320; 1440, O
15; 66, 300; 1320, O
16; 66, 320; 1320, O
19; 70, 380; 1400, O
19; 69, 380; 1380, O
19; 68, 380; 1360, O
19; 67, 380; 1340, O
19; 66, 380; 1320, O
15; 70, 300; 1400, O
14; 69, 280; 1380, O
14; 67, 280; 1340, O
14; 68, 280; 1360, O
14; 70, 280; 1400, O
14; 66, 280; 1320, O
19; 71, 380; 1420, O
19; 72, 380; 1440, O
19; 73, 380; 1460, O
16; 73, 320; 1460, O
16; 74, 320; 1480, O
16; 75, 320; 1500, O
16; 76, 320; 1520, O
16; 77, 320; 1540, O
17; 77, 340; 1540, O
18; 77, 360; 1540, O
19; 77, 380; 1540, O
20; 77, 400; 1540, O| teleport, 440; 1540, player, 463; 1538; 14; 2
21; 77, 420; 1540, O| teleport, 460; 1540, player, 463; 1538; 14; 2
22; 77, 440; 1540, O
20; 72, 400; 1440, O
21; 71, 420; 1420, O
22; 71, 440; 1420, O
23; 71, 460; 1420, O
24; 72, 480; 1440, O
23; 78, 460; 1560, O
23; 79, 460; 1580, O
24; 80, 480; 1600, O
25; 80, 500; 1600, O
26; 79, 520; 1580, O
26; 78, 520; 1560, O
26; 77, 520; 1540, O
26; 76, 520; 1520, O
26; 75, 520; 1500, O
26; 74, 520; 1480, O
25; 73, 500; 1460, O
23; 77, 460; 1540, B
22; 75, 448; 1504, O
22; 80, 440; 1600, O
18; 78, 360; 1560, O
18; 79, 360; 1580, O
19; 80, 380; 1600, O
22; 81, 440; 1620, O
22; 82, 440; 1640, O
18; 81, 360; 1620, O
17; 81, 340; 1620, O
16; 81, 320; 1620, O
15; 81, 300; 1620, O
14; 81, 280; 1620, O
22; 83, 440; 1660, O
22; 84, 440; 1680, O
21; 84, 420; 1680, O
18; 84, 360; 1680, O| teleport, 300; 1740, player, 320; 1679; 20; 2| teleport, 320; 1740, player, 260; 1679; 20; 2| teleport, 340; 1740, player, 201; 1679; 38; 2| teleport, 300; 1740, player, 160; 1679; 20; 2
17; 84, 340; 1680, O| teleport, 280; 1740, player, 320; 1679; 20; 2| teleport, 300; 1740, player, 260; 1679; 20; 2| teleport, 320; 1740, player, 201; 1679; 38; 2| teleport, 280; 1740, player, 160; 1679; 20; 2
16; 84, 320; 1680, O| teleport, 260; 1740, player, 320; 1679; 20; 2| teleport, 280; 1740, player, 260; 1679; 20; 2| teleport, 300; 1740, player, 201; 1679; 38; 2| teleport, 260; 1740, player, 160; 1679; 20; 2
15; 84, 300; 1680, O| teleport, 240; 1740, player, 320; 1679; 20; 2| teleport, 260; 1740, player, 260; 1679; 20; 2| teleport, 280; 1740, player, 201; 1679; 38; 2| teleport, 240; 1740, player, 160; 1679; 20; 2
14; 84, 280; 1680, O| teleport, 220; 1740, player, 320; 1679; 20; 2| teleport, 240; 1740, player, 260; 1679; 20; 2| teleport, 260; 1740, player, 201; 1679; 38; 2| teleport, 220; 1740, player, 160; 1679; 20; 2
13; 84, 260; 1680, O| teleport, 200; 1740, player, 320; 1679; 20; 2| teleport, 220; 1740, player, 260; 1679; 20; 2| teleport, 240; 1740, player, 201; 1679; 38; 2| teleport, 200; 1740, player, 160; 1679; 20; 2
20; 84, 400; 1680, O
19; 84, 380; 1680, O
12; 84, 240; 1680, O| teleport, 180; 1740, player, 320; 1679; 20; 2| teleport, 200; 1740, player, 260; 1679; 20; 2| teleport, 220; 1740, player, 201; 1679; 38; 2| teleport, 180; 1740, player, 160; 1679; 20; 2
11; 84, 220; 1680, O| teleport, 160; 1740, player, 320; 1679; 20; 2| teleport, 180; 1740, player, 260; 1679; 20; 2| teleport, 200; 1740, player, 201; 1679; 38; 2| teleport, 160; 1740, player, 160; 1679; 20; 2
10; 84, 200; 1680, O| teleport, 140; 1740, player, 320; 1679; 20; 2| teleport, 160; 1740, player, 260; 1679; 20; 2| teleport, 180; 1740, player, 201; 1679; 38; 2| teleport, 140; 1740, player, 160; 1679; 20; 2
9; 84, 180; 1680, O| teleport, 120; 1740, player, 320; 1679; 20; 2| teleport, 140; 1740, player, 260; 1679; 20; 2| teleport, 160; 1740, player, 201; 1679; 38; 2| teleport, 120; 1740, player, 160; 1679; 20; 2
8; 84, 160; 1680, O| teleport, 100; 1740, player, 320; 1679; 20; 2| teleport, 120; 1740, player, 260; 1679; 20; 2| teleport, 140; 1740, player, 201; 1679; 38; 2| teleport, 100; 1740, player, 160; 1679; 20; 2
7; 84, 140; 1680, O| teleport, 80; 1740, player, 320; 1679; 20; 2| teleport, 100; 1740, player, 260; 1679; 20; 2| teleport, 120; 1740, player, 201; 1679; 38; 2| teleport, 80; 1740, player, 160; 1679; 20; 2
11; 81, 220; 1620, O
6; 84, 120; 1680, O| teleport, 60; 1740, player, 320; 1679; 20; 2| teleport, 80; 1740, player, 260; 1679; 20; 2| teleport, 100; 1740, player, 201; 1679; 38; 2| teleport, 60; 1740, player, 160; 1679; 20; 2
5; 84, 100; 1680, O| teleport, 40; 1740, player, 320; 1679; 20; 2| teleport, 60; 1740, player, 260; 1679; 20; 2| teleport, 80; 1740, player, 201; 1679; 38; 2| teleport, 40; 1740, player, 160; 1679; 20; 2
4; 84, 80; 1680, O| teleport, 20; 1740, player, 320; 1679; 20; 2| teleport, 40; 1740, player, 260; 1679; 20; 2| teleport, 60; 1740, player, 201; 1679; 38; 2| teleport, 20; 1740, player, 160; 1679; 20; 2
3; 84, 60; 1680, O| teleport, 0; 1740, player, 320; 1679; 20; 2| teleport, 20; 1740, player, 260; 1679; 20; 2| teleport, 40; 1740, player, 201; 1679; 38; 2| teleport, 0; 1740, player, 160; 1679; 20; 2
2; 84, 40; 1680, O| teleport, 0; 1740, player, 320; 1679; 20; 2| teleport, 0; 1740, player, 260; 1679; 20; 2| teleport, 20; 1740, player, 201; 1679; 38; 2| teleport, 0; 1740, player, 160; 1679; 20; 2
1; 84, 20; 1680, O| teleport, -20; 1740, player, 320; 1679; 20; 2| teleport, 0; 1740, player, 260; 1679; 20; 2| teleport, 0; 1740, player, 201; 1679; 38; 2| teleport, -20; 1740, player, 160; 1679; 20; 2
0; 84, 0; 1680, O| teleport, -40; 1740, player, 320; 1679; 20; 2| teleport, -20; 1740, player, 260; 1679; 20; 2| teleport, 0; 1740, player, 201; 1679; 38; 2| teleport, -40; 1740, player, 160; 1679; 20; 2
4; 80, 80; 1600, O
5; 80, 100; 1600, O
6; 80, 120; 1600, O
10; 81, 200; 1620, O
7; 80, 140; 1600, O
3; 79, 60; 1580, O
2; 79, 40; 1580, O
1; 79, 20; 1580, O
0; 79, 0; 1580, O
9; 81, 180; 1620, O
8; 81, 160; 1620, O
13; 81, 260; 1620, O
12; 81, 240; 1620, O
0; 87, 0; 1740, O
1; 87, 20; 1740, O
2; 87, 40; 1740, O
3; 87, 60; 1740, O
4; 87, 80; 1740, O
5; 87, 100; 1740, O
6; 87, 120; 1740, O
7; 87, 140; 1740, O
8; 87, 160; 1740, O
9; 87, 180; 1740, O
10; 87, 200; 1740, O
11; 87, 220; 1740, O
12; 87, 240; 1740, O
13; 87, 260; 1740, O
14; 87, 280; 1740, O
15; 87, 300; 1740, O
16; 87, 320; 1740, O
17; 87, 340; 1740, O
18; 86, 360; 1720, O
19; 85, 380; 1700, O
29; 51, 580; 1020, O
29; 50, 580; 1000, O
29; 49, 580; 980, O
29; 48, 580; 960, O
29; 47, 580; 940, O
#spikes
36; 66, 720; 1330, 1| move, 0.5, 720; 1330, 36; 66, 720; 1281; 20; 20| move, 0.5, 720; 1300, 36; 70, 720; 1429; 20; 20
36; 72, 720; 1440, 1
34; 66, 680; 1325, 1| move, 0.5, 680; 1325, 34; 66, 680; 1281; 20; 20| move, 0.5, 680; 1300, 34; 70, 680; 1424; 20; 20
34; 72, 680; 1440, 1| move, 2.0, 720; 1440, player, 703; 1459; 14; 2
31; 71, 620; 1420, 2
30; 72, 600; 1440, 1
29; 71, 580; 1420, 1
33; 52, 660; 1060, 1
33; 53, 660; 1080, 2
34; 54, 680; 1103, 1
34; 51, 680; 1037, 2
24; 55, 480; 1120, 3
24; 52, 480; 1040, 3
21; 55, 420; 1120, 4
21; 52, 420; 1040, 4
26; 56, 520; 1140, 1
20; 57, 400; 1160, 1
21; 57, 420; 1160, 1
22; 57, 440; 1160, 1
23; 57, 460; 1160, 1
24; 57, 480; 1160, 1
25; 57, 500; 1160, 1
20; 50, 400; 997, 2
21; 50, 420; 994, 2
22; 50, 440; 991, 2
23; 50, 460; 991, 2
24; 50, 480; 994, 2
25; 50, 500; 997, 2
19; 51, 380; 1020, 2| alternate, 380; 1020; 2, 380; 980; 1, 0.3, 19; 50, 380; 1000; 20; 20
26; 51, 520; 1020, 2| alternate, 520; 1020; 2, 520; 980; 1, 0.3, 26; 50, 520; 1000; 20; 20
18; 49, 360; 980, 1
21; 48, 420; 962, 1
24; 48, 480; 962, 1
22; 48, 440; 969, 1
23; 48, 460; 969, 1
17; 59, 340; 1180, 1| alternate, 340; 1180; 1, 360; 1180; 1, 0.7, 19; 62, 380; 1240; 20; 20
17; 60, 340; 1200, 2| alternate, 340; 1200; 2, 360; 1200; 2, 0.7, 19; 62, 380; 1240; 20; 20
18; 63, 360; 1260, 1| alternate, 360; 1260; 1, 340; 1260; 1, 0.7, 19; 64, 380; 1280; 20; 20
18; 64, 360; 1280, 2| alternate, 360; 1280; 2, 340; 1280; 2, 0.7, 19; 64, 380; 1280; 20; 20
16; 69, 320; 1385, 1
16; 67, 320; 1335, 2
24; 79, 480; 1580, 1
25; 79, 500; 1580, 1
23; 75, 463; 1504, 4
22; 76, 448; 1519, 2
22; 74, 448; 1501, 2
21; 75, 445; 1504, 4
19; 78, 380; 1560, 2
22; 78, 440; 1560, 2
19; 79, 380; 1580, 1
22; 79, 440; 1580, 1
20; 83, 400; 1660, 1
21; 83, 420; 1660, 1
19; 81, 380; 1620, 2
18; 85, 360; 1700, 1
17; 86, 340; 1720, 1
16; 86, 320; 1720, 1
15; 86, 300; 1720, 1
14; 86, 280; 1720, 1
13; 86, 260; 1720, 1
12; 86, 240; 1720, 1
11; 86, 220; 1720, 1
10; 86, 200; 1720, 1
9; 86, 180; 1720, 1
8; 86, 160; 1720, 1
7; 86, 140; 1720, 1
6; 86, 120; 1720, 1
5; 86, 100; 1720, 1
4; 86, 80; 1720, 1
3; 86, 60; 1720, 1
2; 86, 40; 1720, 1
1; 86, 20; 1720, 1
0; 86, 0; 1720, 1
19; 57, 380; 1140, 1
0; 83, 0; 1660, 1
0; 80, 0; 1600, 2
0; 81, 0; 1620, 1| alternate, 0; 1620; 1, 22; 1620; 1, 0.7, player, 79; 1614; 20; 74
0; 82, 0; 1640, 2| alternate, 0; 1640; 2, 22; 1640; 2, 0.7, player, 79; 1614; 20; 74
13; 82, 260; 1622, 2
8; 82, 160; 1622, 2
11; 80, 220; 1600, 1
10; 80, 200; 1600, 1
8; 80, 160; 1600, 1
13; 80, 260; 1600, 1
16; 80, 320; 1600, 1
11; 82, 220; 1622, 2