#misc
area, 3
checkpoint, 48; 14
checkpoint, 41; 23
chai, 1146; 189
chai, 1186; 169
chai, 886; 309
exit, 740; 380, 718; 580; 64; 2, 2, Area3Select, 7
size, 1320, 580
spawn, 1006, 149, 0
name, 3 - 6
exitP, Exit Level, Area3Select, 107
lock, 3, 1160, 160, O
index, 31
music, 3
#blocks
48; 8, 960; 160, O
49; 8, 980; 160, O
50; 8, 1000; 160, O
51; 8, 1020; 160, O
48; 12, 960; 240, O
49; 12, 980; 240, O
51; 12, 1020; 240, O
50; 12, 1000; 240, O
52; 13, 1040; 260, O
52; 12, 1040; 240, O
52; 8, 1040; 160, O
52; 7, 1040; 140, O
52; 6, 1040; 120, O
52; 5, 1040; 100, O
52; 4, 1040; 80, O
52; 3, 1040; 60, O
52; 2, 1040; 40, O
52; 1, 1040; 20, O
52; 0, 1040; 0, O
53; 12, 1060; 240, O
54; 11, 1080; 220, O
55; 10, 1100; 200, O
53; 7, 1060; 140, O
54; 6, 1080; 120, O
55; 5, 1100; 100, O
56; 5, 1120; 100, O
56; 10, 1120; 200, O
57; 10, 1140; 200, O
58; 9, 1160; 180, O
57; 5, 1140; 100, O
58; 6, 1160; 120, O
45; 11, 900; 220, O
45; 10, 900; 200, O
45; 9, 900; 180, O
45; 8, 900; 160, O
45; 7, 900; 140, O
45; 6, 900; 120, O
45; 5, 900; 100, O
45; 4, 900; 80, O
45; 3, 900; 60, O
45; 2, 900; 40, O
45; 1, 900; 20, O
45; 0, 900; 0, O
45; 12, 900; 240, O
45; 13, 900; 260, O
45; 14, 900; 280, O
52; 14, 1040; 280, O
58; 7, 1160; 140, O
59; 9, 1180; 180, O
59; 7, 1180; 140, O
58; 10, 1160; 200, O
58; 5, 1160; 100, O
60; 8, 1200; 160, O
60; 9, 1200; 180, O
60; 7, 1200; 140, O
45; 15, 900; 300, O
46; 15, 920; 300, O
47; 15, 940; 300, O
48; 15, 960; 300, O
49; 15, 980; 300, O
49; 16, 980; 320, O
49; 17, 980; 340, O
49; 18, 980; 360, O
49; 19, 980; 380, O
52; 15, 1040; 300, O
52; 16, 1040; 320, O
52; 17, 1040; 340, O
52; 18, 1040; 360, O
52; 19, 1040; 380, O
49; 20, 980; 400, O
52; 20, 1040; 400, O
52; 21, 1040; 420, O
52; 22, 1040; 440, O
52; 23, 1040; 460, O
52; 24, 1040; 480, O
49; 21, 980; 420, O
49; 24, 980; 480, O
48; 24, 960; 480, O
47; 21, 940; 420, O
47; 24, 940; 480, O
46; 24, 920; 480, O
45; 24, 900; 480, O
44; 24, 880; 480, O
43; 24, 860; 480, O
42; 24, 840; 480, O
46; 21, 920; 420, O
45; 21, 900; 420, O
44; 21, 880; 420, O
43; 21, 860; 420, O
42; 21, 840; 420, O
41; 24, 820; 480, O
40; 24, 800; 480, O
41; 21, 820; 420, O
39; 24, 780; 480, O
39; 23, 780; 460, O
39; 22, 780; 440, O
39; 21, 780; 420, O
39; 20, 780; 400, O
39; 19, 780; 380, O
48; 21, 960; 420, O
39; 18, 780; 360, O
40; 18, 800; 360, O
41; 18, 820; 360, O
42; 18, 840; 360, O
44; 20, 880; 400, O
44; 19, 880; 380, O
44; 18, 880; 360, O
44; 17, 880; 340, O
44; 16, 880; 320, O
43; 16, 860; 320, O
42; 16, 840; 320, O
39; 16, 780; 320, O
46; 19, 930; 370, O
46; 18, 930; 350, O
40; 16, 800; 320, O
40; 15, 800; 300, O
40; 14, 800; 280, O
40; 13, 800; 260, O
41; 13, 820; 260, O
42; 13, 840; 260, O
43; 13, 860; 260, O
44; 13, 880; 260, O
37; 16, 740; 320, O
36; 16, 720; 320, O
35; 16, 700; 320, O
35; 17, 700; 340, O
38; 16, 760; 320, O
35; 18, 700; 360, O
35; 19, 700; 380, O
35; 20, 700; 400, O
35; 21, 700; 420, O
35; 22, 700; 440, O
35; 23, 700; 460, O
35; 24, 700; 480, O
39; 25, 780; 500, O
39; 26, 780; 520, O
39; 27, 780; 540, O
39; 28, 780; 560, O
35; 25, 700; 500, O
35; 27, 700; 540, O
35; 28, 700; 560, O
35; 26, 700; 520, O
51; 15, 1020; 300, O| move, 1.0, 1020; 480, player, 1010; 298; 20; 2
50; 15, 1000; 300, O| move, 1.0, 1000; 480, player, 1010; 298; 20; 2
#spikes
47; 8, 940; 160, 3
47; 12, 940; 240, 3
46; 10, 920; 200, 4
54; 10, 1080; 200, 1
53; 8, 1060; 160, 2
54; 7, 1080; 140, 2
55; 6, 1100; 120, 2
55; 9, 1100; 180, 1
56; 6, 1120; 120, 2
57; 6, 1140; 120, 2
46; 14, 920; 280, 4
50; 13, 1000; 260, 2
51; 13, 1020; 260, 2
49; 13, 980; 260, 2
48; 13, 960; 260, 2
50; 17, 1000; 340, 4
51; 18, 1020; 365, 3
50; 19, 1000; 389, 4
51; 20, 1020; 412, 3
49; 22, 980; 440, 2
47; 23, 940; 460, 1
45; 23, 900; 460, 1
43; 23, 860; 460, 1
41; 20, 820; 400, 1
40; 21, 810; 420, 3
40; 22, 790; 460, 4
40; 19, 790; 380, 4
43; 20, 860; 400, 1
46; 17, 930; 330, 1
47; 18, 950; 350, 4
47; 19, 950; 370, 4
46; 20, 930; 390, 2
45; 19, 910; 370, 3
45; 18, 910; 350, 3
42; 15, 840; 300, 1
38; 28, 760; 560, 1| move, 1.0, 720; 560, 38; 28, 779; 560; 20; 20| move, 1.0, 760; 560, 38; 28, 701; 560; 20; 20
41; 16, 820; 320, 3| alternate, 820; 320; 3, 820; 275; 2, 0.5, 43; 16, 860; 320; 20; 20
46; 22, 920; 437, 2| alternate, 920; 437; 2, 880; 437; 2, 0.5, 47; 21, 940; 420; 20; 20
49; 11, 980; 220, 1
50; 11, 1000; 220, 1
51; 11, 1020; 220, 1
52; 11, 1040; 220, 1