#misc
area, 3
checkpoint, 37; 30
checkpoint, 35; 30
chai, 766; 149
chai, 686; 149
chai, 866; 729
exit, 720; 820, 614; 940; 232; 2, 2, Area3Select, 9
size, 1400, 1040
spawn, 726, 229, 0
name, 3 - 8
exitP, Exit Level, Area3Select, 109
lock, 4, 720, 160, O
index, 33
music, 3
nostatus
#blocks
35; 12, 700; 240, O
36; 12, 720; 240, O
37; 12, 740; 240, O
32; 13, 640; 260, O
32; 12, 640; 240, O
32; 11, 640; 220, O
32; 10, 640; 200, O
40; 10, 800; 200, O
40; 11, 800; 220, O
40; 12, 800; 240, O
40; 13, 800; 260, O
40; 9, 800; 180, O
32; 9, 640; 180, O
33; 8, 660; 160, O
34; 8, 680; 160, O
35; 8, 700; 160, O
37; 8, 740; 160, O
38; 8, 760; 160, O
39; 8, 780; 160, O
32; 16, 640; 320, O
32; 15, 640; 300, O
32; 14, 640; 280, O
40; 16, 800; 320, O
40; 15, 800; 300, O
40; 14, 800; 280, O
33; 7, 660; 140, O
33; 6, 660; 120, O
34; 5, 680; 100, O
35; 5, 700; 100, O
36; 5, 720; 100, O
37; 5, 740; 100, O
38; 5, 760; 100, O
39; 7, 780; 140, O
39; 6, 780; 120, O
32; 17, 640; 340, O
33; 18, 660; 360, O
34; 19, 680; 380, O
40; 17, 800; 340, O
39; 18, 780; 360, O
38; 19, 760; 380, O
36; 13, 720; 260, O
37; 18, 740; 360, O
37; 17, 740; 340, O
35; 18, 700; 360, O
35; 17, 700; 340, O
35; 20, 700; 400, O
35; 21, 700; 420, O
37; 20, 740; 400, O
37; 21, 740; 420, O
38; 22, 760; 440, O
34; 22, 680; 440, O
33; 26, 660; 520, O
33; 25, 660; 500, O
33; 24, 660; 480, O
33; 23, 660; 460, O
39; 23, 780; 460, O
39; 26, 780; 520, O
39; 25, 780; 500, O
39; 24, 780; 480, O
34; 27, 680; 540, O
35; 28, 700; 560, O
37; 28, 740; 560, O
38; 27, 760; 540, O
35; 31, 700; 620, O
35; 29, 700; 580, O
37; 31, 740; 620, O
37; 29, 740; 580, O
38; 32, 760; 640, O
34; 32, 680; 640, O
34; 33, 680; 660, O
34; 34, 680; 680, O
34; 35, 680; 700, O
34; 36, 680; 720, O
34; 37, 680; 740, O
38; 37, 760; 740, O
39; 37, 780; 740, O
39; 33, 780; 660, O
34; 38, 680; 760, O
38; 38, 760; 760, O
38; 39, 760; 780, O
34; 39, 680; 780, O
34; 40, 680; 800, O
38; 40, 760; 800, O
34; 41, 680; 820, O
34; 42, 680; 840, O
38; 41, 760; 820, O
38; 42, 760; 840, O
33; 43, 660; 860, O
32; 44, 640; 880, O
39; 43, 780; 860, O
40; 44, 800; 880, O
41; 45, 820; 900, O
30; 46, 600; 920, O
30; 51, 600; 1020, O
30; 50, 600; 1000, O
30; 49, 600; 980, O
30; 48, 600; 960, O
30; 47, 600; 940, O
42; 50, 840; 1000, O
42; 49, 840; 980, O
42; 48, 840; 960, O
42; 47, 840; 940, O
42; 46, 840; 920, O
42; 51, 840; 1020, O
31; 45, 620; 900, O
31; 51, 620; 1020, O
32; 50, 640; 1000, O
33; 49, 660; 980, O
34; 48, 680; 960, O
38; 48, 760; 960, O
39; 49, 780; 980, O
40; 50, 800; 1000, O
41; 51, 820; 1020, O
38; 30, 760; 600, O
34; 30, 680; 600, O
40; 37, 800; 740, O
41; 37, 820; 740, O
44; 37, 880; 740, O
43; 37, 860; 740, O
40; 33, 800; 660, O
41; 33, 820; 660, O
42; 33, 840; 660, O
43; 33, 860; 660, O
44; 33, 880; 660, O
44; 34, 880; 680, O
44; 35, 880; 700, O
44; 36, 880; 720, O
42; 38, 840; 740, O
42; 37, 840; 740, O| move, 1.0, 840; 780, 42; 35, 840; 668; 20; 20| move, 1.0, 840; 700, 42; 37, 840; 772; 20; 20| move, 1.0, 840; 720, player, 761; 672; 20; 26
42; 36, 840; 720, O| move, 1.0, 840; 760, 42; 35, 840; 668; 20; 20| move, 1.0, 840; 680, 42; 37, 840; 772; 20; 20| move, 1.0, 840; 700, player, 761; 672; 20; 26
37; 19, 740; 380, O
35; 19, 700; 380, O
#spikes
33; 9, 660; 180, 2| move, 4.0, 780; 180, 33; 9, 641; 180; 20; 20| move, 4.0, 660; 180, 33; 9, 799; 180; 20; 20
39; 9, 780; 180, 2| move, 4.0, 660; 180, 39; 9, 799; 180; 20; 20| move, 4.0, 780; 180, 39; 9, 641; 180; 20; 20
35; 7, 700; 140, 1
37; 7, 740; 140, 1
37; 13, 740; 260, 2
35; 13, 700; 260, 2
37; 16, 740; 320, 1
35; 16, 700; 320, 1
39; 17, 780; 340, 1
38; 18, 760; 360, 1
34; 18, 680; 360, 1
33; 17, 660; 340, 1
36; 14, 720; 280, 2
35; 22, 700; 440, 2
37; 22, 740; 440, 2
38; 23, 760; 460, 3
38; 24, 760; 480, 3
38; 25, 760; 500, 3
38; 26, 760; 520, 3
34; 26, 680; 520, 4
34; 25, 680; 500, 4
34; 24, 680; 480, 4
34; 23, 680; 460, 4
36; 24, 720; 480, 1
36; 25, 720; 500, 2
37; 27, 740; 540, 1
35; 27, 700; 540, 1
38; 11, 760; 230, 1
38; 12, 760; 250, 2
34; 11, 680; 230, 1
34; 12, 680; 250, 2
37; 32, 740; 640, 2
35; 32, 700; 640, 2
38; 35, 760; 700, 1
38; 36, 760; 720, 2
39; 34, 780; 670, 2
36; 34, 720; 680, 1
36; 35, 720; 700, 2
37; 37, 740; 740, 1
37; 38, 740; 760, 2
35; 37, 700; 740, 1
35; 38, 700; 760, 2
34; 43, 680; 860, 2
33; 44, 660; 880, 2
32; 45, 640; 900, 2
31; 46, 620; 920, 2
38; 43, 760; 860, 2
39; 44, 780; 880, 2
40; 45, 800; 900, 2
41; 46, 820; 920, 2
34; 47, 680; 940, 1
33; 48, 660; 960, 1
32; 49, 640; 980, 1
31; 50, 620; 1000, 1
38; 47, 760; 940, 1
39; 48, 780; 960, 1
40; 49, 800; 980, 1
41; 50, 820; 1000, 1
38; 49, 760; 980, 2
34; 49, 680; 980, 2
33; 50, 660; 1000, 2
32; 51, 640; 1020, 2
39; 50, 780; 1000, 2
40; 51, 800; 1020, 2
35; 51, 700; 1020, 1
36; 51, 720; 1020, 1
37; 51, 740; 1020, 1
38; 33, 760; 650, 2
37; 48, 740; 960, 3
35; 48, 700; 960, 4
40; 36, 800; 720, 1
41; 34, 820; 680, 2
42; 35, 840; 700, 1| move, 1.0, 840; 740, 42; 35, 840; 668; 20; 20| move, 1.0, 840; 660, 42; 37, 840; 772; 20; 20| move, 1.0, 840; 680, player, 761; 672; 20; 26