#misc
area, 3
checkpoint, 29; 15
checkpoint, 32; 8
checkpoint, 44; 2
chai, 486; 189
chai, 1086; 109
chai, 926; 49
exit, 920; 150, 1100; 150; 2; 40, 4, decor, 1
exit, 1050; 150, 1031; 480; 58; 2, 2, Area3Select, 8
size, 2223, 480
spawn, 846, 309, 0
name, 3 - 7
exitP, Exit Level, Area3Select, 108
index, 32
music, 3
#blocks
42; 16, 840; 320, O
40; 16, 800; 320, O
43; 16, 860; 320, O
41; 16, 820; 320, O
44; 16, 880; 320, O
44; 15, 880; 300, O
44; 14, 880; 280, O
44; 13, 880; 260, O
43; 13, 860; 260, O
42; 13, 840; 260, O
41; 13, 820; 260, O
40; 13, 800; 260, O
39; 13, 780; 260, O
38; 13, 760; 260, O
37; 13, 740; 260, O
36; 13, 720; 260, O
39; 17, 780; 320, O| move, 1, 640; 320, player, 777; 318; 8; 2
31; 16, 620; 320, O
30; 16, 600; 320, O
29; 16, 580; 320, O
35; 13, 700; 260, O
34; 13, 680; 260, O
33; 13, 660; 260, O
32; 13, 640; 260, O
31; 13, 620; 260, O
30; 13, 600; 260, O
29; 13, 580; 260, O
32; 18, 640; 338, O
33; 18, 660; 338, O
34; 18, 680; 338, O
35; 18, 700; 338, O
36; 18, 720; 338, O
37; 18, 740; 338, O
38; 18, 760; 338, O
39; 18, 780; 338, O
28; 16, 560; 320, O
27; 16, 540; 320, O
26; 16, 520; 320, O
26; 15, 520; 300, O
26; 14, 520; 280, O
26; 13, 520; 260, O
26; 12, 520; 240, O
26; 11, 520; 220, O
26; 10, 520; 200, O
27; 10, 540; 200, O
30; 12, 600; 240, O
30; 11, 600; 220, O
30; 10, 600; 200, O
30; 9, 600; 180, O
27; 9, 540; 180, O
31; 9, 620; 180, O
27; 8, 540; 160, O
29; 6, 580; 120, O
30; 6, 600; 120, O
28; 6, 560; 120, O
31; 6, 620; 120, O
32; 9, 640; 180, O
27; 6, 540; 120, O
26; 6, 520; 120, O
26; 8, 520; 160, O
25; 8, 500; 160, O
25; 6, 500; 120, O
24; 5, 480; 100, O
23; 5, 460; 100, O
22; 6, 440; 120, O
22; 7, 440; 140, O
22; 8, 440; 160, O
22; 9, 440; 180, O
23; 10, 460; 200, O
24; 10, 480; 200, O
25; 9, 500; 180, O
32; 6, 640; 120, O
21; 6, 440; 120, O| teleport, 540; 140, player, 620; 160; 20; 20
33; 9, 660; 180, O
33; 6, 660; 120, O
34; 9, 680; 180, O
35; 9, 700; 180, O
36; 9, 720; 180, O
37; 9, 740; 180, O
38; 9, 760; 180, O
39; 9, 780; 180, O
40; 9, 800; 180, O
41; 9, 820; 180, O
42; 9, 840; 180, O
43; 9, 860; 180, O
34; 6, 680; 120, O
35; 6, 700; 120, O
36; 6, 720; 120, O
37; 6, 740; 120, O
38; 6, 760; 120, O
39; 6, 780; 120, O
40; 6, 800; 120, O
41; 6, 820; 120, O
43; 6, 860; 120, O
44; 9, 880; 180, O
45; 9, 900; 180, O
46; 9, 920; 180, O
47; 9, 940; 180, O
48; 9, 960; 180, O
49; 9, 980; 180, O
50; 9, 1000; 180, O
51; 9, 1020; 180, O
44; 6, 880; 120, O
45; 6, 900; 120, O
47; 6, 940; 120, O
48; 6, 960; 120, O
49; 6, 980; 120, O
50; 6, 1000; 120, O
51; 6, 1020; 120, O
52; 6, 1040; 120, O
42; 6, 840; 120, O
47; 5, 940; 100, O
47; 4, 940; 80, O
47; 3, 940; 60, O
46; 3, 920; 60, O
45; 3, 900; 60, O
44; 3, 880; 60, O
43; 3, 860; 60, O
53; 6, 1060; 120, O
54; 6, 1080; 120, O
54; 7, 1080; 140, O
54; 8, 1080; 160, O
54; 9, 1080; 180, O
54; 10, 1080; 200, O
51; 10, 1020; 200, O
40; 5, 800; 100, O
40; 4, 800; 80, O
40; 3, 800; 60, O
40; 2, 800; 40, O
40; 1, 800; 20, O
41; 5, 820; 100, O
41; 1, 820; 20, O
48; 0, 960; 0, O
47; 0, 940; 0, O
46; 0, 920; 0, O
45; 0, 900; 0, O
44; 0, 880; 0, O
43; 0, 860; 0, O
42; 0, 840; 0, O
41; 0, 820; 0, O
40; 0, 800; 0, O
49; 0, 980; 0, O
50; 0, 1000; 0, O
51; 0, 1020; 0, O
52; 0, 1040; 0, O
52; 1, 1040; 20, O
52; 2, 1040; 40, O
52; 3, 1040; 60, O
48; 2, 960; 40, O
49; 2, 980; 40, O
50; 2, 1000; 40, O
51; 4, 1020; 80, O
50; 4, 1000; 80, O
49; 4, 980; 80, O
52; 4, 1040; 80, O
53; 4, 1060; 80, O
54; 4, 1080; 80, O
55; 6, 1100; 120, O
55; 5, 1100; 100, O
55; 4, 1100; 80, O
51; 11, 1020; 220, O
51; 12, 1020; 240, O
51; 13, 1020; 260, O
51; 14, 1020; 280, O
51; 15, 1020; 300, O
51; 16, 1020; 320, O
54; 11, 1080; 220, O
54; 15, 1080; 300, O
54; 14, 1080; 280, O
54; 13, 1080; 260, O
54; 12, 1080; 240, O
51; 23, 1020; 460, O
51; 22, 1020; 440, O
51; 21, 1020; 420, O
51; 20, 1020; 400, O
51; 19, 1020; 380, O
51; 18, 1020; 360, O
51; 17, 1020; 340, O
54; 23, 1080; 460, O
54; 22, 1080; 440, O
54; 21, 1080; 420, O
54; 20, 1080; 400, O
54; 19, 1080; 380, O
54; 18, 1080; 360, O
54; 17, 1080; 340, O
54; 16, 1080; 320, O
52; 15, 1040; 300, O
#spikes
39; 16, 780; 318, 1
38; 16, 760; 320, 1
37; 16, 740; 318, 1
36; 16, 720; 318, 1
35; 16, 700; 320, 1
34; 16, 680; 318, 1
33; 16, 660; 318, 1
32; 16, 640; 318, 1
28; 13, 560; 260, 3
27; 15, 540; 300, 1
27; 11, 540; 220, 2
29; 11, 580; 220, 3
28; 9, 560; 180, 4
30; 8, 600; 160, 1
24; 8, 480; 160, 3| teleport, 460; 160; 4, player, 461; 196; 38; 8
24; 6, 480; 120, 2| move, 1.0, 460; 120, 24; 6, 499; 120; 20; 20| move, 1.0, 480; 120, 24; 6, 441; 120; 20; 20
31; 15, 620; 300, 1| teleport, 800; 300, 39; 17, 630; 320; 20; 20
31; 14, 620; 280, 2| teleport, 800; 280, 39; 17, 630; 320; 20; 20
34; 8, 680; 178, 1| move, 4.0, 820; 178, 34; 8, 661; 180; 20; 20| move, 4.0, 680; 178, 34; 8, 839; 180; 20; 20
50; 8, 1000; 178, 1| move, 4.0, 860; 178, 50; 8, 1019; 180; 20; 20| move, 4.0, 1000; 178, 50; 8, 841; 180; 20; 20
34; 7, 680; 121, 1
35; 7, 700; 121, 1
36; 7, 720; 121, 1
37; 7, 740; 121, 1
38; 7, 760; 121, 1
39; 7, 780; 121, 1
40; 7, 800; 121, 1
41; 7, 820; 121, 1
43; 7, 860; 121, 1
44; 7, 880; 121, 1
45; 7, 900; 121, 1
47; 7, 940; 121, 1
48; 7, 960; 121, 1
49; 7, 980; 121, 1
50; 7, 1000; 121, 1
42; 7, 840; 121, 1
45; 5, 900; 100, 1
42; 3, 840; 60, 3
41; 4, 820; 90, 1
41; 2, 820; 30, 2
105; 1, 2203; 2, 2| teleport, 1020; 2, player, 1080; 100; 20; 20
104; 1, 2183; 38, 1| teleport, 1000; 38, player, 1080; 100; 20; 20
102; 3, 2143; 42, 2| teleport, 960; 42, player, 1080; 100; 20; 20
102; 5, 2143; 118, 1| teleport, 960; 118, player, 1080; 100; 20; 20
105; 5, 2203; 82, 2| teleport, 1020; 82, player, 1080; 100; 20; 20
104; 5, 2183; 118, 1| teleport, 1000; 118, player, 1080; 100; 20; 20
104; 3, 2183; 78, 1| teleport, 1000; 78, player, 1080; 100; 20; 20
105; 3, 2203; 78, 1| teleport, 1020; 78, player, 1080; 100; 20; 20
48; 1, 960; 20, 1| move, 4, 1020; 20; 4, 48; 1, 941; 39; 20; 20| move, 4, 1020; 60; 2, 48; 1, 1039; 39; 20; 20| move, 4, 960; 60; 3, 48; 1, 1039; 79; 20; 20| move, 4, 960; 100; 2, 48; 1, 941; 79; 20; 20| move, 4, 1040; 100, 48; 1, 941; 119; 20; 20| teleport, 0; 0, player, 1080; 100; 20; 20| teleport, 960; 20; 1, 48; 1, 1059; 100; 20; 20
52; 14, 1040; 280, 1
52; 16, 1040; 320, 2
53; 12, 1060; 240, 2
53; 18, 1060; 360, 1
53; 11, 1060; 220, 1
53; 19, 1060; 380, 2