#misc
area, 3
checkpoint, 17; 18
checkpoint, 12; 33
checkpoint, 17; 33
chai, 526; 269
chai, 486; 269
chai, 526; 629
exit, 210; 600, 0; 578; 2; 64, 3, Area3Select, 3
size, 760, 780
spawn, 506, 369, 0
name, 3 - 2
exitP, Exit Level, Area3Select, 103
lock, 1, 500, 260, O
index, 27
music, 3
#blocks
25; 19, 500; 380, O
24; 19, 480; 380, O
23; 19, 460; 380, O
26; 19, 520; 380, O
27; 19, 540; 380, O
27; 18, 540; 360, O
27; 17, 540; 340, O
27; 16, 540; 320, O
22; 19, 440; 380, O
21; 19, 420; 380, O
20; 19, 400; 380, O
21; 14, 420; 280, O
23; 14, 460; 280, O
24; 14, 480; 280, O
26; 14, 520; 280, O
27; 15, 540; 300, O| teleport, 1180; 280, player, 520; 260; 20; 20
23; 15, 460; 300, O
23; 18, 460; 360, O
21; 18, 420; 360, O
21; 15, 420; 300, O
19; 19, 380; 380, O
19; 14, 380; 280, O
19; 18, 380; 360, O
19; 15, 380; 300, O
19; 13, 380; 260, O
19; 12, 380; 240, O
19; 11, 380; 220, O
20; 11, 400; 220, O
21; 11, 420; 220, O
22; 11, 440; 220, O
23; 11, 460; 220, O
24; 11, 480; 220, O
25; 11, 500; 220, O
26; 11, 520; 220, O
27; 11, 540; 220, O
27; 12, 540; 240, O
27; 13, 540; 260, O| teleport, 1180; 240, player, 520; 260; 20; 20
27; 14, 540; 280, O
25; 12, 500; 240, O
18; 19, 360; 380, O
17; 19, 340; 380, O
18; 15, 360; 300, O
17; 15, 340; 300, O
16; 15, 320; 300, O
15; 15, 300; 300, O
14; 15, 280; 300, O
12; 17, 240; 340, O
12; 18, 240; 360, O
12; 19, 240; 380, O
12; 20, 240; 400, O
12; 21, 240; 420, O
12; 22, 240; 440, O
13; 16, 260; 320, O
17; 20, 340; 400, O
17; 21, 340; 420, O
17; 22, 340; 440, O
12; 23, 240; 460, O
12; 24, 240; 480, O
12; 25, 240; 500, O
12; 26, 240; 520, O
17; 23, 340; 460, O
17; 24, 340; 480, O
17; 25, 340; 500, O
17; 26, 340; 520, O
17; 27, 340; 540, O
17; 28, 340; 560, O
17; 29, 340; 580, O
17; 30, 340; 600, O
17; 31, 340; 620, O
12; 27, 240; 540, O
12; 28, 240; 560, O
12; 29, 240; 580, O
12; 30, 240; 600, O
12; 31, 240; 620, O
14; 20, 290; 400, O
14; 28, 290; 560, O
13; 34, 260; 680, O
14; 34, 280; 680, O
15; 34, 300; 680, O
16; 34, 320; 680, O
17; 34, 340; 680, O
12; 34, 240; 680, O
11; 34, 220; 680, O
10; 34, 200; 680, O
9; 34, 180; 680, O
9; 33, 180; 660, O
9; 32, 180; 640, O
18; 34, 360; 680, O
19; 34, 380; 680, O
20; 34, 400; 680, O
20; 33, 400; 660, O
20; 32, 400; 640, O
8; 32, 160; 640, O
7; 32, 140; 640, O
6; 32, 120; 640, O
5; 32, 100; 640, O
4; 32, 80; 640, O
3; 32, 60; 640, O
2; 32, 40; 640, O
1; 32, 20; 640, O
11; 28, 220; 560, O
10; 28, 200; 560, O
9; 28, 180; 560, O
8; 28, 160; 560, O
7; 28, 140; 560, O
1; 28, 20; 560, O
0; 28, 0; 560, O
18; 28, 360; 560, O
19; 28, 380; 560, O
20; 28, 400; 560, O
21; 28, 420; 560, O
22; 28, 440; 560, O
23; 28, 460; 560, O
24; 28, 480; 560, O
25; 28, 500; 560, O
26; 32, 520; 640, O
25; 32, 500; 640, O
24; 32, 480; 640, O
23; 32, 460; 640, O
22; 32, 440; 640, O
21; 32, 420; 640, O
26; 28, 520; 560, O
27; 28, 540; 560, O
27; 29, 540; 580, O
27; 30, 540; 600, O
27; 31, 540; 620, O
27; 32, 540; 640, O
21; 31, 420; 620, O
8; 31, 160; 620, O
0; 32, 0; 640, O
6; 27, 120; 540, O
5; 26, 100; 520, O
4; 26, 80; 520, O
3; 26, 60; 520, O
2; 27, 40; 540, O
4; 30, 80; 600, O
4; 31, 80; 620, O
2; 28, 40; 560, O
6; 28, 120; 560, O
25; 14, 500; 280, O
22; 14, 440; 280, O
28; 16, 560; 320, O
29; 16, 580; 320, O
29; 15, 580; 300, O
29; 14, 580; 280, O
29; 13, 580; 260, O
28; 12, 560; 240, O
29; 12, 580; 240, O
#spikes
23; 17, 460; 340, 1| move, 1.0, 460; 360, 23; 17, 460; 321; 20; 20| move, 1.0, 460; 340, 19; 17, 380; 379; 20; 20
23; 16, 460; 320, 2| move, 1.0, 460; 300, 21; 16, 420; 339; 20; 20| move, 1.0, 460; 320, 21; 16, 420; 281; 20; 20
21; 16, 420; 320, 2| move, 1.0, 420; 300, 21; 16, 420; 339; 20; 20| move, 1.0, 420; 320, 21; 16, 420; 281; 20; 20
21; 17, 420; 340, 1| move, 1.0, 420; 360, 23; 17, 460; 321; 20; 20| move, 1.0, 420; 340, 19; 17, 380; 379; 20; 20
19; 17, 380; 340, 1| move, 1.0, 380; 360, 23; 17, 460; 321; 20; 20| move, 1.0, 380; 340, 19; 17, 380; 379; 20; 20
19; 16, 380; 320, 2| move, 1.0, 380; 300, 21; 16, 420; 339; 20; 20| move, 1.0, 380; 320, 21; 16, 420; 281; 20; 20
20; 15, 410; 300, 3| move, 0.5, 410; 300, 20; 15, 439; 300; 20; 20| move, 0.5, 420; 300, 20; 15, 391; 300; 20; 20
20; 14, 390; 300, 4| move, 0.5, 380; 300, 20; 14, 409; 300; 20; 20| move, 0.5, 390; 300, 20; 14, 361; 300; 20; 20
20; 12, 400; 237, 2
21; 12, 420; 235, 2
22; 12, 440; 233, 2| teleport, 440; 260; 1, player, 443; 237; 14; 44
23; 12, 460; 235, 2
24; 12, 480; 237, 2
26; 12, 520; 240, 2
13; 17, 260; 340, 4
13; 18, 260; 360, 4
13; 19, 260; 380, 4
13; 20, 260; 400, 4
13; 21, 260; 420, 4
13; 22, 260; 440, 4
14; 16, 280; 320, 2
15; 16, 300; 320, 2
16; 16, 320; 320, 2
17; 16, 340; 320, 2
18; 16, 360; 320, 2
16; 19, 320; 380, 3
16; 20, 310; 400, 3
16; 21, 320; 420, 3
16; 22, 320; 440, 3
13; 23, 260; 460, 4
13; 24, 260; 480, 4
13; 25, 260; 500, 4
13; 27, 260; 540, 4
13; 28, 270; 560, 4
13; 29, 260; 580, 4
13; 30, 260; 600, 4
16; 23, 320; 460, 3
16; 24, 320; 480, 3
16; 25, 320; 500, 3
16; 27, 320; 540, 3
16; 28, 320; 560, 3
16; 29, 320; 580, 3
16; 30, 320; 600, 3
16; 31, 320; 620, 3
13; 31, 260; 620, 4
14; 21, 290; 420, 2
16; 26, 320; 520, 3
13; 26, 260; 520, 4
14; 27, 290; 540, 1
21; 30, 420; 600, 1
22; 29, 440; 580, 2
20; 31, 400; 620, 1
23; 31, 460; 620, 1
24; 29, 480; 580, 2
25; 31, 500; 620, 1
26; 29, 520; 580, 2
9; 31, 180; 620, 1
8; 30, 160; 600, 1
4; 29, 80; 580, 1
5; 27, 100; 540, 2
3; 27, 60; 540, 2
3; 31, 60; 620, 1
2; 31, 40; 620, 1
1; 31, 20; 620, 1