#misc
area, 3
checkpoint, 45; 10
chai, 506; 249
chai, 706; 69
chai, 1086; 129
exit, 1040; 30, 1050; 0; 40; 2, 1, Area3Select, 6
size, 1220, 420
spawn, 626, 289, 1
name, 3 - 5
exitP, Exit Level, Area3Select, 106
index, 30
music, 3
#blocks
33; 15, 660; 300, O
32; 15, 640; 300, O
31; 15, 620; 300, O
30; 15, 600; 300, O
33; 14, 660; 280, O
33; 13, 660; 260, O
29; 15, 580; 300, O
29; 14, 580; 280, O
29; 13, 580; 260, O
29; 12, 580; 240, O
34; 13, 680; 260, O
34; 12, 680; 240, O
34; 11, 680; 220, O
34; 10, 680; 200, O
33; 10, 660; 200, O
29; 9, 580; 180, O
30; 8, 600; 160, O
31; 7, 620; 140, O
32; 7, 640; 140, O
33; 7, 660; 140, O
34; 7, 680; 140, O
29; 11, 580; 220, O
28; 9, 560; 180, O
27; 9, 540; 180, O
27; 10, 540; 200, O
28; 13, 560; 260, O
27; 13, 540; 260, O
26; 13, 520; 260, O
25; 13, 500; 260, O
24; 13, 480; 260, O
24; 12, 480; 240, O
24; 11, 480; 220, O
24; 10, 480; 200, O
24; 9, 480; 180, O
25; 9, 500; 180, O
26; 9, 520; 180, O
35; 10, 700; 200, O
36; 10, 720; 200, O
37; 10, 740; 200, O
37; 9, 740; 180, O
37; 8, 740; 160, O
37; 7, 740; 140, O
34; 6, 680; 120, O
34; 5, 680; 100, O
34; 4, 680; 80, O
35; 4, 700; 80, O
36; 4, 720; 80, O
39; 4, 780; 80, O
38; 7, 760; 140, O
39; 7, 780; 140, O
39; 8, 780; 160, O
39; 3, 780; 60, O
40; 2, 800; 40, O
41; 1, 820; 20, O
42; 0, 840; 0, O
43; 1, 860; 20, O
39; 2, 780; 40, O
38; 2, 760; 40, O
37; 2, 740; 40, O
36; 2, 720; 40, O
35; 2, 700; 40, O
34; 2, 680; 40, O
34; 3, 680; 60, O
37; 4, 740; 80, O
39; 9, 780; 180, O
40; 10, 800; 200, O
41; 12, 820; 240, O
43; 12, 860; 240, O
42; 13, 840; 260, O
44; 11, 880; 220, O
44; 2, 880; 40, O
45; 6, 900; 120, O
45; 5, 900; 100, O
45; 4, 900; 80, O
45; 3, 900; 60, O
45; 7, 900; 140, O
46; 8, 920; 160, O
44; 7, 880; 140, O
45; 8, 900; 160, O
44; 8, 880; 160, O
43; 8, 860; 160, O
38; 5, 760; 80, O| teleport, 780; 80, player, 843; 139; 14; 2
42; 7, 840; 140, B
40; 11, 800; 220, O
43; 11, 860; 220, O
45; 11, 900; 220, O
46; 11, 940; 220, O
47; 8, 960; 160, O
48; 8, 980; 160, O
49; 8, 1000; 160, O
49; 12, 1000; 240, O
50; 12, 1020; 240, O
47; 13, 960; 260, O
48; 14, 980; 280, O
49; 13, 1000; 260, O
50; 8, 1020; 160, O
47; 5, 940; 100, O
45; 2, 900; 40, O
46; 2, 920; 40, O
47; 2, 940; 40, O
48; 2, 960; 40, O
49; 2, 980; 40, O
49; 4, 980; 90, O
50; 4, 1000; 80, O
48; 5, 960; 100, O
51; 4, 1020; 80, O
52; 4, 1040; 80, O
50; 2, 1000; 40, O
51; 2, 1020; 40, O
52; 2, 1040; 40, O
53; 4, 1060; 80, O
54; 4, 1080; 80, O
53; 5, 1060; 100, O
53; 6, 1060; 120, O
53; 7, 1060; 140, O
54; 7, 1080; 140, O
55; 7, 1100; 140, O
56; 7, 1120; 140, O
56; 6, 1120; 120, O
56; 5, 1120; 100, O
56; 4, 1120; 80, O
56; 3, 1120; 60, O
56; 2, 1120; 40, O
56; 1, 1120; 20, O
55; 1, 1100; 20, O
54; 1, 1080; 20, O
52; 1, 1040; 20, O
52; 0, 1040; 0, O
54; 0, 1080; 0, O
46; 12, 920; 220, O
46; 13, 940; 240, O
47; 9, 940; 160, O
#spikes
30; 12, 595; 240, 4
30; 13, 600; 260, 4
30; 14, 600; 280, 4
32; 14, 640; 280, 3
32; 13, 640; 260, 3
33; 11, 660; 220, 2
33; 9, 660; 180, 1
31; 10, 620; 200, 2
31; 9, 620; 180, 1
30; 11, 590; 220, 4
30; 9, 600; 170, 2
28; 12, 560; 245, 1
27; 12, 540; 245, 1
26; 10, 520; 200, 2
25; 10, 500; 200, 2
35; 5, 700; 100, 2| alternate, 700; 100; 2, 700; 140; 4, 0.4, 37; 7, 740; 140; 20; 20
36; 9, 720; 180, 1| alternate, 720; 180; 1, 720; 140; 3, 0.4, 37; 9, 740; 180; 20; 20
41; 6, 820; 120, 3
41; 5, 820; 100, 3
41; 2, 820; 40, 2
43; 2, 860; 40, 2
42; 1, 840; 20, 2
40; 3, 800; 60, 2
38; 4, 740; 80, 4| move, 2.5, 780; 80, player, 760; 83; 20; 14
42; 4, 840; 80, 1
41; 7, 820; 140, 3
42; 8, 840; 160, 2
40; 9, 800; 180, 1
42; 12, 840; 240, 1
43; 7, 860; 140, 4
44; 6, 880; 120, 3
44; 5, 880; 100, 3
44; 4, 880; 80, 3
44; 3, 880; 60, 3
41; 11, 820; 220, 1
43; 10, 860; 210, 1
46; 10, 940; 200, 1
48; 9, 970; 180, 2
49; 11, 1000; 220, 1
48; 13, 980; 260, 1
47; 12, 960; 240, 1
50; 9, 1020; 180, 2
50; 7, 1020; 140, 1
47; 4, 940; 80, 1
47; 6, 940; 120, 2
54; 3, 1080; 60, 1
54; 5, 1080; 100, 2
46; 7, 920; 143, 1
55; 6, 1100; 123, 1
55; 2, 1100; 37, 2
46; 3, 920; 57, 2