#misc
area, 3
checkpoint, 16; 8
checkpoint, 9; 28
chai, 646; 69
chai, 466; 29
chai, 406; 109
exit, 170; 530, 0; 494; 2; 88, 3, Area3Select, 11
size, 860, 700
spawn, 646, 249, 0
name, 3 - 10
exitP, Exit Level, Area3Select, 111
lock, 5, 540, 20, O
index, 35
music, 3
#blocks
31; 13, 620; 260, O
32; 13, 640; 260, O
33; 13, 660; 260, O
34; 13, 680; 260, O
34; 12, 680; 240, O
34; 11, 680; 220, O
30; 13, 600; 260, O
29; 13, 580; 260, O
28; 13, 560; 260, O
26; 13, 520; 260, O
34; 10, 680; 200, O
34; 9, 680; 180, O
34; 8, 680; 160, O
34; 7, 680; 140, O
34; 6, 680; 120, O
34; 5, 680; 100, O
34; 4, 680; 80, O
34; 3, 680; 60, O
34; 2, 680; 40, O
34; 1, 680; 20, O
34; 0, 680; 0, O
32; 8, 640; 160, O
32; 4, 640; 80, O
30; 10, 600; 200, O
30; 9, 600; 180, O
30; 8, 600; 160, O
30; 7, 600; 140, O
30; 6, 600; 120, O
30; 5, 600; 100, O
30; 4, 600; 80, O
30; 3, 600; 60, O
30; 2, 600; 40, O
30; 1, 600; 20, O
30; 0, 600; 0, O
29; 8, 580; 160, O
28; 12, 560; 240, O
29; 3, 580; 60, O
27; 0, 540; 0, O
26; 0, 520; 0, O
25; 0, 500; 0, O
24; 0, 480; 0, O
23; 0, 460; 0, O
27; 2, 540; 40, O
26; 2, 520; 40, O
25; 2, 500; 40, O
24; 2, 480; 40, O
23; 2, 460; 40, O
22; 2, 440; 40, O
22; 0, 440; 0, O
22; 13, 440; 260, O
19; 9, 380; 180, O
18; 9, 360; 180, O
17; 9, 340; 180, O
16; 9, 320; 180, O
21; 0, 420; 0, O
20; 0, 400; 0, O
19; 0, 380; 0, O
19; 1, 380; 20, O
19; 2, 380; 40, O
19; 3, 380; 60, O
19; 4, 380; 80, O
19; 5, 380; 100, O
19; 6, 380; 120, O
20; 6, 400; 120, O
21; 6, 420; 120, O
22; 6, 440; 120, O
22; 5, 440; 100, O
22; 4, 440; 80, O
22; 3, 440; 60, O
18; 6, 360; 120, O
17; 6, 340; 120, O
16; 6, 320; 120, O
15; 6, 300; 120, O
15; 9, 300; 180, O
14; 9, 280; 180, O
14; 6, 280; 120, O
13; 6, 260; 120, O
13; 9, 260; 180, O
13; 8, 260; 160, O| teleport, 380; 160, player, 320; 160; 20; 20
13; 7, 260; 140, O| teleport, 380; 140, player, 320; 160; 20; 20
12; 9, 240; 180, O
11; 9, 220; 180, O
12; 6, 240; 120, O
11; 6, 220; 120, O
9; 14, 180; 280, O
10; 15, 200; 300, O
11; 14, 220; 280, O
11; 13, 220; 260, O
11; 12, 220; 240, O
11; 11, 220; 220, O
11; 10, 220; 200, O
8; 10, 160; 200, O
8; 9, 160; 180, O
8; 8, 160; 160, O
8; 7, 160; 140, O
10; 6, 200; 120, O
9; 6, 180; 120, O
7; 11, 140; 220, O
7; 12, 140; 240, O
7; 13, 140; 260, O
7; 14, 140; 280, O
7; 15, 140; 300, O
7; 16, 140; 320, O
7; 17, 140; 340, O
8; 18, 160; 360, O
11; 15, 220; 300, O
11; 16, 220; 320, O
11; 17, 220; 340, O
11; 18, 220; 360, O
8; 19, 160; 380, O
8; 20, 160; 400, O
11; 19, 220; 380, O
11; 20, 220; 400, O
11; 21, 220; 420, O
27; 3, 540; 60, O
8; 21, 160; 420, O
8; 22, 160; 440, O
8; 23, 160; 460, O
9; 24, 180; 480, O
11; 22, 220; 440, O
11; 23, 220; 460, O
11; 24, 220; 480, O
11; 25, 220; 500, O
11; 26, 220; 520, O
11; 27, 220; 540, O
11; 28, 220; 560, O
11; 29, 220; 580, O
10; 29, 200; 580, O
8; 24, 160; 480, O
7; 24, 140; 480, O
6; 24, 120; 480, O
5; 24, 100; 480, O
4; 24, 80; 480, O
3; 24, 60; 480, O
2; 24, 40; 480, O
1; 24, 20; 480, O
0; 24, 0; 480, O
9; 29, 180; 580, O
8; 29, 160; 580, O
7; 29, 140; 580, O
6; 29, 120; 580, O
5; 29, 100; 580, O
4; 29, 80; 580, O
3; 29, 60; 580, O
2; 29, 40; 580, O
1; 29, 20; 580, O
0; 29, 0; 580, O
7; 28, 140; 560, O
5; 28, 100; 560, O
3; 28, 60; 560, O
1; 28, 20; 560, O
#spikes
33; 12, 660; 240, 3
33; 11, 660; 220, 3
33; 10, 660; 200, 3
33; 9, 670; 180, 3
33; 8, 670; 160, 3
33; 7, 670; 140, 3
33; 6, 660; 120, 3
33; 5, 660; 100, 3
33; 4, 660; 80, 3
33; 3, 660; 60, 3
33; 2, 660; 40, 3
33; 1, 660; 20, 3
33; 0, 660; 0, 3
31; 10, 620; 200, 4
31; 9, 620; 180, 4
31; 8, 620; 160, 4
31; 7, 620; 140, 4
31; 6, 620; 120, 4
31; 5, 610; 100, 4
31; 4, 610; 80, 4
31; 3, 610; 60, 4
31; 2, 620; 40, 4
31; 1, 620; 20, 4
31; 0, 620; 0, 4
30; 11, 600; 217, 2
29; 12, 580; 240, 1
29; 9, 580; 180, 2
28; 11, 560; 220, 1
29; 4, 580; 80, 2
29; 0, 580; 0, 2
26; 1, 520; 38, 1| move, 0.5, 480; 38, 26; 1, 539; 40; 20; 20| move, 0.5, 520; 38, 26; 1, 461; 40; 20; 20| teleport, 380; 18, player, 400; 100; 20; 20
21; 2, 430; 40, 3
20; 4, 400; 80, 4
21; 5, 420; 110, 1
11; 8, 220; 160, 1
9; 7, 180; 140, 4
9; 8, 180; 160, 4
9; 9, 180; 180, 4
9; 10, 180; 200, 4
8; 11, 160; 220, 2
9; 13, 180; 260, 1
10; 14, 200; 280, 1
9; 15, 180; 300, 2
8; 17, 160; 340, 1
27; 4, 540; 80, 2| alternate, 540; 80; 2, 560; 60; 4, 0.5, 27; 3, 540; 60; 20; 20
28; 0, 560; 0, 2
9; 23, 180; 460, 1
10; 19, 200; 380, 3
10; 18, 200; 360, 3
10; 17, 200; 340, 3
10; 16, 200; 320, 3
10; 20, 200; 400, 3
7; 27, 140; 540, 1
1; 27, 20; 540, 1
5; 27, 100; 540, 1
3; 27, 60; 540, 1
10; 28, 200; 560, 1
9; 25, 180; 500, 2
8; 25, 160; 500, 2
6; 25, 120; 500, 2
4; 25, 80; 500, 2
2; 25, 40; 500, 2
0; 25, 0; 500, 2
4; 28, 80; 579, 2
0; 28, 0; 560, 1
6; 28, 120; 579, 2| alternate, 120; 579; 2, 40; 579; 2, 0.6, 7; 29, 140; 580; 20; 20
10; 21, 200; 420, 3