#misc
area, 3
checkpoint, 38; 6
checkpoint, 27; 10
chai, 306; 209
chai, 686; 349
chai, 846; 309
exit, 680; 180, 880; 170; 2; 40, 4, decor, 1
exit, 700; 60, 664; 0; 82; 2, 1, Area3Select, 5
size, 880, 600
spawn, 446, 489, 0
name, 3 - 4
exitP, Exit Level, Area3Select, 105
lock, 2, 680, 220, O
index, 29
music, 3
#blocks
20; 25, 400; 500, O
21; 25, 420; 500, O
22; 25, 440; 500, O
23; 25, 460; 500, O
24; 25, 480; 500, O
25; 25, 500; 500, O
25; 24, 500; 480, O
25; 23, 500; 460, O
25; 22, 500; 440, O
19; 25, 380; 500, O
19; 24, 380; 480, O
19; 23, 380; 460, O
19; 22, 380; 440, O
20; 23, 400; 460, O
24; 23, 480; 460, O
21; 20, 420; 400, O
22; 20, 440; 400, O| move, 1.5, 440; 220, player, 440; 395; 20; 8
23; 20, 460; 400, O
18; 22, 360; 440, O
18; 21, 360; 420, O
18; 20, 360; 400, O
18; 19, 360; 380, O
18; 18, 360; 360, O
18; 17, 360; 340, O
26; 21, 520; 420, O
26; 20, 520; 400, O
26; 19, 520; 380, O
26; 18, 520; 360, O
26; 17, 520; 340, O
26; 22, 520; 440, O
20; 17, 400; 340, O
20; 16, 400; 320, O
19; 16, 380; 320, O
18; 16, 360; 320, O
24; 17, 480; 340, O
24; 16, 480; 320, O
25; 16, 500; 320, O
26; 16, 520; 320, O
20; 15, 400; 300, O
20; 14, 400; 280, O
24; 15, 480; 300, O
24; 14, 480; 280, O
20; 13, 400; 260, O
24; 13, 480; 260, O
20; 12, 400; 240, O
20; 11, 400; 220, O
21; 11, 420; 220, O
23; 11, 460; 220, O
24; 11, 480; 220, O
20; 7, 400; 140, O
21; 7, 420; 140, O
22; 7, 440; 140, O
23; 7, 460; 140, O
24; 7, 480; 140, O
25; 7, 500; 140, O
26; 7, 520; 140, O
27; 7, 540; 140, O
28; 7, 560; 140, O
25; 11, 500; 220, O
26; 11, 520; 220, O
27; 11, 540; 220, O
28; 11, 560; 220, O
19; 11, 380; 220, O
18; 11, 360; 220, O
17; 11, 340; 220, O
19; 7, 380; 140, O
18; 7, 360; 140, O
24; 12, 480; 240, O
19; 10, 380; 200, O
17; 10, 340; 200, O
16; 11, 320; 220, O
15; 11, 300; 220, O
15; 7, 300; 140, O
16; 7, 320; 140, O
17; 7, 340; 140, O
14; 11, 280; 220, O
14; 10, 280; 200, O
14; 9, 280; 180, O
14; 8, 280; 160, O
14; 7, 280; 140, O
29; 11, 580; 220, O
29; 7, 580; 140, O
30; 11, 600; 220, O
31; 11, 620; 220, O
32; 11, 640; 220, O
33; 11, 660; 220, O
30; 7, 600; 140, O
31; 7, 620; 140, O
32; 7, 640; 140, O
33; 7, 660; 140, O
35; 11, 700; 220, O
36; 11, 720; 220, O
34; 7, 680; 140, O
35; 7, 700; 140, O
36; 7, 720; 140, O
37; 7, 740; 140, O
37; 11, 740; 220, O
32; 12, 640; 240, O
36; 12, 720; 240, O
32; 13, 640; 260, O
32; 14, 640; 280, O
32; 15, 640; 300, O
36; 14, 720; 280, O
36; 13, 720; 260, O
32; 16, 640; 320, O
32; 17, 640; 340, O
32; 18, 640; 360, O
36; 17, 720; 340, O
36; 16, 720; 320, O
35; 18, 700; 360, O
34; 18, 680; 360, O
33; 18, 660; 360, O
31; 15, 640; 300, O| teleport, 660; 300, player, 680; 340; 20; 20
18; 25, 380; 500, O| teleport, 480; 200, player, 540; 200; 20; 20
18; 24, 380; 480, O| teleport, 480; 180, player, 540; 200; 20; 20
18; 23, 380; 460, O| teleport, 480; 160, player, 540; 200; 20; 20
36; 18, 720; 360, O
37; 14, 740; 280, O
38; 14, 760; 280, O
39; 14, 780; 280, O
37; 18, 740; 360, O
38; 18, 760; 360, O
38; 17, 760; 340, O
38; 16, 760; 320, O
39; 18, 780; 360, O
40; 18, 800; 360, O
41; 18, 820; 360, O
40; 17, 800; 340, O
40; 16, 800; 320, O
42; 18, 840; 360, O
42; 17, 840; 340, O
42; 16, 840; 320, O
42; 14, 840; 280, O
41; 14, 820; 280, O
40; 14, 800; 280, O
43; 16, 860; 320, O
43; 17, 860; 340, O
43; 18, 860; 360, O
43; 15, 860; 300, O
43; 14, 860; 280, O
38; 11, 760; 220, O
39; 11, 780; 220, O
38; 7, 760; 140, O
39; 7, 780; 140, O
40; 11, 800; 220, O
41; 11, 820; 220, O
41; 10, 820; 200, O
41; 9, 820; 180, O
41; 8, 820; 160, O
41; 7, 820; 140, O
41; 6, 820; 120, O
41; 5, 820; 100, O
41; 4, 820; 80, O
40; 4, 800; 80, O
39; 4, 780; 80, O
37; 3, 740; 60, O
36; 3, 720; 60, O
35; 3, 700; 60, O
34; 3, 680; 60, O
33; 4, 660; 80, O
38; 4, 760; 80, O
31; 6, 620; 120, O
30; 6, 600; 120, O
30; 5, 600; 100, O
30; 4, 600; 80, O
30; 3, 600; 60, O
30; 2, 600; 40, O
31; 1, 620; 20, O
32; 0, 640; 0, O
37; 2, 740; 40, O
37; 1, 740; 20, O
37; 0, 740; 0, O
36; 2, 720; 40, O
#spikes
20; 22, 400; 440, 1
24; 22, 480; 440, 1
24; 24, 480; 480, 2
20; 24, 400; 480, 2
22; 21, 440; 420, 2| move, 1.5, 440; 240, player, 440; 395; 20; 8
21; 21, 420; 420, 2
23; 21, 460; 420, 2
23; 19, 460; 380, 1
21; 19, 420; 380, 1
20; 18, 400; 360, 2
24; 18, 480; 360, 2
25; 17, 500; 340, 2
19; 17, 380; 340, 2
22; 16, 440; 320, 2
22; 15, 440; 300, 1
23; 12, 460; 240, 2
21; 12, 420; 240, 2
19; 9, 380; 180, 1
17; 9, 340; 180, 1
18; 10, 360; 219, 2
31; 9, 620; 180, 1
31; 10, 620; 200, 2
29; 9, 580; 180, 1
29; 10, 580; 200, 2
30; 10, 600; 210, 1
30; 8, 600; 150, 2
34; 13, 680; 270, 1
34; 14, 680; 290, 2
35; 16, 700; 320, 1
33; 16, 660; 320, 1
33; 17, 660; 340, 2
35; 17, 700; 340, 2
35; 12, 700; 240, 2
33; 12, 660; 240, 2
33; 10, 660; 200, 1
35; 10, 700; 200, 1
37; 15, 740; 290, 2
37; 17, 740; 340, 1
39; 15, 780; 290, 2
41; 15, 820; 290, 2
39; 17, 780; 340, 1
41; 17, 820; 340, 1
38; 15, 760; 285, 2
40; 15, 800; 285, 2
37; 9, 740; 180, 1
37; 10, 740; 200, 2
39; 9, 780; 180, 1
39; 10, 780; 200, 2
38; 10, 760; 210, 1
38; 8, 760; 150, 2
36; 6, 720; 120, 1
35; 6, 700; 120, 1
37; 4, 740; 80, 2
34; 4, 680; 80, 2
32; 6, 640; 120, 1
31; 5, 620; 100, 4
31; 4, 620; 80, 4
31; 3, 620; 60, 4
31; 2, 620; 40, 4
32; 1, 640; 20, 2
33; 3, 660; 60, 1
33; 5, 660; 100, 2
35; 2, 700; 40, 1
36; 1, 720; 20, 1
33; 0, 660; 0, 2
34; 8, 680; 140, 2| move, 3.0, 680; 290, player, 680; 217; 20; 2