#misc
area, 3
checkpoint, 38; 10
checkpoint, 49; 13
checkpoint, 32; 13
chai, 586; 109
chai, 586; 149
chai, 506; 389
exit, 775; 170, 1020; 170; 2; 40, 4, decor, 1
exit, 420; 420, 430; 540; 40; 2, 2, Area3Select, 10
size, 1120, 540
spawn, 746, 209, 1
name, 3 - 9
exitP, Exit Level, Area3Select, 110
index, 34
music, 3
#blocks
36; 11, 720; 220, O
37; 11, 740; 220, O
38; 11, 760; 220, O
39; 11, 780; 220, O
40; 11, 800; 220, O
35; 11, 700; 220, O
35; 10, 700; 200, O
35; 9, 700; 180, O
35; 8, 700; 160, O
35; 7, 700; 140, O
35; 5, 700; 100, O
35; 4, 700; 80, O
35; 3, 700; 60, O
35; 2, 700; 40, O
38; 2, 760; 40, O
39; 2, 780; 40, O
40; 2, 800; 40, O
41; 2, 820; 40, O
42; 2, 840; 40, O
43; 2, 860; 40, O
44; 2, 880; 40, O
45; 2, 900; 40, O
46; 2, 920; 40, O
47; 2, 940; 40, O
48; 2, 960; 40, O
42; 11, 840; 220, O
42; 10, 840; 200, O
44; 9, 880; 180, O
44; 10, 880; 200, O
44; 11, 880; 220, O
46; 8, 920; 160, O
46; 9, 920; 180, O
46; 10, 920; 200, O
46; 11, 920; 220, O
48; 8, 960; 160, O
48; 9, 960; 180, O
48; 10, 960; 200, O
48; 11, 960; 220, O
41; 11, 820; 220, O
43; 11, 860; 220, O
45; 11, 900; 220, O
47; 11, 940; 220, O
50; 11, 1000; 220, O
50; 10, 1000; 200, O
50; 9, 1000; 180, O
50; 8, 1000; 160, O
50; 7, 1000; 140, O
50; 6, 1000; 120, O
50; 5, 1000; 100, O
50; 4, 1000; 80, O
50; 3, 1000; 60, O
50; 2, 1000; 40, O
49; 2, 980; 40, O
36; 6, 720; 120, O
37; 2, 740; 40, O
37; 1, 740; 20, O
37; 0, 740; 0, O
33; 3, 660; 60, O
33; 2, 660; 40, O
33; 1, 660; 20, O
33; 0, 660; 0, O
34; 6, 680; 120, O
33; 6, 660; 120, O
32; 6, 640; 120, O
32; 3, 640; 60, O
31; 3, 620; 60, O
30; 3, 600; 60, O
29; 3, 580; 60, O
28; 4, 560; 80, O
28; 5, 560; 100, O
28; 6, 560; 120, O
29; 6, 580; 120, O
30; 6, 600; 120, O
28; 3, 560; 60, O
50; 13, 1000; 260, O
50; 12, 1000; 240, O
50; 14, 1000; 280, O
49; 14, 980; 280, O
48; 14, 960; 280, O
47; 14, 940; 280, O
46; 14, 920; 280, O
45; 14, 900; 280, O
44; 14, 880; 280, O
43; 14, 860; 280, O
42; 14, 840; 280, O
41; 14, 820; 280, O
40; 14, 800; 280, O
39; 14, 780; 280, O
38; 14, 760; 280, O
37; 14, 740; 280, O
36; 14, 720; 280, O
35; 14, 700; 280, O
33; 11, 660; 220, O
33; 10, 660; 200, O
33; 9, 660; 180, O
32; 8, 640; 160, O
31; 8, 620; 160, O
30; 8, 600; 160, O
28; 7, 560; 140, O
29; 8, 580; 160, O
28; 8, 560; 160, O
34; 14, 680; 280, O
33; 14, 660; 280, O
34; 7, 680; 140, O
35; 6, 700; 120, O
31; 6, 620; 120, O
32; 11, 640; 220, O
32; 14, 640; 280, O
31; 11, 620; 220, O
31; 14, 620; 280, O
30; 14, 600; 280, O
30; 11, 600; 220, O
29; 14, 580; 280, O
29; 11, 580; 220, O
28; 11, 560; 220, O
26; 15, 520; 300, O
26; 16, 520; 320, O
26; 17, 520; 340, O
26; 14, 520; 280, O
26; 13, 520; 260, O
26; 12, 520; 240, O
26; 11, 520; 220, O
27; 11, 540; 220, O
29; 15, 580; 300, O
29; 16, 580; 320, O
29; 17, 580; 340, O
27; 17, 540; 340, O
29; 21, 580; 420, O
29; 20, 580; 400, O
29; 19, 580; 380, O
29; 18, 580; 360, O
25; 20, 500; 400, O
24; 20, 480; 400, O
26; 20, 520; 400, O
25; 17, 500; 340, O
24; 17, 480; 340, O
23; 20, 460; 400, O
23; 19, 460; 380, O
23; 18, 460; 360, O
23; 17, 460; 340, O
29; 22, 580; 440, O
28; 22, 560; 440, O
26; 22, 520; 440, O
25; 22, 500; 440, O
24; 22, 480; 440, O
23; 22, 460; 440, O
27; 22, 540; 440, O
22; 20, 440; 400, O
21; 20, 420; 400, O
21; 21, 420; 420, O
21; 22, 420; 440, O
21; 23, 420; 460, O
21; 24, 420; 480, O
21; 25, 420; 500, O
23; 23, 460; 460, O
23; 24, 460; 480, O
23; 25, 460; 500, O
23; 26, 460; 520, O
21; 26, 420; 520, O
30; 13, 600; 260, O| teleport, 680; 220, player, 640; 260; 20; 20
30; 12, 600; 240, O| teleport, 680; 200, player, 640; 260; 20; 20
#spikes
40; 10, 800; 200, 1
42; 9, 840; 180, 1
44; 8, 880; 160, 1
46; 7, 920; 140, 1
48; 7, 960; 140, 1
35; 1, 700; 20, 1
34; 5, 680; 100, 1
32; 4, 640; 80, 2| teleport, 640; 100; 1, player, 655; 78; 2; 44
30; 4, 600; 80, 2
36; 7, 720; 140, 2| alternate, 720; 140; 2, 740; 120; 4, 720; 100; 1, 0.3, 36; 6, 720; 120; 20; 20
41; 10, 820; 219, 2| alternate, 820; 219; 2, 860; 219; 2, 0.4, 44; 11, 880; 220; 20; 20
45; 10, 900; 219, 2| alternate, 900; 219; 2, 940; 219; 2, 0.4, 44; 11, 880; 220; 20; 20
46; 13, 920; 260, 1| move, 0.5, 900; 260, 46; 13, 939; 260; 20; 20| move, 0.5, 920; 260, 41; 13, 781; 260; 20; 20
41; 13, 820; 260, 1| move, 0.5, 800; 260, 46; 13, 939; 260; 20; 20| move, 0.5, 820; 260, 41; 13, 781; 260; 20; 20
42; 13, 840; 260, 1| move, 0.5, 860; 260, 38; 13, 741; 260; 20; 20| move, 0.5, 840; 260, 42; 13, 879; 260; 20; 20
38; 13, 760; 260, 1| move, 0.5, 780; 260, 38; 13, 741; 260; 20; 20| move, 0.5, 760; 260, 42; 13, 879; 260; 20; 20
34; 8, 680; 160, 2| alternate, 680; 160; 2, 660; 140; 2, 0.5, 34; 7, 680; 140; 20; 20
31; 7, 620; 120, 2| move, 1.0, 620; 160, player, 631; 140; 2; 20
28; 14, 560; 280, 3
27; 12, 540; 240, 2
27; 16, 540; 320, 1
28; 21, 560; 420, 3
26; 19, 520; 390, 1
24; 19, 480; 380, 1
22; 24, 430; 480, 4
22; 26, 450; 520, 3
27; 18, 540; 360, 2
26; 18, 540; 360, 2| teleport, 520; 360, player, 540; 433; 20; 8