#misc
area, 3
checkpoint, 23; 77
checkpoint, 18; 71
checkpoint, 7; 71
chai, 586; 1469
chai, 526; 1309
chai, 366; 1469
exit, 120; 1390, 0; 1355; 2; 88, 3, Area3Select, 2
size, 640, 1660
spawn, 246, 1549, 1
name, 3 - 1
exitP, Exit Level, Area3Select, 102
index, 26
music, 3
#blocks
11; 78, 220; 1560, O
12; 78, 240; 1560, O
13; 78, 260; 1560, O
10; 78, 200; 1560, O
10; 77, 200; 1540, O
10; 76, 200; 1520, O
10; 75, 200; 1500, O
14; 78, 280; 1560, O
15; 77, 300; 1540, O
15; 78, 300; 1560, O
17; 78, 340; 1560, O
18; 78, 360; 1560, O
19; 78, 380; 1560, O
20; 78, 400; 1560, O
21; 78, 420; 1560, O
19; 77, 380; 1540, O
10; 74, 200; 1480, O
11; 74, 220; 1480, O
12; 74, 240; 1480, O
13; 74, 260; 1480, O
14; 74, 280; 1480, O
15; 74, 300; 1480, O
16; 74, 320; 1480, O
18; 74, 360; 1480, O
20; 74, 400; 1480, O
21; 74, 420; 1480, O
22; 74, 440; 1480, O
16; 78, 320; 1560, O
16; 73, 320; 1460, O
16; 72, 320; 1440, O
17; 72, 340; 1440, O
18; 72, 360; 1440, O
19; 72, 380; 1440, O
22; 78, 440; 1560, O
23; 78, 460; 1560, O
24; 78, 480; 1560, O
23; 74, 460; 1480, O
24; 74, 480; 1480, O
20; 72, 400; 1440, O
20; 73, 400; 1460, O
25; 78, 500; 1560, O
26; 78, 520; 1560, O
27; 77, 540; 1540, O
28; 76, 560; 1520, O
28; 75, 560; 1500, O
28; 74, 560; 1480, O
28; 73, 560; 1460, O
28; 72, 560; 1440, O
27; 71, 540; 1420, O
26; 70, 520; 1400, O
25; 70, 500; 1400, O
24; 69, 480; 1380, O
23; 70, 460; 1400, O
22; 71, 440; 1420, O
22; 70, 440; 1400, O
22; 67, 440; 1340, O
21; 67, 420; 1340, O
20; 67, 400; 1340, O
19; 67, 380; 1340, O
18; 67, 360; 1340, O
17; 67, 340; 1340, O
16; 67, 320; 1340, O
22; 66, 440; 1320, O
24; 68, 480; 1360, O
24; 67, 480; 1340, O
24; 66, 480; 1320, O
22; 65, 440; 1300, O
22; 64, 440; 1280, O
24; 64, 480; 1280, O
25; 64, 500; 1280, O
26; 64, 520; 1280, O
25; 66, 500; 1320, O
26; 66, 520; 1320, O
27; 64, 540; 1280, O
23; 64, 460; 1280, O
28; 71, 560; 1420, O
27; 66, 540; 1320, O
28; 64, 560; 1280, O
29; 64, 580; 1280, O
30; 64, 600; 1280, O
28; 66, 560; 1320, O
28; 67, 560; 1340, O
28; 68, 560; 1360, O
28; 69, 560; 1380, O
28; 70, 560; 1400, O
30; 65, 600; 1300, O
30; 66, 600; 1320, O
30; 67, 600; 1340, O
30; 68, 600; 1360, O
30; 70, 600; 1400, O
30; 71, 600; 1420, O
30; 72, 600; 1440, O
30; 73, 600; 1460, O
30; 74, 600; 1480, O
29; 74, 580; 1480, O
31; 69, 620; 1380, O
15; 72, 300; 1440, O
14; 72, 280; 1440, O
13; 72, 260; 1440, O
12; 72, 240; 1440, O
11; 72, 220; 1440, O
10; 72, 200; 1440, O
15; 67, 300; 1340, O
14; 67, 280; 1340, O
13; 67, 260; 1340, O
12; 67, 240; 1340, O
11; 67, 220; 1340, O
0; 72, 0; 1440, O
1; 72, 20; 1440, O
2; 72, 40; 1440, O
3; 72, 60; 1440, O
4; 72, 80; 1440, O
5; 72, 100; 1440, O
6; 72, 120; 1440, O
7; 72, 140; 1440, O
8; 72, 160; 1440, O
9; 72, 180; 1440, O
10; 67, 200; 1340, O
9; 67, 180; 1340, O
8; 67, 160; 1340, O
7; 67, 140; 1340, O
6; 67, 120; 1340, O
5; 67, 100; 1340, O
4; 67, 80; 1340, O
3; 67, 60; 1340, O
2; 67, 40; 1340, O
1; 67, 20; 1340, O
0; 67, 0; 1340, O
11; 71, 220; 1420, O
11; 68, 220; 1360, O
8; 71, 160; 1420, O
8; 68, 160; 1360, O
5; 71, 80; 1420, O
5; 68, 80; 1360, O
2; 68, 20; 1360, O
1; 71, 20; 1420, O
19; 73, 380; 1480, O| teleport, 320; 1480, player, 360; 1460; 20; 20
#spikes
15; 76, 300; 1520, 1
16; 77, 320; 1540, 4
18; 77, 360; 1540, 3
19; 76, 380; 1520, 1
16; 79, 320; 1558, 1| move, 1.5, 360; 1558, 16; 79, 301; 1560; 20; 20| move, 1.5, 320; 1558, 16; 79, 379; 1560; 20; 20
21; 77, 420; 1540, 1
22; 75, 440; 1500, 2
24; 75, 480; 1500, 2
24; 73, 480; 1460, 1
26; 77, 520; 1540, 1
27; 76, 540; 1520, 3
27; 75, 540; 1500, 3
27; 74, 540; 1480, 3
27; 73, 540; 1460, 3
27; 72, 540; 1440, 3
25; 71, 500; 1420, 2
26; 71, 520; 1420, 2
24; 70, 480; 1400, 2
23; 71, 460; 1420, 2
25; 77, 500; 1540, 1
22; 72, 440; 1440, 2
21; 73, 420; 1463, 1
20; 71, 400; 1420, 1
22; 69, 440; 1380, 1
16; 71, 320; 1420, 1
21; 68, 420; 1357, 2
29; 66, 580; 1320, 4| move, 4.0, 580; 1440, 29; 66, 580; 1301; 20; 20| move, 4.0, 580; 1320, 29; 66, 580; 1459; 20; 20
19; 71, 380; 1420, 1
16; 68, 320; 1370, 1| teleport, 400; 1370, player, 360; 1360; 20; 80
16; 69, 320; 1390, 2| teleport, 400; 1390, player, 360; 1360; 20; 80
12; 68, 240; 1360, 4
12; 71, 240; 1420, 4
9; 71, 180; 1420, 4
9; 68, 180; 1360, 4
6; 71, 100; 1420, 4
6; 68, 100; 1360, 4
3; 68, 40; 1360, 4
2; 70, 20; 1400, 1
8; 69, 160; 1380, 2
5; 69, 80; 1380, 2
11; 70, 220; 1400, 1
3; 71, 60; 1420, 3
2; 71, 40; 1420, 4
0; 68, 0; 1360, 2
19; 74, 390; 1480, 3