#misc
area, 3
checkpoint, 29; 20
chai, 286; 49
chai, 546; 349
chai, 686; 569
exit, 590; 450, 760; 431; 2; 52, 4, Area3Select, 4
size, 760, 680
spawn, 466, 349, 0
name, 3 - 3
exitP, Exit Level, Area3Select, 104
index, 28
music, 3
#blocks
23; 18, 460; 360, O
22; 18, 440; 360, O
20; 16, 400; 320, O
20; 15, 400; 300, O
20; 14, 400; 280, O
20; 13, 400; 260, O
20; 12, 400; 240, O
26; 16, 520; 320, O
26; 15, 520; 300, O
26; 14, 520; 280, O
26; 13, 520; 260, O
26; 12, 520; 240, O
25; 17, 500; 340, O
21; 17, 420; 340, O
26; 11, 520; 220, O
26; 10, 520; 200, O
26; 9, 520; 180, O
26; 8, 520; 160, O
20; 11, 400; 220, O
20; 10, 400; 200, O
20; 9, 400; 180, O
20; 8, 400; 160, O
26; 7, 520; 140, O
26; 6, 520; 120, O
26; 5, 520; 100, O
26; 4, 520; 80, O
20; 7, 400; 140, O
20; 6, 400; 120, O
20; 5, 400; 100, O
23; 10, 460; 200, O
20; 4, 400; 80, O
20; 0, 400; 0, O
31; 0, 620; 0, O
31; 1, 620; 20, O
31; 2, 620; 40, O
31; 3, 620; 60, O
31; 4, 620; 80, O
31; 5, 620; 100, O
31; 6, 620; 120, O
31; 7, 620; 140, O
31; 8, 620; 160, O
31; 9, 620; 180, O
31; 10, 620; 200, O
31; 11, 620; 220, O
31; 12, 620; 240, O
31; 13, 620; 260, O
31; 14, 620; 280, O
31; 15, 620; 300, O
31; 16, 620; 320, O
31; 17, 620; 340, O
31; 18, 620; 360, O
31; 19, 620; 380, O
31; 20, 620; 400, O
23; 14, 460; 280, O
23; 6, 460; 120, O
28; 6, 560; 120, O
20; 3, 400; 60, O
19; 3, 380; 60, O
19; 0, 380; 0, O
18; 0, 360; 0, O
18; 3, 360; 60, O
17; 3, 340; 60, O
16; 3, 320; 60, O
15; 3, 300; 60, O
14; 3, 280; 60, O
14; 0, 280; 0, O
15; 0, 300; 0, O
16; 0, 320; 0, O
17; 0, 340; 0, O
13; 3, 260; 60, O
13; 1, 260; 20, O
13; 0, 260; 0, O
13; 2, 260; 40, O
29; 10, 580; 200, O
29; 15, 580; 300, O
28; 17, 560; 340, O
27; 16, 540; 320, O
29; 16, 580; 320, O
31; 21, 620; 420, O
30; 21, 600; 420, O
29; 21, 580; 420, O
28; 21, 560; 420, O
27; 21, 540; 420, O
26; 21, 520; 420, O
25; 21, 500; 420, O
24; 21, 480; 420, O
23; 21, 460; 420, O
24; 18, 480; 360, O
27; 18, 540; 360, O
21; 19, 420; 380, O
20; 20, 400; 400, O
20; 21, 400; 420, O
20; 22, 400; 440, O
22; 24, 440; 480, O
23; 24, 460; 480, O
24; 24, 480; 480, O
26; 24, 520; 480, O
27; 24, 540; 480, O
25; 24, 500; 480, B
28; 24, 560; 480, O
21; 23, 420; 460, O
29; 24, 580; 480, O
30; 24, 600; 480, O
31; 24, 620; 480, O
32; 24, 640; 480, O
33; 24, 660; 480, O
35; 24, 700; 480, O
36; 24, 720; 480, O
37; 24, 740; 480, O
32; 21, 640; 420, O
37; 21, 740; 420, O
36; 21, 720; 420, O
35; 21, 700; 420, O
34; 21, 680; 420, O
33; 21, 660; 420, O
32; 25, 640; 500, O
36; 25, 720; 500, O
32; 26, 640; 520, O
36; 26, 720; 520, O
36; 27, 720; 540, O
36; 28, 720; 560, O
32; 27, 640; 540, O
32; 28, 640; 560, O
32; 29, 640; 580, O
33; 29, 660; 580, O
34; 29, 680; 580, O
35; 29, 700; 580, O
36; 29, 720; 580, O
#spikes
21; 16, 420; 320, 4
21; 15, 420; 300, 4
21; 14, 420; 280, 4
21; 13, 420; 260, 4
21; 12, 420; 240, 4
25; 16, 500; 320, 3
25; 15, 500; 300, 3
25; 14, 500; 280, 3
25; 13, 500; 260, 3
25; 12, 500; 240, 3
24; 17, 480; 340, 1
22; 17, 440; 340, 1
21; 4, 420; 80, 4
21; 5, 420; 100, 4
21; 6, 420; 120, 4
21; 7, 420; 140, 4
21; 8, 420; 160, 4
21; 9, 420; 180, 4
21; 10, 420; 200, 4
21; 11, 420; 220, 4
25; 11, 500; 220, 3
25; 10, 500; 200, 3
25; 9, 500; 180, 3
25; 8, 500; 160, 3
25; 7, 500; 140, 3
25; 6, 500; 120, 3
25; 5, 500; 100, 3
25; 4, 500; 80, 3
26; 3, 520; 60, 1
21; 0, 420; 0, 4
30; 0, 600; 0, 3
30; 1, 600; 20, 3
30; 2, 600; 40, 3
30; 3, 600; 60, 3
30; 4, 600; 80, 3
30; 5, 600; 100, 3
30; 6, 600; 120, 3
30; 7, 600; 140, 3
30; 8, 600; 160, 3
30; 9, 600; 180, 3
30; 10, 600; 200, 3
27; 6, 540; 120, 4
27; 7, 540; 140, 4
27; 8, 540; 160, 4
27; 9, 540; 180, 4
27; 10, 540; 200, 4
27; 11, 540; 220, 4
27; 12, 540; 240, 4
27; 13, 540; 260, 4
27; 14, 540; 280, 4
30; 12, 605; 240, 3
30; 11, 600; 220, 3
28; 7, 560; 140, 2
23; 11, 460; 220, 2
23; 7, 460; 140, 2
23; 15, 460; 300, 2
21; 3, 420; 60, 4
19; 2, 380; 40, 1| move, 0.5, 360; 40, 19; 2, 399; 40; 20; 20| move, 0.5, 380; 40, 19; 2, 341; 40; 20; 20
16; 2, 320; 40, 1| move, 0.5, 340; 40, 16; 2, 301; 40; 20; 20| move, 0.5, 320; 40, 16; 2, 359; 40; 20; 20
29; 9, 580; 180, 1
29; 11, 580; 220, 2
29; 14, 580; 280, 1
28; 16, 560; 320, 1
27; 15, 540; 300, 4
30; 20, 600; 400, 1
28; 20, 560; 400, 1
30; 13, 608; 260, 3
30; 14, 612; 280, 3
30; 15, 612; 300, 3
30; 16, 612; 320, 3
30; 17, 612; 340, 3
30; 18, 612; 360, 3
30; 19, 612; 380, 3
26; 18, 520; 360, 3| teleport, 540; 420, player, 500; 475; 20; 8
24; 20, 480; 405, 1
23; 20, 460; 405, 1
24; 23, 480; 472, 3
26; 23, 520; 472, 4
24; 22, 480; 422, 2
25; 22, 500; 422, 2
26; 22, 520; 422, 2
22; 23, 440; 460, 4
35; 28, 700; 560, 1
33; 28, 660; 560, 1
34; 26, 680; 517, 1
34; 27, 680; 537, 2
27; 5, 540; 100, 4
27; 4, 540; 80, 4