#misc
area, 1
checkpoint, 23; 45
checkpoint, 23; 34
checkpoint, 31; 39
checkpoint, 41; 48
checkpoint, 38; 32
checkpoint, 39; 32
checkpoint, 42; 39
checkpoint, 62; 28
checkpoint, 100; 25
checkpoint, 132; 25
checkpoint, 100; 38
exit, 3310; 340, 3288; 0; 58; 2, 1, TransitionToHub, 1, 2
exit, 770; 760, 750; 1560; 40; 2, 2, decor, 1
size, 3580, 1560
spawn, 506, 789, 1
name, DUNGEON 1
exitP, Exit Dungeon, Area1Select, 12
index, 12
music, 1
mittens, 1, 440, 900
mittens, 2, 460, 700
mittens, 3, 840, 960
mittens, 4, 760, 620
mittens, 5, 780, 620
mittens, 6, 1200, 560
mittens, 7, 1960, 500
mittens, 8, 1980, 760
mittens, 9, 2860, 560
lockM, 2, 660, 760, G
lockM, 5, 880, 760, G
lockM, 7, 1980, 500, G
lockM, 8, 2740, 500, G
lockM, 9, 2980, 500, G
#blocks
23; 40, 460; 800, G
24; 36, 480; 720, G
25; 40, 500; 800, G
26; 40, 520; 800, G
27; 40, 540; 800, G
25; 36, 500; 720, G
26; 36, 520; 720, G
27; 36, 540; 720, G
30; 40, 600; 800, G
32; 40, 640; 800, G
31; 40, 620; 800, G
33; 39, 660; 780, G
31; 36, 620; 720, G
32; 36, 640; 720, G
33; 37, 660; 740, G
34; 40, 680; 800, G
35; 40, 700; 800, G
36; 40, 720; 800, G
34; 36, 680; 720, G
35; 36, 700; 720, G
36; 36, 720; 720, G
30; 41, 600; 820, G
30; 42, 600; 840, G
30; 43, 600; 860, G
30; 44, 600; 880, G
30; 45, 600; 900, G
30; 46, 600; 920, G
29; 46, 580; 920, G
28; 46, 560; 920, G
27; 45, 540; 900, G
27; 46, 540; 920, G
25; 46, 500; 920, G
24; 46, 480; 920, G
23; 46, 460; 920, G
23; 43, 460; 860, G
23; 42, 460; 840, G
23; 41, 460; 820, G
24; 40, 480; 800, G
22; 46, 440; 920, G
23; 44, 460; 880, G
22; 44, 440; 880, G
21; 45, 420; 900, G
26; 46, 520; 920, G
26; 47, 520; 920, G| teleport, 570; 860, player, 464; 900; 92; 20
23; 39, 460; 780, G
23; 38, 460; 760, G
23; 37, 460; 740, G
33; 40, 660; 800, G
33; 36, 660; 720, G
30; 36, 600; 720, G
30; 35, 600; 700, G
30; 34, 600; 680, G
30; 33, 600; 660, G
26; 35, 520; 700, G
26; 34, 520; 680, G
26; 33, 520; 660, G
30; 31, 600; 620, G
30; 32, 600; 640, G
23; 29, 460; 580, G
24; 29, 480; 580, G
25; 29, 500; 580, G
26; 29, 520; 580, G
27; 29, 540; 580, G
28; 29, 560; 580, G
29; 29, 580; 580, G
30; 29, 600; 580, G
30; 30, 600; 600, G
22; 36, 440; 720, G
22; 34, 440; 680, G
22; 33, 440; 660, G
22; 32, 440; 640, G
22; 31, 440; 620, G
22; 30, 440; 600, G
22; 29, 440; 580, G
24; 35, 480; 700, G
24; 34, 480; 680, G
24; 33, 480; 660, G
41; 40, 820; 800, G
42; 40, 840; 800, G
41; 36, 820; 720, G
42; 36, 840; 720, G
43; 40, 860; 800, G
44; 40, 880; 800, G
43; 36, 860; 720, G
44; 36, 880; 720, G
45; 40, 900; 800, G
46; 40, 920; 800, G
45; 36, 900; 720, G
46; 36, 920; 720, G
44; 39, 880; 780, G
44; 37, 880; 740, G
47; 40, 940; 800, G
36; 41, 720; 820, G
36; 42, 720; 840, G
36; 43, 720; 860, G
36; 44, 720; 880, G
36; 45, 720; 900, G
41; 41, 820; 820, G
41; 42, 820; 840, G
41; 43, 820; 860, G
41; 44, 820; 880, G
41; 45, 820; 900, G
36; 46, 720; 920, G
36; 47, 720; 940, G
36; 48, 720; 960, G
41; 46, 820; 920, G
41; 47, 820; 940, G
36; 49, 720; 980, G
37; 49, 740; 980, G| teleport, 740; 1060, player, 826; 960; 8; 20
38; 49, 760; 980, G| teleport, 760; 1060, player, 826; 960; 8; 20
39; 49, 780; 980, G| teleport, 780; 1060, player, 826; 960; 8; 20
40; 49, 800; 980, G| teleport, 800; 1060, player, 826; 960; 8; 20
41; 49, 820; 980, G
36; 50, 720; 1000, G
36; 51, 720; 1020, G
36; 52, 720; 1040, G
36; 53, 720; 1060, G
37; 53, 740; 1060, G| move, 2.0, 740; 800, player, 740; 1058; 80; 2| teleport, 740; 800, player, 761; 640; 38; 20
38; 53, 760; 1060, G| move, 2.0, 760; 800, player, 740; 1058; 80; 2| teleport, 760; 800, player, 761; 640; 38; 20
39; 53, 780; 1060, G| move, 2.0, 780; 800, player, 740; 1058; 80; 2| teleport, 780; 800, player, 761; 640; 38; 20
40; 53, 800; 1060, G| move, 2.0, 800; 800, player, 740; 1058; 80; 2| teleport, 800; 800, player, 761; 640; 38; 20
41; 53, 820; 1060, G
41; 52, 820; 1040, G
41; 51, 820; 1020, G
41; 50, 820; 1000, G
42; 49, 840; 980, G
42; 47, 840; 940, G
43; 48, 860; 960, G
35; 35, 700; 700, G
42; 35, 840; 700, G
35; 34, 700; 680, G
35; 33, 700; 660, G
35; 32, 700; 640, G
42; 34, 840; 680, G
42; 33, 840; 660, G
42; 32, 840; 640, G
35; 31, 700; 620, G
35; 30, 700; 600, G
36; 29, 720; 580, G
37; 29, 740; 580, G
38; 29, 760; 580, G
39; 29, 780; 580, G
40; 29, 800; 580, G
42; 31, 840; 620, G
41; 29, 820; 580, G
42; 30, 840; 600, G
37; 31, 740; 620, G
37; 32, 740; 640, G
40; 32, 800; 640, G
40; 31, 800; 620, G
37; 33, 740; 660, G
38; 33, 760; 660, G
39; 33, 780; 660, G
40; 33, 800; 660, G
35; 29, 700; 580, G
42; 29, 840; 580, G
48; 39, 960; 780, G
49; 38, 980; 760, G
47; 35, 940; 700, G
48; 34, 960; 680, G
49; 33, 980; 660, G
50; 32, 1000; 640, G
51; 36, 1020; 720, G
52; 35, 1040; 700, G
54; 33, 1080; 660, G
51; 31, 1020; 620, G
52; 30, 1040; 600, G
53; 29, 1060; 580, G
54; 28, 1080; 560, G
55; 27, 1100; 540, G
51; 37, 1020; 740, G
50; 38, 1000; 760, G
51; 38, 1020; 760, G
53; 34, 1060; 680, G
57; 30, 1140; 600, G
56; 26, 1120; 520, G
57; 25, 1140; 500, G
58; 29, 1160; 580, G
58; 24, 1160; 480, G
56; 31, 1120; 620, G
55; 33, 1100; 660, G
56; 33, 1120; 660, G
56; 32, 1120; 640, G
59; 29, 1180; 580, G
60; 29, 1200; 580, G
61; 29, 1220; 580, G
59; 24, 1180; 480, G
60; 24, 1200; 480, G
61; 24, 1220; 480, G
62; 29, 1240; 580, G
63; 29, 1260; 580, G
65; 29, 1300; 580, G
67; 29, 1340; 580, G
68; 29, 1360; 580, G
69; 29, 1380; 580, G
70; 29, 1400; 580, G
71; 29, 1420; 580, G
72; 29, 1440; 580, G
62; 24, 1240; 480, G
63; 24, 1260; 480, G
65; 24, 1300; 480, G
67; 24, 1340; 480, G
68; 24, 1360; 480, G
69; 24, 1380; 480, G
70; 24, 1400; 480, G
71; 24, 1420; 480, G
72; 24, 1440; 480, G
73; 24, 1460; 480, G
73; 29, 1460; 580, G
74; 29, 1480; 580, G
75; 29, 1500; 580, G
76; 29, 1520; 580, G
77; 29, 1540; 580, G
78; 29, 1560; 580, G
79; 29, 1580; 580, G
80; 29, 1600; 580, G
81; 29, 1620; 580, G
82; 29, 1640; 580, G
83; 29, 1660; 580, G
84; 29, 1680; 580, G
85; 29, 1700; 580, G
86; 29, 1720; 580, G
87; 29, 1740; 580, G
88; 29, 1760; 580, G
89; 29, 1780; 580, G
90; 29, 1800; 580, G
91; 29, 1820; 580, G
74; 24, 1480; 480, G
75; 24, 1500; 480, G
76; 24, 1520; 480, G
77; 24, 1540; 480, G
78; 24, 1560; 480, G
90; 24, 1800; 480, G
89; 24, 1780; 480, G
88; 24, 1760; 480, G
87; 24, 1740; 480, G
86; 24, 1720; 480, G
85; 24, 1700; 480, G
84; 24, 1680; 480, G
83; 24, 1660; 480, G
82; 24, 1640; 480, G
81; 24, 1620; 480, G
80; 24, 1600; 480, G
79; 24, 1580; 480, G
91; 24, 1820; 480, G
64; 29, 1280; 580, R
66; 29, 1320; 580, R
64; 24, 1280; 480, R
66; 24, 1320; 480, R
90; 28, 1800; 560, G
92; 29, 1840; 580, G
92; 24, 1840; 480, G
93; 24, 1860; 480, G
94; 24, 1880; 480, G
95; 24, 1900; 480, G
96; 24, 1920; 480, G
93; 29, 1860; 580, G
93; 30, 1860; 600, G
93; 31, 1860; 620, G
93; 32, 1860; 640, G
93; 33, 1860; 660, G
97; 24, 1940; 480, G
98; 24, 1960; 480, G
98; 26, 1960; 520, G
98; 27, 1960; 540, G
98; 28, 1960; 560, G
98; 29, 1960; 580, G
98; 30, 1960; 600, G
98; 31, 1960; 620, G
98; 32, 1960; 640, G
98; 33, 1960; 660, G
93; 34, 1860; 680, G
93; 35, 1860; 700, G
93; 36, 1860; 720, G
93; 37, 1860; 740, G
93; 38, 1860; 760, G
93; 39, 1860; 780, G
93; 40, 1860; 800, G
98; 34, 1960; 680, G
98; 35, 1960; 700, G
98; 36, 1960; 720, G
98; 37, 1960; 740, G
98; 38, 1960; 760, G
98; 39, 1960; 780, G
98; 40, 1960; 800, G
98; 41, 1960; 820, G
93; 41, 1860; 820, G
93; 42, 1860; 840, G
93; 43, 1860; 860, G
93; 44, 1860; 880, G
93; 45, 1860; 900, G
93; 46, 1860; 920, G
93; 47, 1860; 940, G
98; 42, 1960; 840, G
98; 43, 1960; 860, G
98; 44, 1960; 880, G
98; 45, 1960; 900, G
98; 46, 1960; 920, G
98; 47, 1960; 940, G
93; 48, 1860; 960, G
93; 49, 1860; 980, G
95; 49, 1900; 980, G
96; 49, 1920; 980, G
97; 49, 1940; 980, G
98; 49, 1960; 980, G
98; 48, 1960; 960, G
94; 49, 1880; 980, G
99; 26, 1980; 520, G
99; 24, 1980; 480, G
100; 26, 2000; 520, G
101; 26, 2020; 520, G
99; 23, 1980; 460, G
100; 22, 2000; 440, G
101; 21, 2020; 420, G
102; 20, 2040; 400, G
104; 19, 2080; 380, G
103; 19, 2060; 380, G
107; 26, 2140; 520, G
113; 26, 2260; 520, G
119; 26, 2380; 520, G
125; 26, 2500; 520, G
105; 19, 2100; 380, G
106; 19, 2120; 380, G
107; 19, 2140; 380, G
108; 19, 2160; 380, G
109; 19, 2180; 380, G
110; 19, 2200; 380, G
111; 19, 2220; 380, G
112; 19, 2240; 380, G
113; 19, 2260; 380, G
114; 19, 2280; 380, G
115; 19, 2300; 380, G
116; 19, 2320; 380, G
117; 19, 2340; 380, G
118; 19, 2360; 380, G
119; 19, 2380; 380, G
120; 19, 2400; 380, G
121; 19, 2420; 380, G
122; 19, 2440; 380, G
123; 19, 2460; 380, G
124; 19, 2480; 380, G
125; 19, 2500; 380, G
131; 26, 2620; 520, G
132; 26, 2640; 520, G
134; 26, 2680; 520, G| move, 1.0, 2680; 560, player, 2687; 518; 26; 2| move, 1.0, 2000; 561, 135; 26, 2700; 579; 20; 20| teleport, 3180; 3560, 70; 72, 2661; 570; 98; 80
133; 26, 2660; 520, G
128; 19, 2560; 380, G
127; 19, 2540; 380, G
126; 19, 2520; 380, G
132; 22, 2640; 440, G
131; 21, 2620; 420, G
130; 20, 2600; 400, G
129; 19, 2580; 380, G
133; 23, 2660; 460, G
133; 24, 2660; 480, G
134; 24, 2680; 480, G
135; 26, 2700; 520, G| move, 1.0, 2700; 560, player, 2687; 518; 26; 2| move, 1.0, 2020; 561, 135; 26, 2700; 579; 20; 20| teleport, 3200; 3560, 70; 72, 2661; 570; 98; 80
137; 26, 2740; 520, G
135; 24, 2700; 480, G
137; 24, 2740; 480, G
136; 26, 2720; 520, G| move, 1.0, 2720; 560, player, 2687; 518; 26; 2| move, 1.0, 2040; 561, 135; 26, 2700; 579; 20; 20| teleport, 3220; 3560, 70; 72, 2661; 570; 98; 80
136; 24, 2720; 480, G
100; 29, 2000; 581, G
100; 30, 2000; 601, G
100; 31, 2000; 621, G
100; 32, 2000; 641, G
100; 33, 2000; 661, G
100; 34, 2000; 681, G
100; 35, 2000; 701, G
100; 36, 2000; 721, G
99; 39, 1980; 780, G
100; 39, 2000; 780, G
101; 39, 2020; 780, G
102; 39, 2040; 780, G
106; 39, 2120; 780, G
107; 39, 2140; 780, G
105; 39, 2100; 780, G
111; 39, 2220; 780, G| move, 3.0, 2220; 860, player, 2225; 778; 10; 2| move, 6.0, 2700; 880, 111; 39, 2220; 879; 20; 20
101; 35, 2020; 701, G
102; 35, 2040; 701, G
103; 35, 2060; 701, G
104; 35, 2080; 701, G
105; 35, 2100; 701, G
106; 35, 2120; 701, G
107; 35, 2140; 701, G
108; 35, 2160; 701, G
109; 35, 2180; 701, G
110; 35, 2200; 701, G
111; 35, 2220; 701, G
112; 35, 2240; 701, G
113; 35, 2260; 701, G
114; 35, 2280; 701, G
102; 45, 2040; 900, G
100; 45, 2000; 900, G
101; 45, 2020; 900, G
103; 45, 2060; 900, G
104; 45, 2080; 900, G
105; 45, 2100; 900, G
106; 45, 2120; 900, G
107; 45, 2140; 900, G
108; 45, 2160; 900, G
110; 45, 2200; 900, G
111; 45, 2220; 900, G
99; 45, 1980; 900, G
109; 45, 2180; 900, G
112; 45, 2240; 900, G
113; 45, 2260; 900, G
114; 45, 2280; 900, G
115; 45, 2300; 900, G
116; 45, 2320; 900, G
117; 45, 2340; 900, G
118; 45, 2360; 900, G
119; 45, 2380; 900, G
120; 45, 2400; 900, G
121; 45, 2420; 900, G
122; 45, 2440; 900, G
123; 45, 2460; 900, G
124; 45, 2480; 900, G
125; 45, 2500; 900, G
126; 45, 2520; 900, G
127; 45, 2540; 900, G
128; 45, 2560; 900, G
129; 45, 2580; 900, G
130; 45, 2600; 900, G
131; 45, 2620; 900, G
132; 45, 2640; 900, G
133; 45, 2660; 900, G
134; 45, 2680; 900, G
135; 45, 2700; 900, G
136; 45, 2720; 900, G
137; 45, 2740; 900, G
138; 45, 2760; 900, G
139; 45, 2780; 900, G
140; 45, 2800; 900, G
141; 45, 2820; 900, G
142; 45, 2840; 900, G
143; 45, 2860; 900, G
144; 45, 2880; 900, G
70; 67, 1400; 1340, G| teleport, 2700; 600, 111; 39, 2220; 880; 20; 20
70; 72, 1400; 1440, G| teleport, 2700; 700, 111; 39, 2220; 880; 20; 20| teleport, 2680; 600, player, 2703; 598; 14; 2
70; 77, 1400; 1540, G| teleport, 2700; 800, 111; 39, 2220; 880; 20; 20| teleport, 2720; 600, player, 2703; 598; 14; 2
138; 26, 2760; 520, G
138; 24, 2760; 480, G
139; 27, 2780; 540, G
140; 28, 2800; 560, G
141; 29, 2820; 580, G
142; 29, 2840; 580, G
143; 29, 2860; 580, G
145; 29, 2900; 580, G
144; 29, 2880; 580, G
139; 23, 2780; 460, G
140; 22, 2800; 440, G
145; 21, 2900; 420, G
143; 21, 2860; 420, G
142; 21, 2840; 420, G
141; 21, 2820; 420, G
144; 21, 2880; 420, G
145; 45, 2900; 900, G
146; 28, 2920; 560, G
147; 27, 2940; 540, G
146; 22, 2920; 440, G
147; 23, 2940; 460, G
148; 26, 2960; 520, G
148; 24, 2960; 480, G
149; 26, 2980; 520, G
150; 26, 3000; 520, G
151; 26, 3020; 520, G
152; 26, 3040; 520, G
153; 26, 3060; 520, G
154; 26, 3080; 520, G
149; 24, 2980; 480, G
150; 24, 3000; 480, G
151; 24, 3020; 480, G
152; 24, 3040; 480, G
146; 45, 2920; 900, G
151; 45, 3020; 900, G
152; 45, 3040; 900, G
153; 45, 3060; 900, G
154; 45, 3080; 900, G
147; 45, 2940; 900, G
148; 45, 2960; 900, G
149; 45, 2980; 900, G
150; 45, 3000; 900, G
155; 26, 3100; 520, G
156; 25, 3120; 500, G
157; 24, 3140; 480, G
153; 23, 3060; 460, G
154; 22, 3080; 440, G
155; 21, 3100; 420, G
156; 20, 3120; 400, G
158; 23, 3160; 460, G
157; 19, 3140; 380, G
158; 18, 3160; 360, G
159; 22, 3180; 440, G
159; 17, 3180; 340, G
160; 21, 3200; 420, G
161; 21, 3220; 420, G
164; 21, 3280; 420, G
167; 21, 3340; 420, G
168; 21, 3360; 420, G
169; 21, 3380; 420, G
170; 21, 3400; 420, G
171; 21, 3420; 420, G
162; 21, 3240; 420, G
163; 21, 3260; 420, G
171; 20, 3420; 400, G
171; 18, 3420; 360, G
171; 17, 3420; 340, G
171; 16, 3420; 320, G
171; 15, 3420; 300, G
171; 14, 3420; 280, G
171; 19, 3420; 380, G
160; 16, 3200; 320, G
160; 15, 3200; 300, G
160; 14, 3200; 280, G
160; 13, 3200; 260, G
171; 13, 3420; 260, G
164; 0, 3280; 0, G
167; 0, 3340; 0, G
164; 1, 3280; 20, G
164; 2, 3280; 40, G
167; 1, 3340; 20, G
167; 2, 3340; 40, G
163; 3, 3260; 60, G
163; 4, 3260; 80, G
168; 3, 3360; 60, G
168; 4, 3360; 80, G
163; 5, 3260; 100, G
168; 5, 3360; 100, G
169; 6, 3380; 120, G
169; 7, 3380; 140, G
162; 6, 3240; 120, G
162; 7, 3240; 140, G
162; 8, 3240; 160, G
161; 9, 3220; 180, G
161; 10, 3220; 200, G
161; 11, 3220; 220, G
170; 9, 3400; 180, G
170; 10, 3400; 200, G
170; 11, 3400; 220, G
171; 12, 3420; 240, G
160; 12, 3200; 240, G
169; 8, 3380; 160, G
155; 45, 3100; 900, G
158; 45, 3160; 900, G
160; 45, 3200; 900, G
162; 45, 3240; 900, G
163; 45, 3260; 900, G
165; 45, 3300; 900, G
166; 45, 3320; 900, G
168; 45, 3360; 900, G
167; 45, 3340; 900, G
164; 45, 3280; 900, G
161; 45, 3220; 900, G
159; 45, 3180; 900, G
157; 45, 3140; 900, G
156; 45, 3120; 900, G
169; 45, 3380; 900, G
171; 45, 3420; 900, G
170; 45, 3400; 900, G
172; 45, 3440; 900, G
174; 45, 3480; 900, G
176; 45, 3520; 900, G
178; 45, 3560; 900, G
177; 45, 3540; 900, G
175; 45, 3500; 900, G
173; 45, 3460; 900, G
165; 21, 3300; 420, B, X| front| move, 7.0, 3300; 0, player, 3307; 418; 26; 2| teleport, 3300; 420, 166; 21, 3319; 0; 20; 2
166; 21, 3320; 420, B, X| front| move, 7.0, 3320; 0, player, 3307; 418; 26; 2| teleport, 3320; 420, 166; 21, 3319; 0; 20; 2
165; 22, 3300; 420, G
166; 22, 3320; 420, G
23; 36, 460; 720, G
22; 35, 440; 700, G
#spikes
29; 45, 580; 900, 1
28; 45, 560; 900, 1
27; 44, 540; 885, 1
27; 41, 540; 820, 2
26; 32, 520; 640, 1
24; 32, 480; 640, 1
37; 40, 740; 800, 4
37; 36, 740; 720, 4
40; 40, 800; 800, 3
40; 36, 800; 720, 3
38; 43, 760; 860, 1
39; 43, 780; 860, 1
38; 44, 760; 880, 2
39; 44, 780; 880, 2
40; 51, 800; 1020, 3
37; 51, 740; 1020, 4
38; 52, 770; 1053, 1
58; 27, 1160; 540, 3| move, 1.5, 940; 760, 58; 28, 1160; 560; 20; 20| teleport, 1160; 540, 58; 28, 921; 780; 20; 20| teleport, 1180; 540; 4, player, 1280; 495; 20; 92| move, 2.0, 1860; 540, player, 1320; 496; 20; 86| front
58; 28, 1160; 560, 3| move, 1.5, 940; 780, 58; 28, 1160; 560; 20; 20| teleport, 1160; 560, 58; 28, 921; 780; 20; 20| teleport, 1180; 560; 4, player, 1280; 495; 20; 92| move, 2.0, 1860; 560, player, 1320; 496; 20; 86| front
58; 26, 1160; 520, 3| move, 1.5, 940; 740, 58; 28, 1160; 560; 20; 20| teleport, 1160; 520, 58; 28, 921; 780; 20; 20| teleport, 1180; 520; 4, player, 1280; 495; 20; 92| move, 2.0, 1860; 520, player, 1320; 496; 20; 86| front
58; 25, 1160; 500, 3| move, 1.5, 940; 720, 58; 28, 1160; 560; 20; 20| teleport, 1160; 500, 58; 28, 921; 780; 20; 20| teleport, 1180; 500; 4, player, 1280; 495; 20; 92| move, 2.0, 1860; 500, player, 1320; 496; 20; 86| front
69; 28, 1380; 560, 1
74; 28, 1480; 560, 1
78; 28, 1560; 560, 1
79; 28, 1580; 560, 1
83; 28, 1660; 560, 1
84; 28, 1680; 560, 1
85; 28, 1700; 560, 1
90; 27, 1800; 540, 1
89; 28, 1780; 560, 1
91; 28, 1820; 560, 1
94; 48, 1880; 960, 1
95; 48, 1900; 960, 1
96; 48, 1920; 960, 1
97; 48, 1940; 960, 1
97; 26, 1955; 520, 1
113; 0, 2260; 0, 1| teleport, 2140; 500, 135; 26, 2700; 560; 20; 20
113; 2, 2260; 40, 2| teleport, 2140; 540, 135; 26, 2700; 560; 20; 20
114; 1, 2280; 20, 4| teleport, 2160; 520, 135; 26, 2700; 560; 20; 20
112; 1, 2240; 20, 3| teleport, 2120; 520, 135; 26, 2700; 560; 20; 20
119; 2, 2380; 40, 2| teleport, 2260; 540, 135; 26, 2700; 560; 20; 20
120; 1, 2400; 20, 4| teleport, 2280; 520, 135; 26, 2700; 560; 20; 20
119; 0, 2380; 0, 1| teleport, 2260; 500, 135; 26, 2700; 560; 20; 20
118; 1, 2360; 20, 3| teleport, 2240; 520, 135; 26, 2700; 560; 20; 20
124; 1, 2480; 20, 3| teleport, 2360; 520, 135; 26, 2700; 560; 20; 20
125; 2, 2500; 40, 2| teleport, 2380; 540, 135; 26, 2700; 560; 20; 20
126; 1, 2520; 20, 4| teleport, 2400; 520, 135; 26, 2700; 560; 20; 20
125; 0, 2500; 0, 1| teleport, 2380; 500, 135; 26, 2700; 560; 20; 20
130; 1, 2600; 20, 3| teleport, 2480; 520, 135; 26, 2700; 560; 20; 20
132; 1, 2640; 20, 4| teleport, 2520; 520, 135; 26, 2700; 560; 20; 20
131; 2, 2620; 40, 2| teleport, 2500; 540, 135; 26, 2700; 560; 20; 20
131; 0, 2620; 0, 1| teleport, 2500; 500, 135; 26, 2700; 560; 20; 20
101; 27, 2020; 525, 2
100; 27, 2000; 525, 2
99; 27, 1980; 525, 2
99; 29, 1980; 581, 3| teleport, 2660; -20, 135; 26, 2700; 560; 20; 20
101; 36, 2020; 721, 2
103; 36, 2060; 721, 2
104; 36, 2080; 721, 2
105; 36, 2100; 721, 2
102; 36, 2040; 721, 2
106; 36, 2120; 721, 2
107; 36, 2140; 721, 2
108; 36, 2160; 721, 2
109; 36, 2180; 721, 2
110; 36, 2200; 721, 2
111; 36, 2220; 721, 2
112; 36, 2240; 721, 2
101; 34, 2020; 681, 1
102; 34, 2040; 681, 1
103; 34, 2060; 681, 1
104; 34, 2080; 681, 1
105; 34, 2100; 681, 1
106; 34, 2120; 681, 1
107; 34, 2140; 681, 1
108; 34, 2160; 681, 1
109; 34, 2180; 681, 1
110; 34, 2200; 681, 1
111; 34, 2220; 681, 1
112; 34, 2240; 681, 1
113; 36, 2260; 721, 2
114; 36, 2280; 721, 2
113; 34, 2260; 681, 1
114; 34, 2280; 681, 1
99; 44, 1980; 880, 1
100; 44, 2000; 880, 1
101; 44, 2020; 880, 1
102; 44, 2040; 880, 1
103; 44, 2060; 880, 1
104; 44, 2080; 880, 1
105; 44, 2100; 880, 1
106; 44, 2120; 880, 1
107; 44, 2140; 880, 1
108; 44, 2160; 880, 1
109; 44, 2180; 880, 1
110; 44, 2200; 880, 1
111; 44, 2220; 880, 1
112; 44, 2240; 880, 1
113; 44, 2260; 880, 1
114; 44, 2280; 880, 1
115; 44, 2300; 880, 1
116; 44, 2320; 880, 1
117; 44, 2340; 880, 1
118; 44, 2360; 880, 1
119; 44, 2380; 880, 1
120; 44, 2400; 880, 1
121; 44, 2420; 880, 1
122; 44, 2440; 880, 1
123; 44, 2460; 880, 1
124; 44, 2480; 880, 1
125; 44, 2500; 880, 1
126; 44, 2520; 880, 1
133; 44, 2660; 880, 1
130; 44, 2600; 880, 1
129; 44, 2580; 880, 1
127; 44, 2540; 880, 1
128; 44, 2560; 880, 1
131; 44, 2620; 880, 1
132; 44, 2640; 880, 1
134; 44, 2680; 880, 1
135; 44, 2700; 880, 1
136; 44, 2720; 880, 1
137; 44, 2740; 880, 1
138; 44, 2760; 880, 1
139; 44, 2780; 880, 1
140; 44, 2800; 880, 1
141; 44, 2820; 880, 1
143; 44, 2860; 880, 1
144; 44, 2880; 880, 1
142; 44, 2840; 880, 1
145; 44, 2900; 880, 1
146; 44, 2920; 880, 1
152; 44, 3040; 880, 1
154; 44, 3080; 880, 1
153; 44, 3060; 880, 1
151; 44, 3020; 880, 1
150; 44, 3000; 880, 1
149; 44, 2980; 880, 1
148; 44, 2960; 880, 1
147; 44, 2940; 880, 1
164; 3, 3280; 60, 2
167; 3, 3340; 60, 2
168; 6, 3360; 120, 2
169; 9, 3380; 180, 2
163; 6, 3260; 120, 2
162; 9, 3240; 180, 2
170; 12, 3400; 240, 2
161; 12, 3220; 240, 2
171; 11, 3420; 220, 1
160; 11, 3200; 220, 1
170; 8, 3400; 160, 1
161; 8, 3220; 160, 1
169; 5, 3380; 100, 1
162; 5, 3240; 100, 1
168; 2, 3360; 40, 1
163; 2, 3260; 40, 1
155; 44, 3100; 880, 1
156; 44, 3120; 880, 1
163; 44, 3260; 880, 1
166; 44, 3320; 880, 1
168; 44, 3360; 880, 1
167; 44, 3340; 880, 1
165; 44, 3300; 880, 1
164; 44, 3280; 880, 1
162; 44, 3240; 880, 1
161; 44, 3220; 880, 1
160; 44, 3200; 880, 1
159; 44, 3180; 880, 1
158; 44, 3160; 880, 1
157; 44, 3140; 880, 1
171; 44, 3420; 880, 1
169; 44, 3380; 880, 1
170; 44, 3400; 880, 1
172; 44, 3440; 880, 1
173; 44, 3460; 880, 1
174; 44, 3480; 880, 1
175; 44, 3500; 880, 1
176; 44, 3520; 880, 1
177; 44, 3540; 880, 1
178; 44, 3560; 880, 1
36; 30, 720; 582, 1
37; 30, 740; 582, 1
38; 30, 760; 582, 1
39; 30, 780; 582, 1
40; 30, 800; 582, 1
41; 30, 820; 582, 1