#misc
area, 1
checkpoint, 78; 74
checkpoint, 79; 85
checkpoint, 89; 77
checkpoint, 45; 77
checkpoint, 36; 106
checkpoint, 42; 79
checkpoint, 60; 79
checkpoint, 21; 106
checkpoint, 13; 100
key, 1360, 1440
key, 1840, 1800
key, 1420, 1600
key, 860, 1540
key, 40, 2120
exit, 75; 2080, 0; 2036; 2; 106, 3, Area1Select, 1
exit, 75; 1960, 0; 1879; 2; 148, 3, Area1Select, 1
exit, 1880; 1380, 1960; 1367; 2; 142, 4, MainHub, 2
size, 1960, 2260
spawn, 1906, 1489, 0
name, Area 1
exitP, To Area Select, MainHub, 2
index, 1
music, 1
#blocks
94; 75, 1880; 1500, G
95; 75, 1900; 1500, G
96; 75, 1920; 1500, G
95; 68, 1900; 1360, G
96; 68, 1920; 1360, G
97; 68, 1940; 1360, G
97; 75, 1940; 1500, G
93; 75, 1860; 1500, G
92; 75, 1840; 1500, G
91; 75, 1820; 1500, G
90; 75, 1800; 1500, G
93; 69, 1860; 1380, G
92; 69, 1840; 1380, G
90; 70, 1800; 1400, G
89; 70, 1780; 1400, G
94; 69, 1880; 1380, G
91; 70, 1820; 1400, G
89; 75, 1780; 1500, G
88; 75, 1760; 1500, G
87; 75, 1740; 1500, G
86; 75, 1720; 1500, G
85; 75, 1700; 1500, G
88; 70, 1760; 1400, G
87; 69, 1740; 1380, G
81; 70, 1620; 1400, G
80; 70, 1600; 1400, G
86; 68, 1720; 1360, G
84; 68, 1680; 1360, G
87; 68, 1740; 1360, G
83; 68, 1660; 1360, G
85; 69, 1700; 1380, G
85; 68, 1700; 1360, G
84; 75, 1680; 1500, G
82; 75, 1640; 1500, G
83; 75, 1660; 1500, G
82; 69, 1640; 1380, G
82; 68, 1640; 1360, G
84; 69, 1680; 1380, G
81; 75, 1620; 1500, G
80; 75, 1600; 1500, G
79; 75, 1580; 1500, G
78; 75, 1560; 1500, G
77; 75, 1540; 1500, G
76; 75, 1520; 1500, G
79; 70, 1580; 1400, G
78; 70, 1560; 1400, G
77; 70, 1540; 1400, G
76; 70, 1520; 1400, G
72; 73, 1440; 1460, G
72; 74, 1440; 1480, G
72; 75, 1440; 1500, G
72; 76, 1440; 1520, G
72; 77, 1440; 1540, G
72; 78, 1440; 1560, G
72; 79, 1440; 1580, G
72; 80, 1440; 1600, G
72; 81, 1440; 1620, G
72; 82, 1440; 1640, G
71; 73, 1420; 1460, G
70; 73, 1400; 1460, G
69; 73, 1380; 1460, G
68; 73, 1360; 1460, G
67; 73, 1340; 1460, G
66; 72, 1320; 1440, G
66; 71, 1320; 1420, G
66; 70, 1320; 1400, G
66; 69, 1320; 1380, G
66; 68, 1320; 1360, G
66; 67, 1320; 1340, G
66; 66, 1320; 1320, G
68; 65, 1360; 1300, G
69; 65, 1380; 1300, G
70; 65, 1400; 1300, G
71; 65, 1420; 1300, G
72; 65, 1440; 1300, G
73; 65, 1460; 1300, G
74; 65, 1480; 1300, G
75; 65, 1500; 1300, G
76; 65, 1520; 1300, G
77; 65, 1540; 1300, G
78; 66, 1560; 1320, G
78; 67, 1560; 1340, G
78; 68, 1560; 1360, G
78; 69, 1560; 1380, G
67; 65, 1340; 1300, G
75; 76, 1500; 1520, G| move, 1.0, 1500; 1600, player, 1480; 1454; 20; 92
74; 77, 1480; 1540, G| move, 1.0, 1480; 1620, player, 1480; 1454; 20; 92
73; 78, 1460; 1560, G| move, 1.0, 1460; 1640, player, 1480; 1454; 20; 92
73; 73, 1460; 1460, G| move, 1.0, 1460; 1540, player, 1480; 1454; 20; 92
74; 72, 1480; 1440, G| move, 1.0, 1480; 1520, player, 1480; 1454; 20; 92
75; 71, 1500; 1420, G| move, 0.5, 1480; 1520, player, 1402; 1316; 56; 146| move, 1.0, 1500; 1500, 74; 73, 1480; 1480; 20; 20
76; 80, 1520; 1600, G
77; 80, 1540; 1600, G
78; 80, 1560; 1600, G
79; 80, 1580; 1600, G
80; 80, 1600; 1600, G
81; 80, 1620; 1600, G
82; 80, 1640; 1600, G
83; 80, 1660; 1600, G
87; 77, 1740; 1540, G
87; 78, 1740; 1560, G
87; 79, 1740; 1580, G
87; 80, 1740; 1600, G
87; 81, 1740; 1620, G
85; 86, 1700; 1720, G
84; 86, 1680; 1720, G
83; 86, 1660; 1720, G
85; 84, 1700; 1680, G
85; 85, 1700; 1700, G
86; 83, 1720; 1660, G
86; 82, 1720; 1640, G
86; 84, 1720; 1680, G
87; 82, 1740; 1640, G
82; 86, 1640; 1720, G
81; 86, 1620; 1720, G| move, 0.5, 1600; 1720, player, 1680; 1729; 20; 74
80; 86, 1600; 1720, G
79; 86, 1580; 1720, G
78; 86, 1560; 1720, G
77; 86, 1540; 1720, G
72; 83, 1440; 1660, G
73; 83, 1460; 1660, G
74; 82, 1480; 1640, G
75; 81, 1500; 1620, G
76; 87, 1520; 1740, G
75; 87, 1500; 1740, G
74; 87, 1480; 1740, G
73; 87, 1460; 1740, G
72; 87, 1440; 1740, G
71; 87, 1420; 1740, G
88; 78, 1760; 1560, G
89; 78, 1780; 1560, G
89; 79, 1780; 1580, G
89; 80, 1780; 1600, G
89; 81, 1780; 1620, G
89; 82, 1780; 1640, G
89; 83, 1780; 1660, G
89; 84, 1780; 1680, G
92; 76, 1840; 1520, G
92; 77, 1840; 1540, G
92; 78, 1840; 1560, G
92; 79, 1840; 1580, G
92; 80, 1840; 1600, G
92; 81, 1840; 1620, G
92; 82, 1840; 1640, G
92; 83, 1840; 1660, G
92; 84, 1840; 1680, G
92; 85, 1840; 1700, G
89; 85, 1780; 1700, G
88; 86, 1760; 1720, G
88; 91, 1760; 1820, G
89; 91, 1780; 1820, G
90; 91, 1800; 1820, G
91; 91, 1820; 1820, G
92; 91, 1840; 1820, G
93; 91, 1860; 1820, G
93; 86, 1860; 1720, G
94; 87, 1880; 1740, G
94; 88, 1880; 1760, G
94; 89, 1880; 1780, G
94; 90, 1880; 1800, G
87; 90, 1740; 1800, G
86; 90, 1720; 1800, G
85; 90, 1700; 1800, G
84; 90, 1680; 1800, G
80; 87, 1600; 1740, G
80; 88, 1600; 1760, G
80; 89, 1600; 1780, G
81; 90, 1620; 1800, G
82; 90, 1640; 1800, G
83; 90, 1660; 1800, G
80; 90, 1600; 1800, G
87; 86, 1740; 1720, G
86; 86, 1720; 1720, G
70; 87, 1400; 1740, G
69; 87, 1380; 1740, G
68; 87, 1360; 1740, G
67; 87, 1340; 1740, G
66; 87, 1320; 1740, G
65; 87, 1300; 1740, G
64; 87, 1280; 1740, G
71; 81, 1420; 1620, G
70; 81, 1400; 1620, G
68; 81, 1360; 1620, G
66; 81, 1320; 1623, G
65; 82, 1300; 1646, G
64; 83, 1280; 1669, G
63; 87, 1260; 1740, G
62; 87, 1240; 1740, G
62; 86, 1240; 1720, G
62; 85, 1240; 1700, G
62; 84, 1240; 1680, G
67; 80, 1340; 1600, G
69; 80, 1380; 1600, G
62; 83, 1240; 1660, G
62; 82, 1240; 1640, G
62; 81, 1240; 1620, G
68; 76, 1360; 1520, G
69; 75, 1380; 1500, G
67; 75, 1340; 1500, G
62; 80, 1240; 1600, G
61; 80, 1220; 1600, G
60; 80, 1200; 1600, G
59; 80, 1180; 1600, G
58; 80, 1160; 1600, G
65; 73, 1300; 1460, G
64; 74, 1280; 1480, G
63; 75, 1260; 1500, G
62; 75, 1240; 1500, G
61; 75, 1220; 1500, G
60; 75, 1200; 1500, G
59; 75, 1180; 1500, G
58; 75, 1160; 1500, G
57; 80, 1140; 1600, G
56; 80, 1120; 1600, G
55; 80, 1100; 1600, G
57; 75, 1140; 1500, G
56; 75, 1120; 1500, G
54; 75, 1080; 1500, G
57; 78, 1140; 1560, G
56; 78, 1120; 1560, G
55; 78, 1100; 1560, G
54; 78, 1080; 1560, G
53; 78, 1060; 1560, G
54; 80, 1080; 1600, G
53; 80, 1060; 1600, G
52; 80, 1040; 1600, G
51; 80, 1020; 1600, G
55; 75, 1100; 1500, G
53; 75, 1060; 1500, G
52; 75, 1040; 1500, G
52; 78, 1040; 1560, G
51; 78, 1020; 1560, G
51; 75, 1020; 1500, G
50; 75, 1000; 1500, G
49; 75, 980; 1500, G
48; 75, 960; 1500, G
50; 78, 1000; 1560, G
49; 78, 980; 1560, G
48; 78, 960; 1560, G
47; 78, 940; 1560, G
50; 80, 1000; 1600, G
49; 80, 980; 1600, G
48; 80, 960; 1600, G
47; 80, 940; 1600, G
47; 75, 940; 1500, G
46; 75, 920; 1500, G
46; 78, 920; 1560, G
45; 78, 900; 1560, G
46; 80, 920; 1600, G
45; 80, 900; 1600, G
45; 75, 900; 1500, G
44; 75, 880; 1500, G
43; 75, 860; 1500, G
44; 78, 880; 1560, G
43; 78, 860; 1560, G
43; 80, 860; 1600, G
44; 80, 880; 1600, G
42; 75, 840; 1500, G
42; 76, 840; 1520, G
42; 77, 840; 1540, G
42; 78, 840; 1560, G
42; 80, 840; 1600, G
41; 75, 820; 1500, G
40; 76, 800; 1520, G
39; 77, 780; 1540, G
39; 78, 780; 1560, G
39; 79, 780; 1580, G
39; 80, 780; 1600, G
39; 81, 780; 1620, G
39; 82, 780; 1640, G
39; 83, 780; 1660, G
39; 84, 780; 1680, G
42; 81, 840; 1620, G
42; 82, 840; 1640, G
42; 83, 840; 1660, G
42; 84, 840; 1680, G
39; 85, 780; 1700, G
39; 86, 780; 1720, G
39; 94, 780; 1880, G
39; 93, 780; 1860, G
39; 92, 780; 1840, G
39; 91, 780; 1820, G
39; 90, 780; 1800, G
39; 89, 780; 1780, G
39; 88, 780; 1760, G
39; 87, 780; 1740, G
42; 85, 840; 1700, G
42; 86, 840; 1720, G
42; 87, 840; 1740, G
42; 89, 840; 1780, G
42; 90, 840; 1800, G
42; 91, 840; 1820, G
42; 92, 840; 1840, G
42; 93, 840; 1860, G
42; 94, 840; 1880, G
42; 88, 840; 1760, G
42; 104, 840; 2080, G
42; 103, 840; 2060, G
42; 102, 840; 2040, G
42; 101, 840; 2020, G
42; 100, 840; 2000, G
42; 99, 840; 1980, G
42; 98, 840; 1960, G
42; 97, 840; 1940, G
42; 96, 840; 1920, G
42; 95, 840; 1900, G
39; 100, 780; 2000, G
39; 101, 780; 2020, G
39; 102, 780; 2040, G
39; 103, 780; 2060, G
39; 104, 780; 2080, G
39; 99, 780; 1980, G
39; 98, 780; 1960, G
39; 97, 780; 1940, G
39; 96, 780; 1920, G
39; 95, 780; 1900, G
42; 105, 840; 2100, G
42; 106, 840; 2120, G
42; 107, 840; 2140, G
41; 107, 820; 2140, G
40; 107, 800; 2140, G
39; 107, 780; 2140, G
38; 107, 760; 2140, G
37; 107, 740; 2140, G
36; 107, 720; 2140, G
35; 107, 700; 2140, G
34; 107, 680; 2140, G
33; 107, 660; 2140, G
32; 107, 640; 2140, G
31; 107, 620; 2140, G
30; 107, 600; 2140, G
29; 107, 580; 2140, G
28; 107, 560; 2140, G
27; 107, 540; 2140, G
26; 107, 520; 2140, G
25; 107, 500; 2140, G
24; 107, 480; 2140, G
23; 107, 460; 2140, G
22; 107, 440; 2140, G
21; 107, 420; 2140, G
20; 107, 400; 2140, G
33; 105, 660; 2100, G
32; 104, 640; 2080, G
31; 103, 620; 2060, G
30; 102, 600; 2040, G
29; 101, 580; 2020, G
28; 101, 560; 2020, G
27; 101, 540; 2020, G
26; 101, 520; 2020, G
25; 101, 500; 2020, G
24; 101, 480; 2020, G
23; 101, 460; 2020, G
22; 101, 440; 2020, G
21; 101, 420; 2020, G
29; 102, 580; 2040, G
27; 106, 540; 2120, G
27; 104, 540; 2080, G
27; 105, 540; 2100, G
18; 107, 360; 2140, G| move, 1.0, 180; 2140, player, 322; 2136; 56; 20| front
17; 107, 340; 2140, G| move, 1.0, 160; 2140, player, 322; 2136; 56; 20| front
16; 107, 320; 2140, G| move, 1.0, 140; 2140, player, 322; 2136; 56; 20| front
6; 107, 120; 2140, G
20; 101, 400; 2020, G
19; 101, 380; 2020, G
18; 101, 360; 2020, G
13; 101, 260; 2020, G
12; 101, 240; 2020, G
11; 101, 220; 2020, G
14; 101, 280; 2020, G
15; 101, 300; 2020, G
16; 101, 320; 2020, G
17; 101, 340; 2020, G
14; 102, 280; 2040, G
13; 106, 260; 2120, G
14; 107, 280; 2140, G
15; 106, 300; 2120, G
13; 107, 260; 2140, G
15; 107, 300; 2140, G
10; 101, 200; 2020, G
9; 101, 180; 2020, G
8; 101, 160; 2020, G
7; 101, 140; 2020, G
6; 101, 120; 2020, G
5; 101, 100; 2020, G
4; 101, 80; 2020, G
3; 101, 60; 2020, G
2; 101, 40; 2020, G
1; 101, 20; 2020, G
0; 101, 0; 2020, G
5; 107, 100; 2140, G
3; 107, 60; 2140, G
2; 107, 40; 2140, G
1; 107, 20; 2140, G
0; 107, 0; 2140, G
4; 107, 80; 2140, G
67; 81, 1340; 1620, G
69; 81, 1380; 1620, G
19; 107, 380; 2140, G
#spikes
87; 70, 1740; 1400, 2
86; 69, 1720; 1380, 2
85; 70, 1700; 1400, 2
84; 70, 1680; 1400, 2
82; 70, 1640; 1400, 2
83; 69, 1660; 1380, 2
81; 71, 1620; 1420, 2
80; 71, 1600; 1420, 2
79; 71, 1580; 1420, 2| move, 4.4, 1580; 1500, player, 1583; 1426; 20; 80
78; 71, 1560; 1420, 2
77; 71, 1540; 1420, 2
76; 71, 1520; 1420, 2
74; 73, 1480; 1460, 2| move, 1.0, 1480; 1540, player, 1480; 1454; 20; 92
73; 74, 1460; 1480, 2| move, 1.0, 1460; 1560, player, 1480; 1454; 20; 92
75; 72, 1500; 1440, 2| move, 0.5, 1480; 1540, player, 1402; 1316; 56; 146| move, 1.0, 1500; 1520, 74; 73, 1480; 1480; 20; 20
83; 74, 1660; 1480, 1
86; 74, 1720; 1480, 1
82; 85, 1640; 1700, 1
83; 85, 1660; 1700, 1
84; 85, 1680; 1700, 1
86; 81, 1720; 1620, 1
85; 83, 1700; 1660, 1
80; 81, 1600; 1620, 2
79; 81, 1580; 1620, 2
78; 81, 1560; 1620, 2
77; 81, 1540; 1620, 2
76; 81, 1520; 1620, 2
75; 82, 1500; 1640, 2
74; 83, 1480; 1660, 2
73; 84, 1460; 1680, 2
72; 84, 1440; 1680, 2
91; 79, 1820; 1580, 3
90; 81, 1800; 1620, 4
91; 84, 1820; 1680, 3
85; 76, 1700; 1510, 2
66; 82, 1320; 1643, 2
65; 83, 1300; 1666, 2
64; 84, 1280; 1689, 2
68; 80, 1360; 1610, 1
69; 79, 1380; 1580, 1
67; 79, 1340; 1580, 1
68; 77, 1360; 1550, 2
69; 76, 1380; 1530, 2
67; 76, 1340; 1530, 2
68; 75, 1360; 1500, 1
67; 74, 1340; 1480, 1
69; 74, 1380; 1480, 1
57; 76, 1140; 1520, 2
56; 76, 1120; 1520, 2
55; 76, 1100; 1520, 2
54; 77, 1080; 1547, 1
53; 77, 1060; 1547, 1
51; 76, 1020; 1520, 2
50; 77, 997; 1540, 1
49; 76, 974; 1520, 2
48; 77, 951; 1540, 1
40; 77, 800; 1540, 2
41; 76, 820; 1520, 2
41; 84, 820; 1680, 3
40; 91, 800; 1820, 4
40; 97, 800; 1940, 4
41; 102, 820; 2040, 3
29; 106, 580; 2120, 1
28; 105, 560; 2100, 2
28; 104, 560; 2080, 1
29; 103, 580; 2060, 2
26; 106, 520; 2120, 1
23; 106, 460; 2120, 1
22; 106, 440; 2120, 1
24; 104, 480; 2080, 2
25; 104, 500; 2080, 2
24; 103, 480; 2060, 1
25; 103, 500; 2060, 1
15; 105, 300; 2103, 1
14; 106, 280; 2130, 1
13; 105, 260; 2103, 1
14; 104, 280; 2068, 2
13; 103, 260; 2048, 2
15; 103, 300; 2048, 2
19; 104, 380; 2080, 2
19; 103, 380; 2060, 1
19; 106, 380; 2120, 2
19; 105, 380; 2100, 1
11; 106, 224; 2105, 4
9; 106, 184; 2105, 3
10; 107, 204; 2125, 2
10; 105, 204; 2085, 1
25; 100, 500; 2000, 1
26; 100, 520; 2000, 1
21; 100, 420; 2000, 1
23; 100, 460; 2000, 1
22; 100, 440; 2000, 1
19; 100, 380; 2000, 1
17; 100, 340; 2000, 1
16; 100, 320; 2000, 1
15; 100, 300; 2000, 1
12; 99, 240; 1960, 2
12; 98, 240; 1940, 1
10; 100, 200; 2000, 1
10; 97, 200; 1920, 2
10; 96, 200; 1900, 1
9; 98, 180; 1940, 2
9; 97, 180; 1920, 1
7; 100, 140; 2000, 2| move, 5.0, -163; 2000, player, 77; 1928; 20; 104
7; 99, 140; 1980, 1| move, 5.0, -163; 1980, player, 77; 1928; 20; 104
67; 82, 1340; 1640, 2
68; 82, 1360; 1640, 2
69; 82, 1380; 1640, 2
70; 82, 1400; 1640, 2
71; 82, 1420; 1640, 2
70; 86, 1400; 1730, 1
68; 86, 1360; 1730, 1
66; 86, 1320; 1730, 1
7; 103, 142; 2044, 1
7; 105, 142; 2084, 2
8; 104, 162; 2064, 4
6; 104, 122; 2064, 3