#misc
area, 1
exit, 1180; 460, 1170; 0; 40; 2, 1, decor, 1
exit, 1100; 460, 1090; 0; 40; 2, 1, decor, 1
exit, 1020; 460, 1010; 0; 40; 2, 1, decor, 1
exit, 940; 460, 930; 0; 40; 2, 1, decor, 1
exit, 860; 460, 850; 0; 40; 2, 1, decor, 1
exit, 780; 460, 770; 0; 40; 2, 1, decor, 1
exit, 700; 460, 690; 0; 40; 2, 1, decor, 1
exit, 620; 460, 610; 0; 40; 2, 1, decor, 1
exit, 540; 460, 530; 0; 40; 2, 1, decor, 1
exit, 460; 460, 450; 0; 40; 2, 1, decor, 1
exit, 240; 560, 0; 550; 2; 40, 3, Area1Dungeon, 1
exit, 1360; 420, 1420; 430; 2; 100, 4, MainHub, 2
size, 1420, 580
spawn, 1366, 509, 0
spawn, 1186, 509, 0
spawn, 1106, 509, 0
spawn, 1026, 509, 0
spawn, 946, 509, 0
spawn, 866, 509, 0
spawn, 786, 509, 0
spawn, 706, 509, 0
spawn, 626, 509, 0
spawn, 546, 509, 0
spawn, 466, 509, 0
spawn, 366, 509, 0
special, 2
name, Level Select
exitP, To Area Select, MainHub, 2
music, 1
#blocks
21; 26, 420; 520, G
15; 26, 300; 520, G
14; 26, 280; 520, G
7; 29, 140; 580, G
6; 29, 120; 580, G
5; 29, 100; 580, G
4; 29, 80; 580, G
3; 29, 60; 580, G
2; 29, 40; 580, G
1; 29, 20; 580, G
0; 29, 0; 580, G
2; 27, 40; 540, G
1; 27, 20; 540, G
0; 27, 0; 540, G
11; 29, 220; 580, G
13; 27, 260; 540, G
8; 29, 160; 580, G
9; 29, 180; 580, G
10; 29, 200; 580, G
3; 27, 60; 540, G
4; 27, 80; 540, G
5; 27, 100; 540, G
6; 27, 120; 540, G
7; 27, 140; 540, G
8; 27, 160; 540, G
9; 27, 180; 540, G
10; 27, 200; 540, G
11; 26, 220; 520, G
12; 25, 240; 500, G
13; 24, 260; 480, G
14; 23, 280; 460, G
15; 22, 300; 440, G
16; 21, 320; 420, G
17; 21, 340; 420, G
18; 21, 360; 420, G
19; 21, 380; 420, G
20; 21, 400; 420, G
21; 21, 420; 420, G
22; 21, 440; 420, G| largeNudge
23; 21, 460; 420, G| largeNudge
21; 22, 420; 440, G
21; 23, 420; 460, G
24; 21, 480; 420, G| largeNudge
25; 21, 500; 420, G
25; 22, 500; 440, G
25; 23, 500; 460, G
26; 21, 520; 420, G| largeNudge
27; 21, 540; 420, G| largeNudge
28; 21, 560; 420, G| largeNudge
29; 21, 580; 420, G
29; 23, 580; 460, G
29; 22, 580; 440, G
16; 22, 320; 440, G
17; 23, 340; 460, G
18; 24, 360; 480, G
19; 25, 380; 500, G
20; 26, 400; 520, G
22; 22, 440; 440, G
23; 23, 460; 460, G
24; 24, 480; 480, G
25; 25, 500; 500, G
30; 21, 600; 420, G| largeNudge
31; 21, 620; 420, G| largeNudge
32; 21, 640; 420, G| largeNudge
33; 21, 660; 420, G
34; 21, 680; 420, G| largeNudge
35; 21, 700; 420, G| largeNudge
36; 21, 720; 420, G| largeNudge
37; 21, 740; 420, G
38; 21, 760; 420, G| largeNudge
39; 21, 780; 420, G| largeNudge
40; 21, 800; 420, G| largeNudge
41; 21, 820; 420, G
42; 21, 840; 420, G| largeNudge
33; 22, 660; 440, G
33; 23, 660; 460, G
37; 22, 740; 440, G
37; 23, 740; 460, G
41; 22, 820; 440, G
41; 23, 820; 460, G
26; 22, 520; 440, G
27; 23, 540; 460, G
28; 24, 560; 480, G
29; 25, 580; 500, G
30; 22, 600; 440, G
31; 23, 620; 460, G
32; 24, 640; 480, G
33; 25, 660; 500, G
34; 22, 680; 440, G
35; 23, 700; 460, G
36; 24, 720; 480, G
37; 25, 740; 500, G
38; 22, 760; 440, G
39; 23, 780; 460, G
40; 24, 800; 480, G
41; 25, 820; 500, G
43; 21, 860; 420, G| largeNudge
44; 21, 880; 420, G| largeNudge
45; 21, 900; 420, G
46; 21, 920; 420, G| largeNudge
47; 21, 940; 420, G| largeNudge
48; 21, 960; 420, G| largeNudge
49; 21, 980; 420, G
50; 21, 1000; 420, G| largeNudge
51; 21, 1020; 420, G| largeNudge
52; 21, 1040; 420, G| largeNudge
53; 21, 1060; 420, G
54; 21, 1080; 420, G| largeNudge
55; 21, 1100; 420, G| largeNudge
56; 21, 1120; 420, G| largeNudge
45; 22, 900; 440, G
45; 23, 900; 460, G
49; 22, 980; 440, G
49; 23, 980; 460, G
53; 22, 1060; 440, G
53; 23, 1060; 460, G
57; 21, 1140; 420, G
57; 22, 1140; 440, G
57; 23, 1140; 460, G
58; 21, 1160; 420, G| largeNudge
59; 21, 1180; 420, G| largeNudge
60; 21, 1200; 420, G| largeNudge
61; 22, 1220; 440, G
61; 23, 1220; 460, G
42; 22, 840; 440, G
43; 23, 860; 460, G
44; 24, 880; 480, G
45; 25, 900; 500, G
46; 22, 920; 440, G
47; 23, 940; 460, G
48; 24, 960; 480, G
49; 25, 980; 500, G
50; 22, 1000; 440, G
51; 23, 1020; 460, G
52; 24, 1040; 480, G
53; 25, 1060; 500, G
54; 22, 1080; 440, G
56; 24, 1120; 480, G
57; 25, 1140; 500, G
58; 22, 1160; 440, G
59; 23, 1180; 460, G
60; 24, 1200; 480, G
61; 25, 1220; 500, G
62; 26, 1240; 520, G
63; 26, 1260; 520, G
64; 26, 1280; 520, G
65; 26, 1300; 520, G
66; 26, 1320; 520, G
61; 21, 1220; 420, G
62; 21, 1240; 420, G
63; 21, 1260; 420, G
64; 21, 1280; 420, G
65; 21, 1300; 420, G
66; 21, 1320; 420, G
67; 21, 1340; 420, G
67; 26, 1340; 520, G
68; 26, 1360; 520, G
69; 26, 1380; 520, G
68; 21, 1360; 420, G
69; 21, 1380; 420, G
70; 21, 1400; 420, G
70; 26, 1400; 520, G
55; 23, 1100; 460, G
12; 28, 240; 560, G
#spikes
10; 30, 200; 600, 2| teleport, 200; 560; 1, player, 170; 560; 20; 20
9; 30, 180; 600, 2
8; 30, 160; 600, 2| teleport, 160; 560; 1, player, 130; 560; 20; 20
7; 30, 140; 600, 2
6; 30, 120; 600, 2| teleport, 120; 560; 1, player, 90; 560; 20; 20
5; 30, 100; 600, 2
4; 30, 80; 600, 2| teleport, 80; 560; 1, player, 50; 560; 20; 20
3; 30, 60; 600, 2
2; 30, 40; 600, 2| teleport, 40; 560; 1, player, 11; 560; 20; 20
1; 30, 20; 600, 2
0; 30, 0; 600, 2| teleport, 0; 560; 1, player, -30; 560; 20; 20
0; 26, 0; 520, 1
1; 26, 20; 520, 1| teleport, 20; 560; 2, player, -10; 560; 20; 20
2; 26, 40; 520, 1
3; 26, 60; 520, 1| teleport, 60; 560; 2, player, 30; 560; 20; 20
4; 26, 80; 520, 1
5; 26, 100; 520, 1| teleport, 100; 560; 2, player, 70; 560; 20; 20
10; 26, 200; 520, 1
9; 26, 180; 520, 1| teleport, 180; 560; 2, player, 150; 560; 20; 20
8; 26, 160; 520, 1
7; 26, 140; 520, 1| teleport, 140; 560; 2, player, 110; 560; 20; 20
6; 26, 120; 520, 1