#misc
area, 1
checkpoint, 53; 33
checkpoint, 64; 29
checkpoint, 70; 36
chai, 1486; 589
chai, 1506; 589
chai, 1426; 729
exit, 1280; 480, 1270; 0; 40; 2, 1, Area1Select, 9
exit, 1280; 640, 1270; 0; 40; 2, 1, decor, 1
size, 1680, 860
spawn, 846, 669, 1
name, 1 - 8
lock, 3, 1380, 680, G
exitP, Exit Level, Area1Select, 109
index, 9
music, 1
#blocks
38; 34, 760; 680, G
39; 34, 780; 680, G
40; 34, 800; 680, G
36; 32, 720; 640, G
36; 31, 720; 620, G
37; 30, 740; 600, G
38; 30, 760; 600, G
39; 30, 780; 600, G
40; 30, 800; 600, G
41; 34, 820; 680, G
42; 34, 840; 680, G
43; 34, 860; 680, G
44; 34, 880; 680, G
45; 34, 900; 680, G
41; 30, 820; 600, G
42; 30, 840; 600, G
43; 30, 860; 600, G
44; 30, 880; 600, G
45; 30, 900; 600, G
36; 33, 720; 660, G
46; 34, 920; 680, G
47; 34, 940; 680, G
48; 34, 960; 680, G
49; 34, 980; 680, G
46; 30, 920; 600, G
47; 30, 940; 600, G
48; 30, 960; 600, G
49; 30, 980; 600, G
47; 31, 930; 620, G
50; 34, 1000; 680, G
51; 34, 1020; 680, G
52; 34, 1040; 680, G
50; 30, 1000; 600, G
51; 30, 1020; 600, G
52; 30, 1040; 600, G
53; 30, 1060; 600, G
54; 34, 1080; 680, G
55; 34, 1100; 680, G
56; 34, 1120; 680, G
57; 34, 1140; 680, G
59; 34, 1180; 680, G
58; 34, 1160; 680, G
54; 30, 1080; 600, G
55; 30, 1100; 600, G
56; 30, 1120; 600, G
57; 30, 1140; 600, G
58; 30, 1160; 600, G
59; 30, 1180; 600, G
53; 34, 1060; 680, G
57; 33, 1140; 665, G
60; 34, 1200; 680, G
60; 30, 1200; 600, G
62; 34, 1240; 680, G
61; 34, 1220; 680, G
61; 30, 1220; 600, G
62; 30, 1240; 600, G
60; 33, 1200; 665, G
63; 34, 1260; 680, G
64; 34, 1280; 680, G| move, 7.0, 1280; 560, player, 1280; 580; 20; 20| move, 2.0, 1280; 0, 64; 34, 1280; 560; 20; 20| teleport, 1280; 600, player, 1305; 500; 8; 20| teleport, 1280; 600, player, 1266; 500; 8; 20| front
65; 34, 1300; 680, G
66; 34, 1320; 680, G
67; 34, 1340; 680, G
68; 34, 1360; 680, G
63; 30, 1260; 600, G
65; 30, 1300; 600, G
63; 29, 1260; 580, G
63; 28, 1260; 560, G
65; 29, 1300; 580, G
65; 28, 1300; 560, G
65; 27, 1300; 540, G
65; 26, 1300; 520, G
63; 27, 1260; 540, G
63; 26, 1260; 520, G
62; 25, 1250; 500, G
66; 25, 1310; 500, G
66; 24, 1310; 480, G
66; 23, 1310; 460, G
66; 22, 1310; 440, G
66; 21, 1310; 420, G
62; 24, 1250; 480, G
62; 23, 1250; 460, G
62; 22, 1250; 440, G
62; 21, 1250; 420, G
62; 20, 1250; 400, G
66; 17, 1310; 340, G
66; 16, 1310; 320, G
66; 15, 1310; 300, G
66; 14, 1310; 280, G
66; 13, 1310; 260, G
62; 19, 1250; 380, G
62; 18, 1250; 360, G
62; 17, 1250; 340, G
62; 16, 1250; 320, G
62; 15, 1250; 300, G
62; 14, 1250; 280, G
62; 13, 1250; 260, G
62; 12, 1250; 240, G
62; 11, 1250; 220, G
62; 10, 1250; 200, G
62; 9, 1250; 180, G
62; 8, 1250; 160, G
62; 7, 1250; 140, G
62; 6, 1250; 120, G
66; 12, 1310; 240, G
66; 11, 1310; 220, G
66; 10, 1310; 200, G
66; 9, 1310; 180, G
66; 8, 1310; 160, G
66; 7, 1310; 140, G
66; 6, 1310; 120, G
66; 5, 1310; 100, G
66; 4, 1310; 80, G
66; 3, 1310; 60, G
66; 2, 1310; 40, G
66; 1, 1310; 20, G
66; 0, 1310; 0, G
62; 5, 1250; 100, G
62; 4, 1250; 80, G
62; 3, 1250; 60, G
62; 2, 1250; 40, G
62; 1, 1250; 20, G
62; 0, 1250; 0, G
66; 30, 1320; 600, G
67; 30, 1340; 600, G
68; 30, 1360; 600, G
69; 30, 1380; 600, G
70; 34, 1400; 680, G
71; 34, 1420; 680, G
70; 30, 1400; 600, G
71; 30, 1420; 600, G
72; 34, 1440; 680, G
73; 34, 1460; 680, G
73; 30, 1460; 600, G
74; 30, 1480; 600, G
75; 30, 1500; 600, G
76; 29, 1520; 580, G
76; 28, 1520; 560, G
76; 27, 1520; 540, G
75; 26, 1500; 520, G
74; 26, 1480; 520, G
73; 26, 1460; 520, G
72; 26, 1440; 520, G
71; 27, 1420; 540, G
71; 28, 1420; 560, G
71; 29, 1420; 580, G
66; 20, 1310; 400, G
66; 19, 1310; 380, G
66; 18, 1310; 360, G
64; 35, 1280; 680, G| front
37; 34, 740; 680, G
68; 35, 1360; 700, G
68; 36, 1360; 720, G
69; 37, 1380; 740, G
70; 37, 1400; 740, G
71; 37, 1420; 740, G
72; 36, 1440; 720, G
72; 35, 1440; 700, G
73; 33, 1460; 660, G
73; 32, 1460; 640, G
73; 31, 1460; 620, G
#spikes
45; 33, 900; 660, 1
48; 33, 960; 660, 1
49; 33, 980; 660, 1
47; 32, 930; 640, 2
57; 32, 1140; 645, 1
56; 33, 1120; 660, 1
55; 33, 1100; 660, 1
58; 31, 1170; 620, 2
60; 32, 1200; 645, 1
68; 33, 1360; 660, 2
68; 32, 1360; 640, 1
67; 33, 1349; 660, 1
69; 31, 1385; 620, 2
70; 33, 1405; 660, 1
71; 31, 1420; 620, 2
73; 29, 1460; 580, 1| alternate, 1460; 580; 1, 1440; 600; 3, 0.8, 73; 29, 1460; 580; 20; 20
63; 22, 1270; 440, 4
63; 19, 1270; 380, 4
65; 15, 1290; 300, 3
63; 12, 1270; 240, 4
65; 8, 1290; 160, 3
65; 4, 1290; 80, 3| teleport, 1270; 80; 4, 64; 34, 1280; 106; 20; 20
69; 36, 1380; 720, 1
37; 33, 740; 660, 4| move, 1.0, 1480; 660, player, 840; 660; 20; 20| move, 1.0, 1480; 660, player, 1080; 622; 20; 56| move, 1.0, 1460; 660, player, 1280; 620; 20; 20| teleport, 1000; 660, player, 1069; 660; 2; 20| teleport, 1220; 660, player, 1280; 580; 20; 20| teleport, 2080; 600, 37; 32, 1459; 640; 20; 20| front
37; 32, 740; 640, 4| move, 1.0, 1480; 640, player, 840; 660; 20; 20| move, 1.0, 1480; 640, player, 1080; 622; 20; 56| move, 1.0, 1460; 640, player, 1280; 620; 20; 20| teleport, 1000; 640, player, 1069; 660; 2; 20| teleport, 1220; 640, player, 1280; 580; 20; 20| teleport, 2080; 580, 37; 32, 1459; 640; 20; 20| front
37; 31, 740; 620, 4| move, 1.0, 1480; 620, player, 840; 660; 20; 20| move, 1.0, 1480; 620, player, 1080; 622; 20; 56| move, 1.0, 1460; 620, player, 1280; 620; 20; 20| teleport, 1000; 620, player, 1069; 660; 2; 20| teleport, 1220; 620, player, 1280; 580; 20; 20| teleport, 2080; 560, 37; 32, 1459; 640; 20; 20| front