#misc
area, 1
checkpoint, 38; 1
checkpoint, 15; 36
checkpoint, 34; 21
chai, 726; 29
chai, 706; 29
chai, 626; 729
exit, 520; 180, 580; 170; 2; 40, 4, decor, 1
exit, 400; 680, 0; 670; 2; 40, 3, decor, 1
exit, 100; 680, 0; 587; 2; 106, 3, Area1Select, 4
size, 840, 840
spawn, 426, 189, 1
name, 1 - 3
exitP, Exit Level, Area1Select, 104
index, 4
music, 1
#blocks
18; 10, 360; 200, G
19; 10, 380; 200, G
20; 10, 400; 200, G
21; 10, 420; 200, G
22; 10, 440; 200, G
23; 10, 460; 200, G
24; 10, 480; 200, G
28; 10, 560; 200, G
24; 11, 480; 220, G
24; 12, 480; 240, G
24; 13, 480; 260, G
25; 13, 500; 260, G
26; 13, 520; 260, G
27; 13, 540; 260, G
28; 13, 560; 260, G
28; 12, 560; 240, G
28; 11, 560; 220, G
18; 11, 360; 220, G
18; 12, 360; 240, G
18; 13, 360; 260, G
17; 13, 340; 260, G
16; 13, 320; 260, G
15; 13, 300; 260, G
14; 13, 280; 260, G
14; 12, 280; 240, G
14; 11, 280; 220, G
14; 10, 280; 200, G
13; 10, 260; 200, G
12; 10, 240; 200, G
12; 7, 240; 140, G| move, 1.0, 560; 140, player, 244; 138; 14; 2
11; 10, 220; 200, G
10; 10, 200; 200, G
10; 9, 200; 180, G
10; 8, 200; 160, G
10; 7, 200; 140, G
10; 6, 200; 120, G
10; 5, 200; 100, G
10; 4, 200; 80, G
11; 4, 220; 80, G
11; 3, 220; 60, G
11; 2, 220; 40, G
11; 1, 220; 20, G
11; 0, 220; 0, G
12; 0, 240; 0, G
29; 0, 580; 0, G
28; 1, 560; 20, G
28; 0, 560; 0, G
27; 0, 540; 0, G
26; 0, 520; 0, G
25; 0, 500; 0, G
23; 1, 460; 20, G
24; 1, 480; 20, G
24; 0, 480; 0, G
23; 0, 460; 0, G
22; 0, 440; 0, G
21; 0, 420; 0, G
20; 0, 400; 0, G
19; 0, 380; 0, G
18; 1, 360; 20, G
19; 1, 380; 20, G
18; 0, 360; 0, G
17; 0, 340; 0, G
16; 0, 320; 0, G
15; 0, 300; 0, G
14; 0, 280; 0, G
13; 0, 260; 0, G
12; 1, 240; 20, G
13; 1, 260; 20, G
14; 1, 280; 20, G
29; 6, 580; 120, G
30; 5, 600; 100, G
31; 4, 620; 80, G
32; 3, 640; 60, G
33; 2, 660; 40, G
38; 2, 760; 40, G
34; 2, 680; 40, G
37; 2, 740; 40, G
36; 2, 720; 40, G
35; 2, 700; 40, G
29; 10, 580; 200, G
30; 10, 600; 200, G
31; 10, 620; 200, G
32; 10, 640; 200, G
32; 11, 640; 220, G
32; 12, 640; 240, G
33; 12, 660; 240, G
33; 13, 660; 260, G
33; 14, 660; 280, G
34; 14, 680; 280, G
34; 15, 680; 300, G
34; 16, 680; 320, G
34; 17, 680; 340, G
35; 17, 700; 340, G
30; 6, 600; 120, G
31; 6, 620; 120, G
32; 6, 640; 120, G
33; 6, 660; 120, G
34; 7, 680; 140, G
34; 6, 680; 120, G
34; 5, 680; 100, G
34; 4, 680; 80, G
34; 3, 680; 60, G
34; 8, 680; 160, G
33; 5, 660; 100, G
32; 5, 640; 100, G
33; 3, 660; 60, G
33; 4, 660; 80, G
31; 5, 620; 100, G
32; 4, 640; 80, G
35; 3, 700; 60, G
35; 4, 700; 80, G
35; 5, 700; 100, G
35; 6, 700; 120, G
35; 7, 700; 140, G
35; 8, 700; 160, G
35; 9, 700; 180, G
35; 10, 700; 200, G
37; 17, 740; 340, G
38; 17, 760; 340, G
38; 16, 760; 320, G
38; 15, 760; 300, G
38; 14, 760; 280, G
39; 14, 780; 280, G
39; 13, 780; 260, G
39; 12, 780; 240, G
40; 12, 800; 240, G
40; 11, 800; 220, G
40; 10, 800; 200, G
36; 10, 720; 200, G
36; 8, 720; 160, G
36; 9, 720; 180, G
37; 10, 740; 200, G
37; 9, 740; 180, G
37; 8, 740; 160, G
37; 7, 740; 140, G
36; 7, 720; 140, G
36; 6, 720; 120, G
36; 5, 720; 100, G
38; 7, 760; 140, G
37; 6, 740; 120, G
38; 6, 760; 120, G
39; 6, 780; 120, G
38; 8, 760; 160, G
39; 5, 780; 100, G
38; 3, 760; 60, G
37; 3, 740; 60, G
36; 3, 720; 60, G
36; 4, 720; 80, G
37; 5, 740; 100, G
38; 5, 760; 100, G
37; 4, 740; 80, G
38; 4, 760; 80, G
39; 4, 780; 80, G
36; 11, 720; 220, G
36; 12, 720; 240, G
41; 10, 820; 200, G
41; 9, 820; 180, G
41; 8, 820; 160, G
41; 7, 820; 140, G
41; 6, 820; 120, G
41; 5, 820; 100, G
41; 4, 820; 80, G
41; 3, 820; 60, G
41; 2, 820; 40, G
41; 1, 820; 20, G
41; 0, 820; 0, G
40; 0, 800; 0, G
33; 7, 660; 140, G
32; 7, 640; 140, G
31; 7, 620; 140, G
30; 7, 600; 140, G
35; 18, 700; 360, G
37; 18, 740; 360, G
32; 22, 640; 440, G
33; 22, 660; 440, G
34; 22, 680; 440, G
35; 22, 700; 440, G
37; 20, 740; 400, G
37; 19, 740; 380, G
36; 22, 720; 440, G
37; 22, 740; 440, G
37; 21, 740; 420, G
31; 22, 620; 440, G
30; 22, 600; 440, G
27; 22, 540; 440, G
26; 22, 520; 440, G
25; 22, 500; 440, G
22; 22, 440; 440, G
21; 22, 420; 440, G
28; 22, 560; 440, R
18; 22, 360; 440, R
20; 22, 400; 440, G
19; 22, 380; 440, G| move, 7.0, 380; 180, player, 410; 265; 20; 158
17; 22, 340; 440, G
7; 22, 140; 440, G
8; 22, 160; 440, G
10; 22, 200; 440, G
11; 22, 220; 440, G
12; 22, 240; 440, G
14; 22, 280; 440, G
15; 22, 300; 440, G
16; 22, 320; 440, G
13; 22, 260; 440, R
6; 22, 120; 440, G
5; 22, 100; 440, G
4; 22, 80; 440, G
3; 22, 60; 440, G
2; 22, 40; 440, G
1; 22, 20; 440, G
0; 22, 0; 440, G
9; 22, 180; 440, G
8; 37, 160; 740, G
11; 37, 220; 740, G
12; 37, 240; 740, G
13; 37, 260; 740, G
14; 37, 280; 740, G
15; 37, 300; 740, G
16; 37, 320; 740, G
17; 37, 340; 740, G
18; 37, 360; 740, G
19; 37, 380; 740, G
20; 37, 400; 740, G
21; 37, 420; 740, G
22; 37, 440; 740, G
23; 37, 460; 740, G
24; 37, 480; 740, G
25; 37, 500; 740, G
26; 37, 520; 740, G
27; 37, 540; 740, G
28; 37, 560; 740, G
29; 37, 580; 740, G
30; 37, 600; 740, G
31; 37, 620; 740, G
32; 37, 640; 740, G
33; 36, 660; 720, G
7; 37, 140; 740, G
6; 37, 120; 740, G
5; 37, 100; 740, G
4; 37, 80; 740, G
3; 37, 60; 740, G
2; 37, 40; 740, G
0; 37, 0; 740, G
10; 37, 200; 740, G
10; 36, 200; 720, G
9; 37, 180; 740, G
1; 37, 20; 740, G
1; 36, 20; 723, G
0; 36, 0; 723, G
0; 35, 0; 706, G
29; 22, 580; 440, R
24; 22, 480; 440, R
23; 22, 460; 440, R
#spikes
24; 8, 480; 160, 2
25; 7, 500; 140, 2
26; 7, 520; 140, 2
27; 7, 540; 140, 2
28; 8, 560; 160, 2
23; 8, 460; 160, 2
19; 8, 380; 160, 2
18; 8, 360; 160, 2
17; 7, 340; 140, 2
16; 7, 320; 140, 2
15; 7, 300; 140, 2
14; 8, 280; 160, 2
15; 12, 300; 240, 1
16; 12, 320; 240, 1
17; 12, 340; 240, 1
25; 12, 500; 240, 1
26; 12, 520; 240, 1
27; 12, 540; 240, 1
13; 8, 260; 160, 2
14; 7, 280; 140, 1
13; 7, 260; 140, 1
11; 9, 220; 180, 1
11; 5, 220; 100, 2
19; 7, 380; 140, 1
18; 7, 360; 140, 1
15; 6, 300; 120, 1
16; 6, 320; 120, 1
17; 6, 340; 120, 1
23; 7, 460; 140, 1
24; 7, 480; 140, 1
21; 7, 420; 140, 2
21; 6, 420; 120, 1
25; 6, 500; 120, 1
26; 6, 520; 120, 1
27; 6, 540; 120, 1
28; 7, 560; 140, 1
13; 2, 260; 40, 2
14; 2, 280; 40, 2
12; 2, 240; 40, 2
15; 1, 300; 20, 2
16; 1, 320; 20, 2
17; 1, 340; 20, 2
18; 2, 360; 40, 2
19; 2, 380; 40, 2
23; 2, 460; 40, 2
24; 2, 480; 40, 2
25; 1, 500; 20, 2
26; 1, 520; 20, 2
27; 1, 540; 20, 2
28; 2, 560; 40, 2
29; 1, 580; 20, 2
30; 0, 600; 0, 2
33; 11, 660; 220, 1
34; 13, 680; 260, 1
35; 16, 700; 320, 1
34; 9, 680; 180, 2
29; 8, 580; 160, 2
35; 11, 700; 220, 2
37; 16, 740; 320, 1
38; 13, 760; 260, 1
39; 11, 780; 220, 1
37; 11, 740; 220, 2
38; 9, 760; 180, 2
39; 7, 780; 140, 2
40; 9, 800; 180, 1
39; 3, 780; 60, 1
40; 1, 800; 20, 2
39; 0, 780; 0, 2
36; 13, 720; 260, 2
33; 8, 660; 160, 2
32; 8, 640; 160, 2
31; 8, 620; 160, 2
30; 8, 600; 160, 2
29; 7, 580; 140, 1
32; 21, 640; 420, 1
25; 21, 500; 420, 1
26; 21, 520; 420, 1
27; 21, 540; 420, 1
29; 21, 580; 420, 1| move, 7.0, 580; 200, player, 620; 303; 20; 116
30; 21, 600; 420, 1
31; 21, 620; 420, 1
22; 21, 440; 420, 1
21; 21, 420; 420, 1
23; 21, 460; 420, 1| move, 7.0, 460; 200, player, 520; 283; 20; 146
20; 21, 400; 420, 1
19; 21, 380; 420, 1| move, 7.0, 380; 160, player, 410; 265; 20; 158
18; 21, 360; 420, 1
9; 21, 180; 420, 1
10; 21, 200; 420, 1
11; 21, 220; 420, 1
12; 21, 240; 420, 1
13; 21, 260; 420, 1
14; 21, 280; 420, 1
15; 21, 300; 420, 1
16; 21, 320; 420, 1
17; 21, 340; 420, 1
29; 36, 580; 720, 1
28; 36, 560; 720, 1
27; 36, 540; 720, 1
26; 36, 520; 720, 1
25; 36, 500; 720, 1
24; 36, 480; 720, 1
11; 36, 220; 720, 4
9; 36, 180; 720, 3
2; 36, 40; 723, 4
1; 35, 20; 706, 4
0; 34, 0; 689, 4
20; 6, 400; 120, 1
22; 6, 440; 120, 1
22; 7, 440; 140, 2
20; 7, 400; 140, 2
22; 1, 440; 20, 2
21; 1, 420; 20, 2
20; 1, 400; 20, 2
28; 21, 560; 420, 1| move, 7.0, 560; 200, player, 620; 303; 20; 116
24; 21, 480; 420, 1| move, 7.0, 480; 200, player, 520; 283; 20; 146
10; 35, 200; 700, 1
12; 33, 250; 650, 2
8; 33, 150; 650, 2
8; 31, 150; 610, 1
12; 31, 250; 610, 1
13; 32, 270; 630, 4
9; 32, 170; 630, 4
7; 32, 130; 630, 3
11; 32, 230; 630, 3