#misc
area, 1
checkpoint, 19; 25
checkpoint, 15; 21
checkpoint, 26; 10
checkpoint, 43; 10
checkpoint, 10; 25
chai, 246; 509
chai, 386; 269
chai, 786; 209
exit, 110; 180, 1020; 170; 2; 40, 4, decor, 1
exit, 970; 155, 970; 540; 40; 2, 2, decor, 1
exit, 940; 400, 1020; 320; 2; 136, 4, Area1Select, 3
size, 1020, 620
spawn, 46, 209, 1
name, 1 - 2
exitP, Exit Level, Area1Select, 103
index, 3
music, 1
#blocks
0; 11, 0; 220, G
1; 11, 20; 220, G
2; 11, 40; 220, G
3; 11, 60; 220, G
4; 11, 80; 220, G
5; 11, 100; 220, G
6; 11, 120; 220, G
9; 11, 180; 220, G
10; 11, 200; 220, G
11; 11, 220; 220, G
12; 11, 240; 220, G
13; 11, 260; 220, G
14; 11, 280; 220, G
6; 12, 120; 240, G
6; 13, 120; 260, G
6; 14, 120; 280, G
6; 15, 120; 300, G
6; 16, 120; 320, G
6; 17, 120; 340, G
9; 12, 180; 240, G
9; 13, 180; 260, G
9; 14, 180; 280, G
9; 15, 180; 300, G
9; 16, 180; 320, G
9; 17, 180; 340, G
7; 13, 140; 260, G
8; 16, 160; 320, G
9; 18, 180; 360, G
9; 19, 180; 380, G
9; 20, 180; 400, G
9; 21, 180; 420, G
6; 18, 120; 360, G
6; 19, 120; 380, G
6; 20, 120; 400, G
6; 21, 120; 420, G
6; 22, 120; 440, G
6; 23, 120; 460, G
7; 21, 140; 420, G
6; 24, 120; 480, G
6; 25, 120; 500, G
6; 26, 120; 520, G
7; 26, 140; 520, G
8; 26, 160; 520, G
9; 26, 180; 520, G
10; 26, 200; 520, G
11; 26, 220; 520, G
12; 26, 240; 520, G
8; 25, 160; 500, G
13; 26, 260; 520, G
14; 26, 280; 520, G
15; 26, 300; 520, G
15; 11, 300; 220, G
16; 11, 320; 220, G
17; 11, 340; 220, G
18; 11, 360; 220, G| move, 3, 320; 220, player, 343; 237; 20; 50
19; 11, 380; 220, G| move, 3, 340; 220, player, 343; 237; 20; 50
20; 11, 400; 220, G
21; 11, 420; 220, G
22; 11, 440; 220, G
22; 12, 440; 240, G
22; 13, 440; 260, G
22; 15, 440; 300, G
22; 16, 440; 320, G
22; 17, 440; 340, G
22; 18, 440; 360, G
22; 19, 440; 380, G
22; 20, 440; 400, G
22; 21, 440; 420, G
22; 22, 440; 440, G
22; 23, 440; 460, G
22; 24, 440; 480, G
18; 26, 360; 520, G
17; 26, 340; 520, G
16; 26, 320; 520, G
19; 26, 380; 520, G
20; 26, 400; 520, G
21; 26, 420; 520, G
22; 26, 440; 520, G
10; 22, 200; 440, G
11; 22, 220; 440, G
12; 22, 240; 440, G
13; 22, 260; 440, G
14; 22, 280; 440, G
15; 22, 300; 440, G
16; 22, 320; 440, G
17; 22, 340; 440, G
18; 22, 360; 440, G
19; 22, 380; 440, G
22; 25, 440; 500, G
12; 19, 240; 380, G
12; 16, 240; 320, G
12; 14, 240; 280, G
13; 14, 260; 280, G
14; 14, 280; 280, G
15; 14, 300; 280, G
16; 14, 320; 280, G
17; 14, 340; 280, G
18; 14, 360; 280, G
19; 14, 380; 280, G
20; 14, 400; 280, G
21; 14, 420; 280, G
22; 14, 440; 280, G
0; 6, 0; 120, G
1; 6, 20; 120, G
2; 6, 40; 120, G
3; 6, 60; 120, G
4; 6, 80; 120, G
5; 6, 100; 120, G
6; 6, 120; 120, G
7; 6, 140; 120, G
8; 6, 160; 120, G
9; 6, 180; 120, G
10; 6, 200; 120, G
11; 6, 220; 120, G
12; 6, 240; 120, G
13; 6, 260; 120, G
14; 6, 280; 120, G
15; 6, 300; 120, G
16; 6, 320; 120, G
17; 6, 340; 120, G
22; 6, 440; 120, G
21; 6, 420; 120, G
20; 6, 400; 120, G
19; 6, 380; 120, G
18; 6, 360; 120, G
9; 7, 180; 140, G
10; 8, 200; 160, G
14; 8, 280; 160, G
15; 7, 300; 140, G
16; 7, 320; 140, G
17; 8, 340; 160, G
20; 8, 400; 160, G
21; 7, 420; 140, G
12; 8, 240; 160, G
13; 8, 260; 160, G
11; 8, 220; 160, G
18; 8, 360; 160, G
19; 8, 380; 160, G
23; 11, 460; 220, G
24; 11, 480; 220, G
25; 11, 500; 220, G
23; 6, 460; 120, G
24; 6, 480; 120, G
25; 6, 500; 120, G
27; 8, 540; 160, G
28; 9, 560; 180, G
26; 11, 520; 220, G
27; 11, 540; 220, G
28; 11, 560; 220, G
29; 11, 580; 220, G
30; 11, 600; 220, G
31; 11, 620; 220, G
29; 9, 580; 180, G
30; 9, 600; 180, G
31; 9, 620; 180, G
32; 9, 640; 180, G
33; 9, 660; 180, G
34; 9, 680; 180, G
35; 9, 700; 180, G
32; 11, 640; 220, G
33; 11, 660; 220, G
34; 11, 680; 220, G
35; 11, 700; 220, G
36; 11, 720; 220, G
37; 11, 740; 220, G
36; 9, 720; 180, G
37; 9, 740; 180, G
38; 11, 760; 220, G
39; 11, 780; 220, G
40; 11, 800; 220, G
42; 11, 840; 220, G
43; 11, 860; 220, G
27; 7, 540; 140, G
27; 6, 540; 120, G
28; 6, 560; 120, G
29; 6, 580; 120, G
30; 6, 600; 120, G
31; 6, 620; 120, G
32; 6, 640; 120, G
33; 6, 660; 120, G
34; 6, 680; 120, G
35; 6, 700; 120, G
36; 6, 720; 120, G
37; 6, 740; 120, G
38; 6, 760; 120, G
38; 7, 760; 140, G
38; 8, 760; 160, G
40; 6, 800; 120, G
41; 6, 820; 120, G
42; 6, 840; 120, G
43; 6, 860; 120, G
25; 4, 500; 80, G
25; 3, 500; 60, G
26; 3, 520; 60, G
27; 3, 540; 60, G
28; 3, 560; 60, G
29; 3, 580; 60, G
30; 3, 600; 60, G
25; 5, 500; 100, G
31; 3, 620; 60, G
32; 3, 640; 60, G
33; 3, 660; 60, G
34; 3, 680; 60, G
35; 3, 700; 60, G
36; 3, 720; 60, G
37; 3, 740; 60, G
38; 3, 760; 60, G
39; 3, 780; 60, G
40; 3, 800; 60, G
40; 4, 800; 80, G
40; 5, 800; 100, G
41; 11, 820; 220, G
44; 6, 880; 120, G
45; 6, 900; 120, G
46; 6, 920; 120, G
44; 11, 880; 220, G
45; 11, 900; 220, G
46; 11, 920; 220, G
47; 10, 940; 200, G
47; 11, 940; 220, G
47; 6, 940; 120, G
48; 6, 960; 120, G
49; 6, 980; 120, G
50; 7, 1000; 140, G
50; 8, 1000; 160, G
50; 9, 1000; 180, G
50; 10, 1000; 200, G
50; 11, 1000; 220, G
47; 12, 940; 240, G
47; 13, 940; 260, G
47; 14, 940; 280, G
47; 15, 940; 300, G
47; 16, 940; 320, G
47; 17, 940; 340, G
47; 18, 940; 360, G
50; 12, 1000; 240, G
50; 13, 1000; 260, G
50; 14, 1000; 280, G
50; 15, 1000; 300, G
47; 19, 940; 380, G
47; 20, 940; 400, G
47; 21, 940; 420, G
47; 22, 940; 440, G
47; 23, 940; 460, G
48; 23, 960; 460, G
49; 23, 980; 460, G
50; 23, 1000; 460, G
50; 22, 1000; 440, G
50; 16, 1000; 320, G
25; 8, 500; 160, G
25; 7, 500; 140, G
24; 7, 480; 140, G
40; 8, 800; 160, G
40; 7, 800; 140, G
#spikes
9; 22, 180; 440, 2
7; 22, 140; 440, 2
8; 17, 160; 340, 2
7; 14, 140; 280, 2
8; 24, 160; 480, 1
7; 25, 140; 500, 1
15; 25, 300; 500, 1
16; 25, 320; 500, 1
15; 23, 310; 445, 2
21; 25, 420; 500, 1
20; 22, 400; 440, 4
19; 21, 380; 420, 1| alternate, 380; 420; 1, 420; 440; 3, 0.7, 19; 22, 380; 440; 20; 20
10; 21, 200; 420, 1
11; 21, 220; 420, 1
12; 21, 240; 420, 1
13; 21, 260; 420, 1
14; 21, 280; 420, 1
12; 17, 240; 340, 2
12; 13, 240; 260, 1| alternate, 240; 260; 1, 240; 300; 2, 220; 280; 3, 0.6, 12; 14, 240; 280; 20; 20
21; 13, 420; 260, 3
21; 12, 420; 240, 3
11; 9, 220; 180, 2
12; 9, 240; 180, 2
13; 9, 260; 180, 2
18; 9, 360; 180, 2
19; 9, 380; 180, 2
10; 9, 200; 170, 2
9; 8, 180; 145, 2
8; 7, 160; 125, 2
14; 9, 280; 170, 2
15; 8, 300; 145, 2
16; 8, 320; 145, 2
17; 9, 340; 170, 2
20; 9, 400; 170, 2
21; 8, 420; 145, 2
22; 7, 440; 125, 2
15; 10, 310; 216, 1
28; 12, 560; 240, 2
29; 12, 580; 240, 2
30; 12, 600; 240, 2| alternate, 600; 240; 2, 600; 200; 1, 0.7, 30; 11, 600; 220; 20; 20
31; 12, 620; 240, 2
32; 12, 640; 240, 2
33; 12, 660; 240, 2| alternate, 660; 240; 2, 660; 200; 1, 0.5, 33; 11, 660; 220; 20; 20
34; 12, 680; 240, 2
35; 12, 700; 240, 2
28; 8, 560; 160, 1| alternate, 560; 160; 1, 560; 200; 2, 0.7, 28; 9, 560; 199; 20; 20
29; 8, 580; 160, 1
30; 8, 600; 160, 1
31; 8, 620; 160, 1
32; 8, 640; 160, 1
33; 8, 660; 160, 1
34; 8, 680; 160, 1
35; 8, 700; 160, 1
36; 12, 720; 240, 2
37; 12, 740; 240, 2
36; 8, 720; 160, 1| alternate, 720; 160; 1, 720; 200; 2, 0.5, 36; 9, 720; 180; 20; 20
37; 8, 740; 160, 1
38; 9, 760; 180, 2
27; 9, 540; 180, 2
26; 4, 520; 80, 2
27; 4, 540; 80, 2
28; 4, 560; 80, 2
29; 4, 580; 80, 2
30; 4, 600; 80, 2
31; 5, 620; 110, 1
32; 4, 640; 80, 2
33; 5, 660; 110, 1
34; 4, 680; 80, 2
35; 5, 700; 110, 1
36; 4, 720; 80, 2
37; 5, 740; 110, 1
38; 4, 760; 80, 2
46; 10, 920; 200, 3
48; 22, 960; 440, 1
49; 22, 980; 440, 1
50; 21, 1000; 420, 1
50; 17, 1000; 340, 2
25; 9, 500; 180, 2
24; 8, 480; 160, 2
23; 7, 460; 125, 2
40; 9, 800; 180, 2
47; 9, 940; 180, 1