#misc
area, 1
checkpoint, 76; 39
checkpoint, 81; 19
checkpoint, 61; 45
checkpoint, 46; 45
chai, 1246; 749
chai, 1246; 89
chai, 1226; 89
exit, 1495; 865, 0; 850; 2; 40, 3, decor, 1
exit, 350; 995, 322; 1060; 76; 2, 2, Area1Select, 11
size, 1820, 1060
spawn, 1526, 909, 0
name, 1 - 10
lock, 5, 1580, 900, G
exitP, Exit Level, Area1Select, 111
index, 11
music, 1
#blocks
76; 46, 1520; 920, G
77; 46, 1540; 920, G
78; 46, 1560; 920, G
75; 46, 1500; 920, G
74; 46, 1480; 920, G
73; 46, 1460; 920, G
71; 46, 1420; 920, G
70; 46, 1400; 920, G
68; 46, 1360; 920, G
72; 46, 1440; 920, G
69; 46, 1380; 920, G
71; 44, 1420; 890, G
72; 44, 1440; 890, G
65; 44, 1300; 890, G
66; 44, 1320; 890, G
67; 46, 1340; 920, G
66; 46, 1320; 920, G
65; 46, 1300; 920, G
64; 46, 1280; 920, G
63; 46, 1260; 920, G
62; 46, 1240; 920, G
79; 46, 1580; 920, G
79; 43, 1580; 860, G
78; 42, 1560; 840, G
77; 41, 1540; 820, G
76; 40, 1520; 800, G
75; 40, 1500; 800, G
74; 40, 1480; 800, G
73; 39, 1460; 779, G
72; 38, 1440; 758, G
71; 38, 1420; 758, G
70; 39, 1400; 779, G
69; 40, 1380; 800, G
68; 40, 1360; 800, G
63; 40, 1260; 800, G
64; 39, 1280; 779, G
65; 38, 1300; 758, G
66; 38, 1320; 758, G
67; 39, 1340; 779, G
60; 40, 1200; 800, G
60; 39, 1200; 780, G
60; 38, 1200; 760, G
80; 46, 1600; 920, G
81; 46, 1620; 920, G
81; 45, 1620; 900, G
81; 44, 1620; 880, G
81; 43, 1620; 860, G
81; 42, 1620; 840, G
81; 41, 1620; 820, G
81; 40, 1620; 800, G
80; 40, 1600; 800, G
80; 39, 1600; 780, G
80; 38, 1600; 760, G
80; 37, 1600; 740, G
80; 36, 1600; 720, G
80; 35, 1600; 700, G
80; 34, 1600; 680, G
80; 33, 1600; 660, G
80; 32, 1600; 640, G
80; 31, 1600; 620, G
80; 30, 1600; 600, G
80; 29, 1600; 580, G
80; 28, 1600; 560, G
80; 27, 1600; 540, G
80; 26, 1600; 520, G
80; 25, 1600; 500, G
80; 23, 1600; 460, G
80; 22, 1600; 440, G
80; 21, 1600; 420, G
80; 20, 1600; 400, G
80; 24, 1600; 480, G
80; 18, 1600; 360, G
80; 17, 1600; 340, G
80; 16, 1600; 320, G
80; 15, 1600; 300, G
80; 14, 1600; 280, G
80; 13, 1600; 260, G
80; 12, 1600; 240, G
80; 11, 1600; 220, G
80; 10, 1600; 200, G
80; 9, 1600; 180, G
80; 8, 1600; 160, G
80; 7, 1600; 140, G
80; 6, 1600; 120, G
80; 5, 1600; 100, G
80; 4, 1600; 80, G
80; 3, 1600; 60, G
80; 2, 1600; 40, G
80; 1, 1600; 20, G
80; 0, 1600; 0, G
60; 37, 1200; 740, G
60; 36, 1200; 720, G
62; 38, 1240; 760, G
63; 38, 1260; 760, G
61; 36, 1220; 720, G
62; 36, 1240; 720, G
63; 36, 1260; 720, G
63; 35, 1260; 700, G
63; 34, 1260; 680, G
63; 33, 1260; 660, G
63; 32, 1260; 640, G
63; 31, 1260; 620, G
63; 28, 1260; 560, G
63; 27, 1260; 540, G
63; 26, 1260; 520, G
63; 25, 1260; 500, G
63; 24, 1260; 480, G
63; 21, 1260; 420, G
63; 23, 1260; 460, G
63; 22, 1260; 440, G
63; 14, 1260; 280, G
63; 20, 1260; 400, G
63; 19, 1260; 380, G
63; 18, 1260; 360, G
63; 17, 1260; 340, G
63; 16, 1260; 320, G
63; 15, 1260; 300, G
63; 13, 1260; 260, G
63; 12, 1260; 240, G
63; 11, 1260; 220, G
63; 10, 1260; 200, G
63; 9, 1260; 180, G
63; 8, 1260; 160, G
63; 7, 1260; 140, G
63; 6, 1260; 120, G
63; 2, 1260; 40, G
63; 1, 1260; 20, G
63; 0, 1260; 0, G
65; 34, 1300; 675, G
66; 34, 1320; 675, G
67; 34, 1340; 675, G
68; 34, 1360; 675, G
69; 34, 1380; 675, G
70; 34, 1400; 675, G
71; 34, 1420; 675, G
72; 34, 1440; 675, G
73; 34, 1460; 675, G
74; 34, 1480; 675, G
75; 34, 1500; 675, G
76; 34, 1520; 675, G
77; 34, 1540; 675, G
78; 34, 1560; 675, G
79; 34, 1580; 675, G
76; 37, 1520; 740, G| move, 1.0, 1260; 760, 76; 37, 1241; 740; 20; 20| move, 0.5, 1260; 740, player, 1523; 738; 14; 2
66; 33, 1320; 655, G
66; 32, 1320; 635, G
66; 31, 1320; 615, G
65; 31, 1300; 615, G
70; 27, 1400; 540, G
63; 29, 1260; 580, G
63; 30, 1260; 600, G
75; 24, 1500; 480, G
79; 20, 1580; 400, G
79; 15, 1580; 300, G
79; 10, 1580; 200, G
79; 5, 1580; 100, G
74; 5, 1480; 100, G
75; 9, 1500; 180, G
74; 9, 1480; 180, G
70; 9, 1400; 180, G
69; 9, 1380; 180, G
68; 9, 1360; 180, G
67; 9, 1340; 180, G
66; 9, 1320; 180, G
65; 9, 1300; 180, G
64; 9, 1280; 180, G
73; 9, 1460; 180, G
72; 9, 1440; 180, G
71; 9, 1420; 180, G
76; 9, 1520; 180, G
72; 5, 1440; 100, G| teleport, 620; 320, player, 1437; 87; 26; 14
70; 5, 1400; 100, G
68; 5, 1360; 100, G
66; 5, 1320; 100, G
62; 5, 1240; 100, G
61; 5, 1220; 100, G
60; 4, 1200; 80, G
60; 3, 1200; 60, G
61; 2, 1220; 40, G
62; 2, 1240; 40, G
82; 19, 1640; 380, G
81; 20, 1620; 400, G
81; 18, 1620; 360, G
61; 46, 1220; 920, G
47; 46, 940; 920, G
46; 46, 920; 920, G
41; 46, 810; 920, G
36; 46, 710; 920, G
31; 46, 610; 920, G
26; 46, 510; 920, G
51; 47, 1030; 940, G
50; 47, 1010; 940, G
57; 47, 1130; 940, G
58; 47, 1150; 940, G
45; 46, 900; 920, G
62; 39, 1240; 780, G
62; 40, 1240; 800, G
60; 41, 1200; 820, G
62; 41, 1240; 820, G
40; 46, 790; 920, G
35; 46, 690; 920, G
30; 46, 590; 920, G
25; 46, 490; 920, G
21; 45, 420; 900, G
19; 50, 380; 1000, G
19; 51, 380; 1020, G
20; 50, 400; 1000, G
20; 49, 400; 980, G
20; 48, 400; 960, G
21; 47, 420; 940, G
21; 46, 420; 920, G
16; 50, 320; 1000, G
16; 49, 320; 980, G
16; 47, 320; 940, G
16; 46, 320; 920, G
17; 46, 340; 920, G
16; 48, 320; 960, G
17; 45, 340; 900, G
17; 44, 340; 880, G
18; 44, 360; 880, G
18; 43, 360; 860, G
18; 42, 360; 840, G
19; 42, 380; 840, G
19; 41, 380; 820, G
19; 40, 380; 800, G
20; 40, 400; 800, G
20; 39, 400; 780, G
20; 38, 400; 760, G
20; 37, 400; 740, G
20; 36, 400; 720, G
20; 35, 400; 700, G
20; 34, 400; 680, G
20; 33, 400; 660, G
20; 32, 400; 640, G
20; 31, 400; 620, G
20; 30, 400; 600, G
20; 29, 400; 580, G
20; 28, 400; 560, G
20; 27, 400; 540, G
20; 26, 400; 520, G
20; 25, 400; 500, G
20; 24, 400; 480, G
20; 23, 400; 460, G
20; 22, 400; 440, G
20; 21, 400; 420, G
20; 20, 400; 400, G
20; 19, 400; 380, G
20; 18, 400; 360, G
20; 17, 400; 340, G
20; 16, 400; 320, G
20; 15, 400; 300, G
20; 14, 400; 280, G
20; 12, 400; 240, G
20; 11, 400; 220, G
20; 10, 400; 200, G
20; 13, 400; 260, G
20; 9, 400; 180, G
20; 8, 400; 160, G
20; 7, 400; 140, G
20; 6, 400; 120, G
20; 5, 400; 100, G
20; 4, 400; 80, G
20; 3, 400; 60, G
20; 2, 400; 40, G
20; 1, 400; 20, G
20; 0, 400; 0, G
16; 51, 320; 1020, G
16; 52, 320; 1040, G
19; 52, 380; 1040, G
#spikes
71; 43, 1420; 870, 1
72; 43, 1440; 870, 1
73; 44, 1460; 890, 1
70; 44, 1400; 890, 1
70; 45, 1400; 910, 2
73; 45, 1460; 910, 2
71; 45, 1420; 910, 2
72; 45, 1440; 910, 2
67; 44, 1340; 890, 1
66; 43, 1320; 870, 1
65; 43, 1300; 870, 1
64; 44, 1280; 890, 1
64; 45, 1280; 910, 2
67; 45, 1340; 910, 2
65; 45, 1300; 910, 2
66; 45, 1320; 910, 2
69; 41, 1380; 820, 2
68; 41, 1360; 820, 2
70; 40, 1400; 799, 2
71; 39, 1420; 778, 2
72; 39, 1440; 778, 2
73; 40, 1460; 799, 2
74; 41, 1480; 820, 2
75; 41, 1500; 820, 2
76; 41, 1520; 820, 2
77; 42, 1540; 840, 2
78; 43, 1560; 860, 2
79; 44, 1580; 880, 2
67; 40, 1340; 799, 2
66; 39, 1320; 778, 2
65; 39, 1300; 778, 2
64; 40, 1280; 799, 2
63; 41, 1260; 820, 2
80; 45, 1600; 900, 1
80; 41, 1600; 820, 2
78; 41, 1560; 820, 1
77; 40, 1540; 800, 1
75; 39, 1500; 780, 1
74; 39, 1480; 780, 1
73; 38, 1460; 759, 1
72; 37, 1440; 738, 1
71; 37, 1420; 738, 1
70; 38, 1400; 759, 1
69; 39, 1380; 780, 1
68; 39, 1360; 780, 1
67; 38, 1340; 759, 1
66; 37, 1320; 738, 1
65; 37, 1300; 738, 1
63; 39, 1260; 780, 1
64; 38, 1280; 759, 1
64; 35, 1261; 717, 3
64; 34, 1261; 697, 3
64; 33, 1261; 677, 3
64; 32, 1261; 657, 3
64; 31, 1261; 637, 3
65; 35, 1300; 676, 1
66; 35, 1320; 676, 1
67; 35, 1340; 676, 1
68; 35, 1360; 676, 1
69; 35, 1380; 676, 1
70; 35, 1400; 676, 1
71; 35, 1420; 676, 1
72; 35, 1440; 676, 1
73; 35, 1460; 676, 1
74; 35, 1480; 676, 1
75; 35, 1500; 676, 1
76; 35, 1520; 676, 1
77; 35, 1540; 676, 1
78; 35, 1560; 676, 1
79; 35, 1580; 676, 1
68; 32, 1360; 655, 1
69; 32, 1380; 655, 1
70; 32, 1400; 655, 1
71; 32, 1420; 655, 1
72; 32, 1440; 655, 1
73; 32, 1460; 655, 1
74; 32, 1480; 655, 1
75; 32, 1500; 655, 1
76; 32, 1520; 655, 1
77; 32, 1540; 655, 1
78; 32, 1560; 655, 1
79; 32, 1580; 655, 1
67; 32, 1340; 655, 1
64; 30, 1261; 617, 3
64; 8, 1280; 160, 1
65; 8, 1300; 160, 1
66; 8, 1320; 160, 1
67; 8, 1340; 160, 1
68; 8, 1360; 160, 1
69; 8, 1380; 160, 1
70; 8, 1400; 160, 1
71; 8, 1420; 160, 1
72; 8, 1440; 160, 1
73; 8, 1460; 160, 1
74; 8, 1480; 160, 1
75; 8, 1500; 160, 1
75; 10, 1500; 200, 2
74; 10, 1480; 200, 2
73; 10, 1460; 200, 2
72; 10, 1440; 200, 2
71; 10, 1420; 200, 2
70; 10, 1400; 200, 2
69; 10, 1380; 200, 2
68; 10, 1360; 200, 2
67; 10, 1340; 200, 2
66; 10, 1320; 200, 2
65; 10, 1300; 200, 2
64; 10, 1280; 200, 2
77; 9, 1540; 180, 4
76; 10, 1520; 200, 2
76; 8, 1520; 160, 1
70; 4, 1400; 99, 2| teleport, 580; 319, player, 1437; 87; 26; 14
66; 4, 1320; 99, 2| teleport, 1360; 80; 1, player, 1360; 80; 20; 20| teleport, 1260; 81; 1, player, 1320; 80; 20; 20
63; 5, 1260; 100, 1
58; 43, 1160; 860, 4
56; 43, 1120; 860, 3
57; 44, 1140; 880, 2
57; 42, 1140; 840, 1
54; 45, 1080; 900, 1
54; 47, 1080; 940, 2
53; 46, 1060; 920, 3
55; 46, 1100; 920, 4
51; 43, 1040; 860, 4
50; 42, 1020; 840, 1
50; 44, 1020; 880, 2
49; 43, 1000; 860, 3
25; 45, 500; 900, 1| alternate, 500; 900; 1, 470; 920; 3, 500; 940; 2, 530; 920; 4, 1.0, 25; 45, 500; 900; 20; 20
28; 46, 570; 920, 3| alternate, 570; 920; 3, 600; 940; 2, 630; 920; 4, 600; 900; 1, 1.0, 28; 46, 580; 920; 20; 20
35; 47, 700; 940, 2| alternate, 700; 940; 2, 730; 920; 4, 700; 900; 1, 670; 920; 3, 1.0, 35; 47, 700; 940; 20; 20
42; 46, 830; 920, 4| alternate, 830; 920; 4, 800; 900; 1, 770; 920; 3, 800; 940; 2, 1.0, 42; 46, 840; 920; 20; 20
21; 44, 420; 880, 1
20; 47, 400; 940, 1
19; 49, 380; 980, 1
20; 41, 400; 820, 2
19; 43, 380; 860, 2
18; 45, 360; 900, 2
17; 47, 340; 940, 2