#misc
area, 1
checkpoint, 31; 17
chai, 286; 409
chai, 686; 349
chai, 706; 349
exit, 560; 280, 587; 0; 178; 2, 1, Area1Select, 5
size, 980, 820
spawn, 566, 709, 0
name, 1 - 4
exitP, Exit Level, Area1Select, 105
index, 5
music, 1
#blocks
24; 36, 480; 720, G
24; 35, 480; 700, G
24; 34, 480; 680, G
24; 33, 480; 660, G
24; 32, 480; 640, G
24; 31, 480; 620, G
24; 30, 480; 600, G
24; 29, 480; 580, G
24; 21, 480; 420, G
24; 22, 480; 440, G
24; 23, 480; 460, G
24; 24, 480; 480, G
24; 25, 480; 500, G
24; 26, 480; 520, G
24; 27, 480; 540, G
24; 28, 480; 560, G
32; 24, 640; 480, G
32; 25, 640; 500, G
32; 26, 640; 520, G
32; 27, 640; 540, G
32; 28, 640; 560, G
32; 29, 640; 580, G
32; 30, 640; 600, G
32; 31, 640; 620, G
32; 32, 640; 640, G
32; 33, 640; 660, G
32; 34, 640; 680, G
32; 35, 640; 700, G
32; 36, 640; 720, G
32; 19, 640; 380, G
32; 20, 640; 400, G
32; 21, 640; 420, G
32; 22, 640; 440, G
32; 23, 640; 460, G
24; 18, 480; 360, G
24; 15, 480; 300, G
24; 14, 480; 280, G
24; 13, 480; 260, G
24; 12, 480; 240, G
24; 11, 480; 220, G
24; 10, 480; 200, G
24; 9, 480; 180, G
24; 8, 480; 160, G
24; 7, 480; 140, G
24; 6, 480; 120, G
32; 18, 640; 360, G
32; 13, 640; 260, G
32; 12, 640; 240, G
32; 11, 640; 220, G
32; 10, 640; 200, G
32; 9, 640; 180, G
24; 5, 480; 100, G
24; 4, 480; 80, G
24; 3, 480; 60, G
24; 2, 480; 40, G
24; 1, 480; 20, G
24; 0, 480; 0, G
32; 8, 640; 160, G
32; 7, 640; 140, G
32; 6, 640; 120, G
32; 5, 640; 100, G
32; 4, 640; 80, G
32; 3, 640; 60, G
32; 2, 640; 40, G
32; 1, 640; 20, G
32; 0, 640; 0, G
31; 33, 620; 660, G
30; 33, 600; 660, G
25; 31, 500; 620, G
26; 31, 520; 620, G
30; 29, 600; 580, G
31; 29, 620; 580, G
26; 27, 520; 540, G
25; 27, 500; 540, G
31; 24, 620; 480, G
30; 24, 600; 480, G
25; 21, 500; 420, G
26; 21, 520; 420, G
31; 18, 620; 360, G
30; 18, 600; 360, G
23; 21, 460; 420, G
21; 21, 420; 420, G
19; 21, 380; 420, G
18; 21, 360; 420, G
17; 21, 340; 420, G
15; 21, 300; 420, G
14; 21, 280; 420, G
23; 14, 460; 280, G
22; 14, 440; 280, G
21; 14, 420; 280, G
20; 14, 400; 280, G
19; 14, 380; 280, G
18; 14, 360; 280, G
17; 14, 340; 280, G
16; 14, 320; 280, G
15; 14, 300; 280, G
14; 14, 280; 280, G
16; 21, 320; 420, G
16; 20, 320; 400, G
16; 19, 320; 380, G
16; 18, 320; 360, G
18; 20, 360; 400, G
18; 19, 360; 380, G
20; 21, 400; 420, G
20; 20, 400; 400, G
20; 19, 400; 380, G
22; 21, 440; 420, G
22; 20, 440; 400, G
22; 19, 440; 380, G
13; 21, 260; 420, G
13; 14, 260; 280, G
12; 15, 240; 300, G
12; 16, 240; 320, G
12; 17, 240; 340, G
12; 18, 240; 360, G
12; 19, 240; 380, G
12; 20, 240; 400, G
24; 19, 480; 380, G
24; 20, 480; 400, G
23; 15, 460; 300, G
33; 18, 660; 360, G
34; 18, 680; 360, G
35; 18, 700; 360, G
36; 18, 720; 360, G
37; 18, 740; 360, G
35; 14, 700; 280, G
38; 18, 760; 360, G
38; 17, 760; 340, G
38; 16, 760; 320, G
38; 15, 760; 300, G
38; 14, 760; 280, G
38; 13, 760; 260, G
38; 12, 760; 240, G
38; 11, 760; 220, G
38; 10, 760; 200, G
38; 9, 760; 180, G
38; 8, 760; 160, G
38; 7, 760; 140, G
38; 6, 760; 120, G
38; 5, 760; 100, G
38; 4, 760; 80, G
38; 3, 760; 60, G
38; 2, 760; 40, G
38; 1, 760; 20, G
38; 0, 760; 0, G
35; 12, 700; 240, G
35; 9, 700; 180, G
35; 6, 700; 120, G
35; 3, 700; 60, G
27; 10, 540; 200, G
25; 7, 500; 140, G
29; 12, 580; 240, G
28; 11, 560; 220, G
27; 4, 540; 80, G
28; 3, 560; 60, G
29; 2, 580; 40, G
25; 2, 500; 40, G
25; 1, 500; 20, G
25; 0, 500; 0, G
27; 0, 540; 0, G
26; 0, 520; 0, G
26; 1, 520; 20, G
27; 6, 540; 120, G
28; 7, 560; 140, G
29; 8, 580; 160, G
30; 2, 600; 40, G
31; 2, 620; 40, G
25; 36, 500; 720, G| teleport, 500; 660, player, 497; 618; 38; 2| teleport, 500; 620, player, 604; 578; 32; 2| teleport, 500; 580, player, 497; 533; 38; 8| teleport, 500; 360, player, 621; 340; 20; 20
26; 36, 520; 720, G| teleport, 520; 660, player, 497; 618; 38; 2| teleport, 520; 620, player, 604; 578; 32; 2| teleport, 520; 580, player, 497; 533; 38; 8| teleport, 520; 360, player, 621; 340; 20; 20
27; 36, 540; 720, G| teleport, 540; 660, player, 497; 618; 38; 2| teleport, 540; 620, player, 604; 578; 32; 2| teleport, 540; 580, player, 497; 533; 38; 8| teleport, 540; 360, player, 621; 340; 20; 20
28; 36, 560; 720, G| teleport, 560; 660, player, 497; 618; 38; 2| teleport, 560; 620, player, 604; 578; 32; 2| teleport, 560; 580, player, 497; 533; 38; 8| teleport, 560; 360, player, 621; 340; 20; 20
29; 36, 580; 720, G| teleport, 580; 660, player, 497; 618; 38; 2| teleport, 580; 620, player, 604; 578; 32; 2| teleport, 580; 580, player, 497; 533; 38; 8| teleport, 580; 360, player, 621; 340; 20; 20
30; 36, 600; 720, G| teleport, 600; 660, player, 497; 618; 38; 2| teleport, 600; 620, player, 604; 578; 32; 2| teleport, 600; 580, player, 497; 533; 38; 8| teleport, 600; 360, player, 621; 340; 20; 20
31; 36, 620; 720, G| teleport, 620; 660, player, 497; 618; 38; 2| teleport, 620; 620, player, 604; 578; 32; 2| teleport, 620; 580, player, 497; 533; 38; 8| teleport, 620; 360, player, 621; 340; 20; 20
27; 5, 540; 100, G
32; 14, 640; 280, G
32; 15, 640; 300, G
31; 15, 640; 300, G| teleport, 640; 340, player, 680; 310; 20; 50
31; 14, 640; 280, G| teleport, 640; 320, player, 680; 310; 20; 50
30; 15, 620; 300, G
#spikes
30; 25, 600; 500, 2
31; 25, 620; 500, 2
26; 22, 520; 440, 2
25; 22, 500; 440, 2
16; 17, 320; 340, 1
18; 18, 360; 360, 1
20; 18, 400; 360, 1
22; 18, 440; 360, 1
17; 15, 340; 293, 2| move, 2.5, 340; 420, player, 340; 418; 20; 2
19; 15, 380; 300, 2
23; 16, 460; 320, 2
13; 15, 260; 300, 2
14; 15, 280; 300, 2
15; 15, 300; 293, 2
16; 15, 320; 285, 2
18; 15, 360; 300, 2
20; 15, 400; 300, 2
21; 15, 420; 300, 2
22; 15, 440; 300, 2
23; 20, 460; 400, 1
33; 15, 660; 300, 4
33; 14, 660; 280, 4
33; 13, 660; 260, 4
33; 12, 660; 240, 4
33; 11, 660; 220, 4
33; 10, 660; 200, 4
33; 9, 660; 180, 4
33; 8, 660; 160, 4
33; 7, 660; 140, 4
33; 6, 660; 120, 4
33; 5, 660; 100, 4
33; 4, 660; 80, 4
33; 3, 660; 60, 4
33; 2, 660; 40, 4
33; 1, 660; 20, 4
33; 0, 660; 0, 4
37; 15, 740; 300, 3
37; 14, 740; 280, 3
37; 13, 740; 260, 3
37; 12, 740; 240, 3
37; 11, 740; 220, 3
37; 10, 740; 200, 3
37; 9, 740; 180, 3
37; 8, 740; 160, 3
37; 7, 740; 140, 3
37; 6, 740; 120, 3
37; 5, 740; 100, 3
37; 4, 740; 80, 3
37; 3, 740; 60, 3
37; 2, 740; 40, 3
37; 1, 740; 20, 3
37; 0, 740; 0, 3
35; 15, 700; 300, 2| alternate, 700; 300; 2, 720; 280; 4, 700; 260; 1, 680; 280; 3, 1.0, 35; 14, 700; 280; 20; 20
36; 12, 720; 240, 4| alternate, 720; 240; 4, 700; 220; 1, 680; 240; 3, 700; 260; 2, 1.0, 35; 12, 700; 240; 20; 20
35; 10, 700; 200, 2| alternate, 700; 200; 2, 720; 180; 4, 700; 160; 1, 680; 180; 3, 1.0, 35; 9, 700; 180; 20; 20
36; 3, 720; 60, 4| alternate, 720; 60; 4, 700; 80; 2, 680; 60; 3, 700; 40; 1, 0.6, 35; 3, 700; 60; 20; 20
35; 5, 700; 100, 1| alternate, 700; 100; 1, 720; 120; 4, 700; 140; 2, 680; 120; 3, 0.8, 35; 6, 700; 120; 20; 20
25; 3, 500; 60, 2
26; 2, 520; 40, 2
27; 1, 540; 20, 2
28; 0, 560; 0, 2
29; 9, 580; 180, 2
28; 8, 560; 160, 2
27; 7, 540; 140, 2
28; 4, 560; 80, 2
29; 3, 580; 60, 2
27; 11, 540; 220, 2
28; 12, 560; 240, 2
29; 13, 580; 260, 2
29; 0, 580; 0, 2
30; 0, 600; 0, 2| teleport, 620; 0, player, 602; 20; 38; 2
30; 3, 600; 60, 2
31; 3, 620; 60, 2
31; 19, 620; 380, 2| move, 3.5, 620; 480, player, 603; 478; 38; 2
30; 19, 600; 380, 2| move, 3.5, 600; 480, player, 603; 478; 38; 2