#misc
area, 1
checkpoint, 19; 28
checkpoint, 19; 33
checkpoint, 34; 45
checkpoint, 34; 30
checkpoint, 24; 45
chai, 766; 469
chai, 226; 529
chai, 526; 609
exit, 860; 880, 960; 858; 2; 64, 4, Area1Select, 6
size, 960, 1040
spawn, 686, 569, 0
name, 1 - 5
exitP, Exit Level, Area1Select, 106
index, 6
music, 1
#blocks
31; 29, 620; 580, G
32; 29, 640; 580, G
33; 29, 660; 580, G
34; 29, 680; 580, G
35; 29, 700; 580, G
36; 29, 720; 580, G
37; 29, 740; 580, G
39; 28, 780; 560, G
39; 27, 780; 540, G
39; 26, 780; 520, G
39; 25, 780; 500, G
39; 24, 780; 480, G
39; 23, 780; 460, G
38; 22, 760; 440, G
38; 24, 760; 480, G
37; 22, 740; 440, G
36; 22, 720; 440, G
35; 22, 700; 440, G
34; 22, 680; 440, G
33; 22, 660; 440, G
32; 22, 640; 440, G
35; 27, 700; 540, G
35; 26, 700; 520, G| teleport, 780; 520, player, 763; 529; 14; 50
35; 25, 700; 500, G| teleport, 780; 500, player, 763; 529; 14; 50
35; 24, 700; 480, G| teleport, 780; 480, player, 763; 529; 14; 50
35; 23, 700; 460, G| teleport, 780; 460, player, 763; 529; 14; 50
38; 29, 760; 580, R
34; 26, 680; 520, G
34; 25, 680; 500, G
34; 24, 680; 480, G
34; 23, 680; 460, G
30; 29, 600; 580, G
29; 29, 580; 580, G
28; 29, 560; 580, G
31; 22, 620; 440, G
30; 22, 600; 440, G
29; 22, 580; 440, G
28; 22, 560; 440, G
27; 29, 540; 580, G
26; 29, 520; 580, G
25; 29, 500; 580, G
24; 29, 480; 580, G
27; 22, 540; 440, G
26; 22, 520; 440, G
25; 22, 500; 440, G
24; 22, 480; 440, G
23; 22, 460; 440, G
23; 29, 460; 580, G
22; 29, 440; 580, G
22; 22, 440; 440, G
21; 22, 420; 440, G
20; 22, 400; 440, G
19; 22, 380; 440, G
21; 29, 420; 580, G
20; 29, 400; 580, G
19; 29, 380; 580, G
18; 29, 360; 580, G
18; 22, 360; 440, G
17; 22, 340; 440, G
16; 22, 320; 440, G
15; 22, 300; 440, G
14; 22, 280; 440, G
12; 24, 240; 480, G
12; 25, 240; 500, G
12; 27, 240; 540, G
12; 28, 240; 560, G
12; 29, 240; 580, G
12; 30, 240; 600, G
12; 31, 240; 620, G
16; 28, 320; 560, G
16; 29, 320; 580, G
17; 29, 340; 580, G
13; 23, 260; 460, G
12; 32, 240; 640, G
12; 33, 240; 660, G
13; 34, 260; 680, G
14; 35, 280; 700, G
15; 35, 300; 700, G
16; 35, 320; 700, G
16; 34, 320; 680, G
17; 34, 340; 680, G
18; 34, 360; 680, G
19; 34, 380; 680, G
23; 28, 460; 560, G
23; 27, 460; 540, G
23; 26, 460; 520, G
20; 34, 400; 680, G
21; 34, 420; 680, G
22; 34, 440; 680, G
11; 27, 220; 540, G
11; 25, 220; 500, G
10; 26, 200; 520, G
25; 30, 500; 600, G
23; 41, 460; 820, G
24; 41, 480; 820, G
25; 40, 500; 800, G
26; 39, 520; 780, G
26; 38, 520; 760, G
26; 37, 520; 740, G
26; 36, 520; 720, G
26; 35, 520; 700, G
26; 34, 520; 680, G
26; 33, 520; 660, G
26; 32, 520; 640, G
26; 31, 520; 620, G
21; 35, 420; 700, G
20; 35, 400; 700, G
20; 36, 400; 720, G
20; 37, 400; 740, G
20; 38, 400; 760, G
20; 39, 400; 780, G
20; 40, 400; 800, G
20; 41, 400; 820, G
20; 42, 400; 840, G
20; 43, 400; 860, G
20; 44, 400; 880, G
20; 45, 400; 900, G
20; 46, 400; 920, G
21; 46, 420; 920, G
22; 46, 440; 920, G
23; 46, 460; 920, G
24; 46, 480; 920, G
25; 46, 500; 920, G
26; 46, 520; 920, G
27; 46, 540; 920, G
28; 46, 560; 920, G
29; 46, 580; 920, G| move, 1.0, 580; 620, player, 581; 918; 38; 2
30; 46, 600; 920, G| move, 1.0, 600; 620, player, 581; 918; 38; 2
31; 46, 620; 920, G
27; 31, 540; 620, G
28; 31, 560; 620, G
31; 31, 620; 620, G
32; 31, 640; 620, G
28; 38, 560; 760, G
27; 38, 540; 760, G
31; 37, 620; 733, G
32; 37, 640; 733, G
28; 35, 560; 708, G
27; 35, 540; 708, G
31; 34, 620; 683, G
32; 34, 640; 683, G
28; 33, 560; 661, G
27; 33, 540; 661, G
33; 31, 660; 620, G
34; 31, 680; 620, G
32; 46, 640; 920, G
33; 46, 660; 920, G
34; 46, 680; 920, G
34; 32, 680; 640, G
35; 33, 700; 660, G
36; 34, 720; 680, G
37; 33, 740; 660, G
40; 32, 800; 640, G
40; 31, 800; 620, G
40; 29, 800; 580, G
39; 29, 780; 580, G
40; 30, 800; 600, G
40; 33, 800; 660, G
40; 34, 800; 680, G
40; 35, 800; 700, G
40; 36, 800; 720, G
37; 41, 740; 820, G
38; 41, 760; 820, G
38; 40, 760; 800, G
38; 39, 760; 780, G
38; 38, 760; 760, G
39; 38, 780; 760, G
39; 37, 780; 740, G
40; 37, 800; 740, G
36; 35, 720; 700, G
36; 36, 720; 720, G
37; 42, 740; 840, G
37; 43, 740; 860, G
37; 44, 740; 880, G
38; 44, 760; 880, G
39; 44, 780; 880, G
40; 44, 800; 880, G
35; 46, 700; 920, G
36; 46, 720; 920, G
37; 46, 740; 920, G
37; 47, 740; 940, G
37; 48, 740; 960, G
41; 48, 820; 960, G
41; 47, 820; 940, G
41; 46, 820; 920, G
37; 49, 740; 980, G
38; 49, 760; 980, G
39; 49, 780; 980, G
40; 49, 800; 980, G
41; 49, 820; 980, G
42; 46, 840; 920, G
43; 46, 860; 920, G
41; 43, 820; 860, G
42; 42, 840; 840, G
43; 42, 860; 840, G
44; 42, 880; 840, G
45; 42, 900; 840, G
44; 46, 880; 920, G
45; 46, 900; 920, G
46; 46, 920; 920, G
47; 46, 940; 920, G
46; 42, 920; 840, G
47; 42, 940; 840, G
#spikes
36; 24, 720; 480, 1
36; 25, 720; 500, 2
37; 25, 740; 500, 1
37; 26, 740; 520, 2
37; 28, 740; 570, 1
32; 27, 640; 540, 4| move, 3.0, 640; 480, 32; 27, 659; 540; 20; 20| move, 3.0, 520; 480, 31; 26, 620; 441; 20; 20| move, 3.0, 520; 540, 30; 27, 462; 480; 20; 20| move, 3.0, 640; 540, 31; 28, 500; 579; 20; 20
31; 26, 620; 520, 1| move, 3.0, 620; 460, 32; 27, 659; 540; 20; 20| move, 3.0, 500; 460, 31; 26, 620; 441; 20; 20| move, 3.0, 500; 520, 30; 27, 462; 480; 20; 20| move, 3.0, 620; 520, 31; 28, 500; 579; 20; 20
30; 27, 600; 540, 3| move, 3.0, 600; 480, 32; 27, 659; 540; 20; 20| move, 3.0, 480; 480, 31; 26, 620; 441; 20; 20| move, 3.0, 480; 540, 30; 27, 462; 480; 20; 20| move, 3.0, 600; 540, 31; 28, 500; 579; 20; 20
31; 28, 620; 560, 2| move, 3.0, 620; 500, 32; 27, 659; 540; 20; 20| move, 3.0, 500; 500, 31; 26, 620; 441; 20; 20| move, 3.0, 500; 560, 30; 27, 462; 480; 20; 20| move, 3.0, 620; 560, 31; 28, 500; 579; 20; 20
16; 27, 320; 540, 1
14; 23, 280; 460, 2
15; 23, 300; 460, 2
16; 23, 320; 460, 2
17; 23, 340; 460, 2
18; 23, 360; 460, 2
19; 23, 380; 460, 2
13; 24, 260; 480, 4
13; 25, 250; 500, 4
13; 27, 250; 540, 4
13; 28, 260; 560, 4
13; 29, 260; 580, 4
13; 30, 260; 600, 4
13; 31, 260; 620, 4
13; 32, 260; 640, 4
13; 33, 260; 660, 1
14; 34, 280; 680, 1
15; 34, 300; 680, 1
16; 33, 320; 660, 1
23; 25, 460; 500, 1
25; 31, 500; 620, 3
25; 32, 500; 640, 3
25; 33, 500; 660, 3
25; 34, 500; 680, 3
25; 35, 500; 700, 3
25; 36, 500; 720, 3
25; 37, 500; 740, 3
25; 38, 500; 760, 3
25; 39, 500; 780, 3
24; 40, 480; 800, 1
23; 40, 460; 800, 1
22; 39, 440; 780, 1
22; 40, 440; 800, 2
22; 35, 440; 700, 2
21; 36, 420; 720, 2
31; 44, 620; 880, 1
31; 45, 620; 900, 2
29; 38, 580; 760, 4
30; 37, 600; 733, 3
29; 35, 580; 708, 4
30; 35, 600; 683, 3
27; 37, 540; 740, 1
28; 37, 560; 740, 1
31; 35, 620; 713, 1
32; 35, 640; 713, 1
28; 34, 560; 688, 1
27; 34, 540; 688, 1
31; 33, 620; 663, 1
32; 33, 640; 663, 1
28; 32, 560; 641, 1
27; 32, 540; 641, 1
29; 33, 580; 661, 4
30; 41, 590; 820, 1
30; 42, 590; 840, 2
36; 30, 720; 600, 2
35; 32, 700; 640, 1
36; 33, 720; 660, 1
37; 32, 740; 640, 1
39; 32, 780; 640, 3
39; 31, 780; 620, 3
39; 30, 780; 600, 3
39; 33, 780; 660, 3
39; 34, 780; 680, 3
39; 35, 780; 700, 3
39; 36, 780; 720, 3
38; 37, 760; 740, 1
37; 40, 740; 800, 1
37; 34, 740; 680, 2
36; 37, 720; 740, 2
39; 48, 780; 960, 1
40; 48, 800; 960, 1
38; 48, 760; 960, 1
43; 45, 850; 900, 1
44; 45, 870; 900, 1
21; 44, 420; 880, 1| move, 5.0, 560; 880, player, 500; 826; 20; 98
21; 45, 420; 900, 2| move, 5.0, 560; 900, player, 500; 826; 20; 98
