#misc
area, 1
checkpoint, 48; 30
checkpoint, 45; 38
checkpoint, 35; 38
chai, 1146; 529
chai, 1046; 429
chai, 626; 689
exit, 550; 750, 522; 920; 76; 2, 2, Area1Select, 8
size, 1300, 1020
spawn, 1026, 769, 1
name, 1 - 7
lock, 2, 1120, 520, G
exitP, Exit Level, Area1Select, 108
index, 8
music, 1
#blocks
50; 39, 1000; 780, G
49; 39, 980; 780, G
48; 39, 960; 780, G
51; 39, 1020; 780, G
52; 39, 1040; 780, G
47; 39, 940; 780, G
53; 39, 1060; 780, G
47; 38, 940; 760, G| teleport, 1120; 740, player, 1103; 458; 14; 2
47; 37, 940; 740, G| teleport, 1120; 720, player, 1103; 458; 14; 2
47; 36, 940; 720, G| teleport, 1120; 700, player, 1103; 458; 14; 2
47; 35, 940; 700, G
48; 35, 960; 700, G
49; 35, 980; 700, G
50; 35, 1000; 700, G
51; 35, 1020; 700, G
52; 35, 1040; 700, G
53; 35, 1060; 700, G
54; 40, 1080; 800, G
55; 40, 1100; 800, G
53; 40, 1060; 800, G
56; 40, 1120; 800, G
56; 39, 1120; 780, G
56; 38, 1120; 760, G
56; 37, 1120; 740, G
56; 36, 1120; 720, G
56; 35, 1120; 700, G
56; 34, 1120; 680, G
56; 33, 1120; 660, G
56; 32, 1120; 640, G
56; 31, 1120; 620, G
55; 31, 1100; 620, G| teleport, 1100; 380, player, 1103; 458; 14; 2
54; 31, 1080; 620, G| teleport, 1080; 380, player, 1103; 458; 14; 2
53; 31, 1060; 620, G
52; 31, 1040; 620, G
51; 31, 1020; 620, G
50; 31, 1000; 620, G
49; 31, 980; 620, G
48; 31, 960; 620, G
47; 31, 940; 620, G
46; 35, 920; 700, G
45; 35, 900; 700, G
44; 35, 880; 700, G
44; 34, 880; 680, G
44; 33, 880; 660, G
44; 32, 880; 640, G
44; 31, 880; 620, G
44; 30, 880; 600, G
44; 29, 880; 580, G
44; 28, 880; 560, G
44; 27, 880; 540, G
45; 27, 900; 540, G
46; 27, 920; 540, G
47; 27, 940; 540, G
48; 27, 960; 540, G
49; 27, 980; 540, G
50; 27, 1000; 540, G
51; 27, 1020; 540, G
52; 27, 1040; 540, G
50; 28, 1000; 560, G
56; 30, 1120; 600, G
56; 29, 1120; 580, G
56; 28, 1120; 560, G
56; 25, 1120; 500, G
56; 24, 1120; 480, G
56; 23, 1120; 460, G
56; 22, 1120; 440, G
56; 21, 1120; 420, G
56; 20, 1120; 400, G
53; 27, 1060; 540, G
53; 26, 1060; 520, G
53; 25, 1060; 500, G
53; 24, 1060; 480, G
53; 23, 1060; 460, G
53; 20, 1060; 400, G
55; 27, 1100; 540, G| teleport, 1120; 540, player, 1103; 458; 14; 2
55; 23, 1100; 460, G| teleport, 1120; 460, player, 1103; 458; 14; 2
53; 19, 1060; 380, G
54; 19, 1080; 380, G
55; 19, 1100; 380, G
56; 19, 1120; 380, G
56; 27, 1120; 540, G
57; 27, 1140; 540, G
58; 26, 1160; 520, G| teleport, 1120; 520, player, 1103; 458; 14; 2
57; 25, 1140; 500, G
51; 21, 1020; 420, G
52; 22, 1040; 440, G
52; 20, 1040; 400, G
43; 30, 880; 600, G| teleport, 1060; 600, player, 1103; 458; 14; 2
43; 29, 880; 580, G| teleport, 1060; 580, player, 1103; 458; 14; 2
43; 28, 880; 560, G| teleport, 1060; 560, player, 1103; 458; 14; 2
46; 39, 920; 780, G
45; 39, 900; 780, G
44; 39, 880; 780, G
41; 39, 820; 780, G
38; 39, 760; 780, G
35; 39, 700; 780, G
32; 39, 640; 780, G
43; 34, 860; 680, G
42; 34, 840; 680, G
41; 34, 820; 680, G
40; 34, 800; 680, G
39; 34, 780; 680, G
38; 34, 760; 680, G
37; 34, 740; 680, G
36; 34, 720; 680, G
35; 34, 700; 680, G
34; 34, 680; 680, G
33; 34, 660; 680, G
32; 34, 640; 680, G
32; 42, 640; 840, G
33; 42, 660; 840, G
34; 42, 680; 840, G
35; 42, 700; 840, G
36; 42, 720; 840, G
37; 42, 740; 840, G
38; 42, 760; 840, G
39; 42, 780; 840, G
40; 42, 800; 840, G
41; 42, 820; 840, G
42; 42, 840; 840, G
43; 41, 860; 820, G
44; 40, 880; 800, G
31; 35, 620; 700, G
29; 39, 580; 780, G
31; 42, 620; 840, G
30; 41, 600; 820, G
29; 40, 580; 800, G
30; 35, 600; 700, G
29; 35, 580; 700, G
26; 39, 520; 780, G
26; 38, 520; 760, G
26; 37, 520; 740, G
26; 36, 520; 720, G
26; 35, 520; 700, G
26; 34, 520; 680, G
26; 33, 520; 660, G
26; 32, 520; 640, G
27; 32, 540; 640, G
28; 32, 560; 640, G
29; 32, 580; 640, G
30; 32, 600; 640, G
31; 32, 620; 640, G
32; 32, 640; 640, G
26; 40, 520; 800, G
26; 41, 520; 820, G
26; 42, 520; 840, G
26; 43, 520; 860, G
26; 44, 520; 880, G
29; 41, 580; 820, G
29; 42, 580; 840, G
29; 43, 580; 860, G
29; 44, 580; 880, G
29; 45, 580; 900, G
26; 45, 520; 900, G
30; 42, 600; 840, G
32; 33, 640; 660, G
26; 46, 520; 920, G
26; 47, 520; 940, G
26; 48, 520; 960, G
29; 48, 580; 960, G
29; 46, 580; 920, G
29; 47, 580; 940, G
29; 49, 580; 980, G
26; 49, 520; 980, G
26; 50, 520; 1000, G
29; 50, 580; 1000, G
43; 33, 880; 660, G| teleport, 1060; 680, player, 1103; 458; 14; 2
43; 32, 880; 640, G| teleport, 1060; 660, player, 1103; 458; 14; 2
43; 31, 880; 620, G| teleport, 1060; 640, player, 1103; 458; 14; 2
53; 22, 1060; 440, G
58; 27, 1160; 520, G
#spikes
53; 36, 1060; 720, 2
52; 36, 1040; 720, 2
51; 36, 1020; 720, 2
50; 36, 1000; 720, 2
49; 36, 980; 720, 2
48; 36, 960; 720, 2
54; 39, 1080; 780, 1
55; 39, 1100; 780, 1
47; 34, 920; 680, 1
49; 34, 970; 680, 1
51; 34, 1020; 680, 1
50; 29, 1000; 580, 2
51; 30, 1022; 600, 1
55; 28, 1100; 560, 2| teleport, 1120; 560, player, 1103; 458; 14; 2
55; 24, 1100; 480, 2| teleport, 1120; 480, player, 1103; 458; 14; 2
48; 37, 940; 720, 2
46; 36, 920; 720, 2
45; 36, 900; 720, 2
44; 36, 880; 720, 2
43; 35, 860; 700, 2
42; 35, 840; 700, 2
41; 35, 820; 700, 2
40; 35, 800; 700, 2
39; 35, 780; 700, 2
38; 35, 760; 700, 2
37; 35, 740; 700, 2
36; 35, 720; 700, 2
35; 35, 700; 700, 2
34; 35, 680; 700, 2
33; 35, 660; 700, 2
32; 35, 640; 700, 2
43; 40, 860; 800, 1
42; 41, 840; 820, 1
41; 41, 820; 820, 1
40; 41, 800; 820, 1
39; 41, 780; 820, 1
38; 41, 760; 820, 1
37; 41, 740; 820, 1
36; 41, 720; 820, 1
35; 41, 700; 820, 1
34; 41, 680; 820, 1
33; 41, 660; 820, 1
32; 41, 640; 820, 1
39; 37, 790; 750, 1
39; 38, 790; 770, 2
36; 37, 730; 750, 1
36; 38, 730; 770, 2
33; 37, 670; 750, 1
33; 38, 670; 770, 2
31; 36, 620; 720, 2
30; 40, 600; 800, 1
31; 41, 620; 820, 1
30; 36, 600; 720, 2
29; 36, 580; 720, 2
28; 35, 560; 700, 3
27; 35, 540; 700, 4| alternate, 540; 700; 4, 580; 680; 1, 1.3, 26; 35, 520; 700; 20; 20
28; 40, 560; 800, 3
27; 43, 540; 860, 4
28; 47, 560; 940, 3| teleport, 540; 940; 4, player, 538; 931; 44; 2
55; 20, 1100; 400, 2
54; 20, 1080; 400, 2
54; 22, 1067; 443, 2