#misc
area, 1
checkpoint, 60; 29
checkpoint, 64; 32
checkpoint, 64; 45
chai, 1266; 649
chai, 1306; 909
chai, 1346; 909
exit, 1200; 650, 0; 630; 2; 40, 3, decor, 1
exit, 1200; 995, 1166; 1120; 88; 2, 2, Area1Select, 10
size, 1500, 1120
spawn, 1146, 229, 1
name, 1 - 9
lock, 4, 1320, 900, G
exitP, Exit Level, Area1Select, 110
index, 10
music, 1
nostatus
#blocks
58; 12, 1160; 240, G
57; 12, 1140; 240, G
56; 12, 1120; 240, G
55; 11, 1100; 220, G
55; 10, 1100; 200, G
55; 9, 1100; 180, G
55; 8, 1100; 160, G
62; 12, 1240; 240, G
62; 11, 1240; 220, G
62; 10, 1240; 200, G
62; 9, 1240; 180, G
62; 8, 1240; 160, G
58; 14, 1160; 280, G
58; 15, 1160; 300, G
58; 16, 1160; 320, G
58; 17, 1160; 340, G
58; 13, 1160; 260, G
62; 13, 1240; 260, G
62; 14, 1240; 280, G
62; 15, 1240; 300, G
62; 16, 1240; 320, G
62; 17, 1240; 340, G
60; 17, 1200; 340, G
60; 18, 1200; 360, G
60; 19, 1200; 380, G
60; 20, 1200; 400, G
60; 21, 1200; 420, G
60; 22, 1200; 440, G
60; 16, 1200; 320, G
58; 18, 1160; 360, G
58; 19, 1160; 380, G
58; 21, 1160; 420, G
58; 22, 1160; 440, G
58; 23, 1160; 460, G
58; 24, 1160; 480, G
58; 25, 1160; 500, G
58; 20, 1160; 400, G
62; 18, 1240; 360, G
62; 19, 1240; 380, G
62; 20, 1240; 400, G
62; 21, 1240; 420, G
62; 22, 1240; 440, G
62; 23, 1240; 460, G
62; 24, 1240; 480, G
62; 25, 1240; 500, G
58; 26, 1160; 520, G
58; 27, 1160; 540, G
58; 28, 1160; 560, G
58; 30, 1160; 600, G
58; 31, 1160; 620, G
58; 32, 1160; 640, G
62; 26, 1240; 520, G
62; 27, 1240; 540, G
62; 28, 1240; 560, G
58; 29, 1160; 580, G
61; 29, 1220; 580, G
59; 29, 1180; 580, G
62; 33, 1240; 660, G
63; 33, 1260; 660, G
63; 29, 1260; 580, G
62; 29, 1240; 580, G
58; 33, 1160; 660, G
58; 34, 1160; 680, G
58; 35, 1160; 700, G
58; 36, 1160; 720, G
62; 34, 1240; 680, G
62; 35, 1240; 700, G
62; 36, 1240; 720, G
57; 37, 1140; 740, G
63; 37, 1260; 740, G
64; 38, 1280; 760, G
56; 38, 1120; 760, G
65; 39, 1300; 780, G
55; 39, 1100; 780, G
65; 42, 1300; 840, G
55; 40, 1100; 800, G
55; 41, 1100; 820, G
55; 42, 1100; 840, G
66; 41, 1320; 820, G
66; 40, 1320; 800, G
65; 43, 1300; 860, G
64; 46, 1280; 920, G
65; 46, 1300; 920, G
66; 46, 1320; 920, G
65; 44, 1300; 880, G
66; 44, 1320; 880, G
56; 7, 1120; 140, G
57; 7, 1140; 140, G
58; 7, 1160; 140, G
61; 7, 1220; 140, G
59; 7, 1180; 140, G
60; 7, 1200; 140, G
64; 33, 1280; 660, G
65; 33, 1300; 660, G
65; 32, 1300; 640, G
65; 31, 1300; 620, G
65; 30, 1300; 600, G
65; 29, 1300; 580, G
64; 29, 1280; 580, G
67; 46, 1340; 920, G
67; 44, 1340; 880, G
68; 45, 1360; 900, G
55; 43, 1100; 860, G
55; 44, 1100; 880, G
55; 45, 1100; 900, G
55; 46, 1100; 920, G
55; 47, 1100; 940, G
55; 48, 1100; 960, G
55; 49, 1100; 980, G
56; 50, 1120; 1000, G
57; 51, 1140; 1020, G
65; 47, 1300; 940, G
65; 48, 1300; 960, G
64; 50, 1280; 1000, G
63; 51, 1260; 1020, G
65; 49, 1300; 980, G
62; 52, 1240; 1040, G
58; 52, 1160; 1040, G
62; 53, 1240; 1060, G
62; 54, 1240; 1080, G
62; 55, 1240; 1100, G
58; 53, 1160; 1060, G
58; 54, 1160; 1080, G
58; 55, 1160; 1100, G
#spikes
60; 15, 1200; 300, 1
60; 23, 1200; 460, 2
61; 28, 1220; 560, 1
59; 28, 1180; 560, 1
61; 30, 1220; 600, 2
59; 30, 1180; 600, 2
62; 32, 1240; 640, 1
60; 35, 1200; 685, 1
60; 36, 1200; 705, 2
61; 41, 1220; 817, 1
61; 42, 1220; 837, 2
62; 43, 1240; 858, 2
63; 44, 1260; 887, 2
62; 42, 1240; 838, 1
63; 43, 1260; 867, 1
64; 41, 1280; 822, 1
64; 42, 1280; 840, 2
63; 45, 1260; 906, 1
63; 46, 1260; 926, 2
60; 37, 1200; 725, 1
60; 38, 1200; 745, 2
60; 39, 1200; 765, 1
60; 40, 1200; 785, 2
59; 40, 1180; 800, 1
59; 41, 1180; 820, 2
58; 42, 1160; 847, 1
58; 43, 1160; 867, 2
60; 45, 1200; 900, 1
60; 46, 1200; 920, 2
57; 48, 1140; 960, 1
57; 49, 1140; 980, 2
57; 50, 1140; 1000, 1
56; 49, 1120; 980, 1
59; 47, 1190; 940, 3
60; 47, 1210; 940, 4
58; 51, 1160; 1020, 1
62; 51, 1240; 1020, 1
63; 50, 1260; 1000, 1
64; 49, 1280; 980, 1
62; 49, 1240; 980, 1
62; 50, 1240; 1000, 2
59; 55, 1180; 1100, 4
59; 54, 1175; 1080, 4
59; 53, 1170; 1060, 4
59; 52, 1165; 1040, 4
61; 55, 1220; 1100, 3
61; 54, 1225; 1080, 3
61; 53, 1230; 1060, 3
61; 52, 1235; 1040, 3