#misc
area, 1
checkpoint, 33; 3
checkpoint, 23; 3
checkpoint, 7; 26
chai, 706; 469
chai, 426; 69
chai, 266; 469
exit, 70; 600, 0; 522; 2; 142, 3, Area1Select, 2
exit, 390; 430, 0; 410; 2; 40, 3, decor, 1
size, 780, 740
spawn, 446, 509, 0
name, 1 - 1
exitP, Exit Level, Area1Select, 102
index, 2
music, 1
#blocks
22; 26, 440; 520, G
18; 27, 360; 540, G
19; 27, 380; 540, G
20; 27, 400; 540, G
21; 27, 420; 540, G
23; 27, 460; 540, G
24; 27, 480; 540, G
25; 27, 500; 540, G
26; 27, 520; 540, G
23; 25, 460; 500, G
21; 25, 420; 500, G
24; 24, 480; 480, G
20; 24, 400; 480, G
25; 24, 500; 480, G
19; 24, 380; 480, G
26; 24, 520; 480, G
18; 24, 360; 480, G
27; 24, 540; 480, G
28; 24, 560; 480, G
29; 24, 580; 480, G
30; 24, 600; 480, G
31; 24, 620; 480, G
32; 24, 640; 480, G
33; 24, 660; 480, G
34; 24, 680; 480, G
35; 24, 700; 480, G
36; 24, 720; 480, G
37; 24, 740; 480, G
38; 24, 760; 480, G
38; 23, 760; 460, G
38; 22, 760; 440, G
38; 21, 760; 420, G
38; 20, 760; 400, G
38; 19, 760; 380, G
38; 18, 760; 360, G
38; 17, 760; 340, G
38; 16, 760; 320, G
38; 15, 760; 300, G
38; 14, 760; 280, G
38; 13, 760; 260, G
38; 12, 760; 240, G
38; 11, 760; 220, G
38; 10, 760; 200, G
38; 9, 760; 180, G
38; 8, 760; 160, G
38; 7, 760; 140, G
38; 6, 760; 120, G
38; 5, 760; 100, G
38; 4, 760; 80, G
38; 3, 760; 60, G
38; 2, 760; 40, G
38; 1, 760; 20, G
38; 0, 760; 0, G
37; 19, 740; 380, G
37; 14, 740; 280, G
37; 9, 740; 180, G
34; 4, 680; 80, G
33; 4, 660; 80, G
32; 4, 640; 80, G
31; 4, 620; 80, G
30; 4, 600; 80, G
29; 4, 580; 80, G
28; 4, 560; 80, G
27; 4, 540; 80, G
26; 4, 520; 80, G
25; 4, 500; 80, G
24; 4, 480; 80, G
23; 4, 460; 80, G
22; 4, 440; 80, G
21; 4, 420; 80, G
20; 4, 400; 80, G
19; 3, 380; 60, G
19; 2, 380; 40, G
19; 1, 380; 20, G
19; 0, 380; 0, G
16; 20, 320; 410, G
14; 24, 280; 480, G
13; 24, 260; 480, G
12; 24, 240; 480, G
11; 24, 220; 480, G
13; 22, 260; 440, G
13; 21, 260; 420, G
13; 20, 260; 400, G
13; 18, 260; 360, G
13; 17, 260; 340, G
13; 16, 260; 320, G
13; 15, 260; 300, G
13; 14, 260; 280, G
13; 13, 260; 260, G
13; 12, 260; 240, G
13; 11, 260; 220, G
13; 10, 260; 200, G
13; 9, 260; 180, G
13; 8, 260; 160, G
13; 5, 260; 100, G
13; 4, 260; 80, G
19; 4, 380; 80, G
13; 7, 260; 140, G
13; 6, 260; 120, G
13; 3, 260; 60, G
13; 2, 260; 40, G
13; 1, 260; 20, G
13; 0, 260; 0, G
10; 24, 200; 480, G
9; 24, 180; 480, G
8; 19, 160; 380, G
9; 19, 180; 380, G
10; 19, 200; 380, G
11; 19, 220; 380, G
12; 19, 240; 380, G
13; 19, 260; 380, G
8; 24, 160; 480, G
7; 24, 140; 480, G
8; 23, 160; 460, G
5; 19, 100; 380, G
6; 19, 120; 380, G
7; 19, 140; 380, G
5; 20, 100; 400, G
5; 21, 100; 420, G
5; 22, 100; 440, G
5; 23, 100; 460, G
5; 24, 100; 480, G
5; 25, 100; 500, G
5; 26, 100; 520, G
5; 27, 100; 540, G
6; 27, 120; 540, G
7; 27, 140; 540, G
8; 27, 160; 540, G
11; 27, 220; 540, G
12; 27, 240; 540, G
14; 27, 280; 540, G
14; 28, 280; 560, G
14; 29, 280; 580, G
8; 29, 160; 580, G
11; 30, 220; 600, G
11; 29, 220; 580, G
11; 28, 220; 560, G
8; 28, 160; 560, G
10; 30, 200; 600, G
9; 30, 180; 600, G
8; 30, 160; 600, G
14; 31, 280; 620, G
14; 32, 280; 640, G
14; 30, 280; 600, G
13; 33, 260; 660, G
12; 33, 240; 660, G
11; 33, 220; 660, G
10; 33, 200; 660, G
9; 33, 180; 660, G
8; 33, 160; 660, G
7; 33, 140; 660, G
6; 33, 120; 660, G
5; 33, 100; 660, G
4; 33, 80; 660, G
3; 33, 60; 660, G
2; 33, 40; 660, G
1; 33, 20; 660, G
0; 33, 0; 660, G
7; 29, 140; 580, G
7; 28, 140; 560, G
6; 28, 120; 560, G
#spikes
22; 27, 440; 540, 2
21; 26, 420; 520, 1
20; 26, 400; 520, 1
19; 26, 380; 520, 1
18; 26, 360; 520, 1
23; 26, 460; 520, 1
24; 26, 480; 520, 1
25; 26, 500; 520, 1
26; 26, 520; 520, 1
27; 23, 540; 460, 1
28; 23, 560; 460, 1
29; 23, 580; 460, 1
31; 23, 620; 460, 1
32; 23, 640; 460, 1
33; 23, 660; 460, 1
37; 23, 740; 460, 1
29; 3, 580; 70, 1
28; 3, 560; 70, 1
26; 3, 520; 70, 1
25; 3, 500; 70, 1
27; 2, 540; 40, 2
27; 1, 540; 20, 2
27; 0, 540; 0, 2
30; 2, 600; 40, 2
30; 1, 600; 20, 2
30; 0, 600; 0, 2
24; 2, 480; 40, 2
24; 1, 480; 20, 2
24; 0, 480; 0, 2
28; 0, 570; -10, 2
25; 0, 510; -10, 2
16; 21, 320; 430, 2
14; 25, 280; 500, 2| teleport, 280; 460; 1, player, 320; 427; 20; 86
13; 25, 260; 500, 2
12; 25, 240; 500, 2
11; 25, 220; 490, 2
10; 25, 200; 485, 2
9; 25, 180; 485, 2
9; 23, 180; 460, 1
8; 22, 160; 440, 1
7; 23, 140; 460, 1
8; 25, 160; 490, 2
7; 25, 140; 500, 2
14; 26, 280; 520, 1
9; 29, 180; 580, 1
10; 29, 200; 580, 1
13; 30, 260; 600, 1
13; 31, 260; 620, 2
5; 28, 100; 550, 2
6; 29, 120; 570, 2
7; 30, 140; 590, 2
8; 31, 160; 610, 2
9; 31, 180; 610, 2| teleport, 180; 656; 1, player, 220; 640; 20; 20
10; 31, 200; 610, 2
11; 31, 220; 610, 2