#misc
area, 1
checkpoint, 21; 40
checkpoint, 10; 35
checkpoint, 14; 20
checkpoint, 13; 15
checkpoint, 31; 20
chai, 446; 409
chai, 466; 409
chai, 346; 289
exit, 440; 300, 870; 290; 2; 40, 4, decor, 1
exit, 700; 360, 860; 335; 2; 88, 4, Area1Select, 7
size, 860, 920
spawn, 686, 809, 0
name, 1 - 6
lock, 1, 400, 400, G
exitP, Exit Level, Area1Select, 107
index, 7
music, 1
#blocks
32; 41, 640; 820, G
33; 41, 660; 820, G
34; 41, 680; 820, G
35; 41, 700; 820, G
36; 41, 720; 820, G
37; 41, 740; 820, G
37; 40, 740; 800, G
37; 39, 740; 780, G
37; 38, 740; 760, G
37; 37, 740; 740, G
28; 41, 560; 820, G
27; 41, 540; 820, G
23; 41, 460; 820, G
22; 41, 440; 820, G
37; 36, 740; 720, G
36; 36, 720; 720, G
35; 36, 700; 720, G
34; 36, 680; 720, G
33; 36, 660; 720, G
32; 36, 640; 720, G
31; 36, 620; 720, G
30; 36, 600; 720, G
29; 36, 580; 720, G
28; 36, 560; 720, G
27; 36, 540; 720, G
26; 36, 520; 720, G
25; 36, 500; 720, G
24; 36, 480; 720, G
23; 36, 460; 720, G
22; 36, 440; 720, G
21; 41, 420; 820, G
21; 36, 420; 720, G
20; 36, 400; 720, G
20; 41, 400; 820, G
19; 41, 380; 820, G
18; 41, 360; 820, G
17; 41, 340; 820, G
16; 41, 320; 820, G
19; 35, 380; 700, G
18; 35, 360; 700, G
17; 35, 340; 700, G
16; 35, 320; 700, G
15; 35, 300; 700, G
15; 41, 300; 820, G
14; 41, 280; 820, G
13; 41, 260; 820, G
12; 41, 240; 820, G
11; 41, 220; 820, G
17; 39, 340; 780, G
17; 40, 340; 800, G
10; 41, 200; 820, G
9; 41, 180; 820, G
9; 40, 180; 800, G
9; 39, 180; 780, G
9; 38, 180; 760, G
9; 37, 180; 740, G
10; 36, 200; 720, G
9; 36, 180; 720, G
14; 36, 280; 720, G
13; 36, 260; 720, G
13; 35, 260; 700, G
13; 34, 260; 680, G
13; 33, 260; 660, G
13; 32, 260; 640, G
13; 31, 260; 620, G
9; 35, 180; 700, G
9; 34, 180; 680, G
9; 33, 180; 660, G
9; 32, 180; 640, G
12; 31, 240; 620, G
9; 31, 180; 620, G
9; 30, 180; 600, G
9; 29, 180; 580, G
9; 28, 180; 560, G
13; 30, 260; 600, G
13; 29, 260; 580, G
13; 28, 260; 560, G
13; 27, 260; 540, G
13; 26, 260; 520, G
9; 27, 180; 540, G
10; 26, 200; 520, G
13; 25, 260; 500, G
13; 24, 260; 480, G
13; 23, 260; 460, G
9; 26, 180; 520, G
9; 25, 180; 500, G
9; 24, 180; 480, G
9; 23, 180; 460, G
9; 22, 180; 440, G
13; 22, 260; 440, G
13; 21, 260; 420, G
12; 21, 240; 420, G
9; 21, 180; 420, G
9; 20, 180; 400, G
9; 19, 180; 380, G
9; 18, 180; 360, G
9; 17, 180; 340, G
11; 16, 220; 320, G
12; 16, 240; 320, G
13; 16, 260; 320, G
14; 16, 280; 320, G
14; 21, 280; 420, G
15; 21, 300; 420, G
16; 21, 320; 420, G
17; 21, 340; 420, G
18; 21, 360; 420, G
19; 21, 380; 420, G
20; 21, 400; 420, G
20; 19, 400; 380, G
20; 18, 400; 360, G
21; 17, 420; 340, G
22; 17, 440; 340, G
23; 17, 460; 340, G
24; 17, 480; 340, G
21; 21, 420; 420, G
22; 21, 440; 420, G
23; 21, 460; 420, G
24; 21, 480; 420, G
25; 21, 500; 420, G
25; 20, 500; 400, G
25; 19, 500; 380, G
25; 18, 500; 360, G
26; 21, 520; 420, G
27; 21, 540; 420, G
28; 21, 560; 420, G
25; 17, 500; 340, G
20; 17, 400; 340, G
15; 16, 300; 320, G
16; 16, 320; 320, G
17; 15, 340; 300, G
18; 14, 360; 280, G
29; 16, 580; 320, G
27; 14, 540; 280, G
28; 15, 560; 300, G
19; 13, 380; 260, G
20; 13, 400; 260, G
21; 13, 420; 260, G
24; 13, 480; 260, G
25; 13, 500; 260, G
26; 13, 520; 260, G
18; 13, 360; 260, G
17; 13, 340; 260, G
16; 13, 320; 260, G
15; 13, 300; 260, G
14; 13, 280; 260, G
13; 13, 260; 260, G
12; 13, 240; 260, G
24; 12, 480; 240, G
24; 11, 480; 220, G
24; 9, 480; 180, G
24; 10, 480; 200, G
15; 9, 300; 180, G
16; 9, 320; 180, G
17; 9, 340; 180, G
18; 9, 360; 180, G
19; 9, 380; 180, G
20; 9, 400; 180, G
21; 9, 420; 180, G
22; 9, 440; 180, G
23; 9, 460; 180, G
10; 16, 200; 320, G
10; 9, 200; 180, G
11; 13, 220; 260, G
14; 9, 280; 180, G
13; 9, 260; 180, G
12; 9, 240; 180, G
11; 9, 220; 180, G
9; 15, 180; 300, G
9; 14, 180; 280, G
9; 13, 180; 260, G
9; 12, 180; 240, G
9; 11, 180; 220, G
9; 10, 180; 200, G
9; 9, 180; 180, G
9; 16, 180; 320, G
29; 21, 580; 420, G
30; 21, 600; 420, G
31; 21, 620; 420, G
30; 16, 600; 320, G
31; 16, 620; 320, G
32; 21, 640; 420, G
33; 21, 660; 420, G
34; 21, 680; 420, G
35; 21, 700; 420, G
36; 21, 720; 420, G
37; 21, 740; 420, G
38; 21, 760; 420, G
39; 21, 780; 420, G
40; 21, 800; 420, G| front
41; 21, 820; 420, G
42; 21, 840; 420, G| front
32; 16, 640; 320, G
33; 16, 660; 320, G
34; 16, 680; 320, G
35; 16, 700; 320, G
36; 16, 720; 320, G
40; 16, 800; 320, G
41; 16, 820; 320, G
42; 16, 840; 320, G
42; 20, 840; 410, G
40; 20, 800; 410, G
38; 17, 760; 340, G
37; 17, 740; 330, G
39; 17, 780; 330, G
#spikes
31; 40, 620; 800, 4
29; 40, 580; 800, 3
30; 39, 600; 780, 1
30; 41, 600; 820, 2
26; 40, 520; 800, 4
25; 41, 500; 820, 2
24; 40, 480; 800, 3
25; 39, 500; 780, 1
19; 36, 380; 720, 2
17; 38, 340; 760, 1
15; 36, 300; 720, 2| teleport, 300; 800; 1, player, 270; 781; 74; 20
14; 40, 280; 800, 1
13; 40, 260; 800, 1
10; 37, 200; 740, 2
12; 32, 240; 640, 2
10; 27, 200; 540, 2
12; 22, 240; 440, 2
20; 16, 400; 330, 1| move, 2.7, 500; 330, 20; 16, 381; 340; 20; 20| move, 2.7, 400; 330, 20; 16, 519; 320; 20; 20
23; 13, 460; 260, 3| move, 0.5, 480; 260, 23; 13, 441; 260; 20; 20| move, 0.5, 460; 260, 23; 13, 499; 260; 20; 20
22; 13, 440; 260, 4| move, 0.5, 420; 260, 22; 13, 459; 260; 20; 20| move, 0.5, 440; 260, 22; 13, 401; 260; 20; 20
11; 14, 220; 280, 2
10; 15, 200; 305, 1
15; 15, 300; 305, 1
16; 15, 320; 317, 2
20; 12, 400; 250, 1| move, 2.5, 320; 250, 20; 12, 419; 240; 20; 20| move, 2.5, 400; 250, 20; 12, 301; 240; 20; 20
15; 12, 300; 250, 1| move, 2.5, 220; 250, 15; 12, 319; 240; 20; 20| move, 2.5, 300; 250, 15; 12, 201; 240; 20; 20
34; 20, 680; 400, 1
35; 20, 700; 400, 1
36; 20, 720; 400, 1
40; 19, 800; 390, 1
42; 19, 840; 390, 1
41; 20, 820; 417, 2
41; 17, 820; 340, 2
39; 18, 780; 350, 2
37; 18, 740; 350, 2
38; 18, 760; 360, 2