#misc
area, 1
checkpoint, 24; 25
exit, 240; 1460, 0; 1325; 2; 148, 3, Area1Entrance, 1
exit, 240; 1600, 2; 1470; 2; 136, 3, Area2Entrance, 1
exit, 240; 1740, 0; 1611; 2; 136, 3, Area3Entrance, 1
exit, 1500; 1460, 1700; 1333; 2; 136, 4, Area4Entrance, 1
exit, 1500; 1600, 1700; 1475; 2; 136, 4, Area5Entrance, 1
exit, 1500; 1740, 1700; 1616; 2; 130, 4, Area6Entrance, 1
exit, 840; 1910, 802; 2020; 94; 2, 2, FinalDungeon, 1, 4
size, 1700, 2020
spawn, 46, 509, 1
spawn, 746, 1449, 1
spawn, 746, 1589, 1
spawn, 746, 1729, 1
spawn, 946, 1449, 0
spawn, 946, 1589, 0
spawn, 946, 1729, 0
spawn, 846, 1889, 0
special, 1
name, Area Select
music, 1
#blocks
0; 26, 0; 520, G
1; 26, 20; 520, G
2; 26, 40; 520, G
3; 26, 60; 520, G
4; 26, 80; 520, G
5; 26, 100; 520, G
6; 26, 120; 520, G
7; 26, 140; 520, G
0; 21, 0; 420, G
1; 21, 20; 420, G
2; 21, 40; 420, G
3; 21, 60; 420, G
4; 21, 80; 420, G
5; 21, 100; 420, G
6; 21, 120; 420, G
7; 21, 140; 420, G
8; 21, 160; 420, G
9; 21, 180; 420, G
8; 26, 160; 520, G
9; 26, 180; 520, G
9; 27, 180; 540, G
9; 28, 180; 560, G
9; 29, 180; 580, G
10; 29, 200; 580, G
11; 29, 220; 580, G
12; 29, 240; 580, G
13; 29, 260; 580, G
13; 28, 260; 560, G
13; 27, 260; 540, G
13; 26, 260; 520, G
14; 26, 280; 520, G
15; 26, 300; 520, G
16; 26, 320; 520, G
17; 26, 340; 520, G
18; 26, 360; 520, G
18; 25, 360; 500, G
19; 26, 380; 520, G
20; 26, 400; 520, G
21; 26, 420; 520, G
10; 21, 200; 420, G
11; 21, 220; 420, G
12; 21, 240; 420, G
13; 21, 260; 420, G
14; 21, 280; 420, G
15; 21, 300; 420, G
16; 20, 320; 400, G
17; 19, 340; 380, G
18; 18, 360; 360, G
19; 19, 380; 380, G
20; 20, 400; 400, G
21; 21, 420; 420, G
22; 21, 440; 420, G
22; 26, 440; 520, G
23; 26, 460; 520, G
24; 26, 480; 520, G
25; 26, 500; 520, G
24; 21, 480; 420, G
23; 21, 460; 420, G
26; 26, 520; 520, G
27; 26, 540; 520, G
27; 25, 540; 500, G
27; 24, 540; 480, G
27; 23, 540; 460, G
24; 20, 480; 400, G
28; 23, 560; 460, G
29; 23, 580; 460, G
30; 23, 600; 460, G
31; 23, 620; 460, G
28; 19, 560; 380, G
27; 19, 540; 380, G
26; 19, 520; 380, G
25; 19, 500; 380, G
24; 19, 480; 380, G
33; 19, 660; 380, G
32; 19, 640; 380, G
31; 19, 620; 380, G
30; 19, 600; 380, G
29; 19, 580; 380, G
34; 19, 680; 380, G
34; 20, 680; 400, G
34; 21, 680; 420, G
34; 22, 680; 440, G
34; 23, 680; 460, G
34; 24, 680; 480, G
34; 25, 680; 500, G
33; 20, 660; 400, G
31; 24, 620; 480, G
31; 25, 620; 500, G
31; 26, 620; 520, G
31; 27, 620; 540, G
31; 28, 620; 560, G
31; 29, 620; 580, G
31; 30, 620; 600, G
31; 31, 620; 620, G
32; 31, 640; 620, G
33; 31, 660; 620, G
34; 31, 680; 620, G
34; 30, 680; 600, G
35; 30, 700; 600, B
36; 30, 720; 600, O
37; 30, 740; 600, R
38; 30, 760; 600, Pi
35; 25, 700; 500, B
36; 25, 720; 500, O
37; 25, 740; 500, R
38; 25, 760; 500, Pi
39; 25, 780; 500, Pu
40; 25, 800; 500, G
41; 25, 820; 500, B
42; 25, 840; 500, O
43; 25, 860; 500, R
44; 25, 880; 500, Pi
45; 25, 900; 500, Pu
39; 30, 780; 600, Pu
45; 26, 900; 520, G
45; 27, 900; 540, B
45; 28, 900; 560, O
45; 29, 900; 580, R
45; 30, 900; 600, Pi
39; 31, 780; 620, G
39; 32, 780; 640, B
39; 33, 780; 660, O
39; 34, 780; 680, R
39; 35, 780; 700, Pi
39; 36, 780; 720, Pu
39; 37, 780; 740, G
39; 38, 780; 760, B
39; 39, 780; 780, O
39; 40, 780; 800, R
39; 41, 780; 820, Pi
39; 42, 780; 840, Pu
39; 43, 780; 860, G
39; 44, 780; 880, B
39; 46, 780; 920, R
39; 45, 780; 900, O
39; 47, 780; 940, Pi
39; 48, 780; 960, Pu
39; 49, 780; 980, G
39; 50, 780; 1000, B
39; 51, 780; 1020, O
39; 52, 780; 1040, R
39; 53, 780; 1060, Pi
39; 54, 780; 1080, Pu
39; 55, 780; 1100, G
39; 56, 780; 1120, B
39; 58, 780; 1160, R
39; 59, 780; 1180, Pi
39; 60, 780; 1200, Pu
45; 31, 900; 620, Pu
45; 32, 900; 640, G
45; 33, 900; 660, B
45; 34, 900; 680, O
45; 36, 900; 720, Pi
45; 35, 900; 700, R
45; 37, 900; 740, Pu
45; 38, 900; 760, G
45; 39, 900; 780, B
45; 40, 900; 800, O
45; 41, 900; 820, R
45; 42, 900; 840, Pi
45; 43, 900; 860, Pu
45; 44, 900; 880, G
45; 45, 900; 900, B
45; 46, 900; 920, O
45; 47, 900; 940, R
45; 49, 900; 980, Pu
45; 48, 900; 960, Pi
45; 50, 900; 1000, G
45; 51, 900; 1020, B
45; 52, 900; 1040, O
45; 53, 900; 1060, R
45; 54, 900; 1080, Pi
45; 55, 900; 1100, Pu
45; 56, 900; 1120, G
45; 57, 900; 1140, B
45; 58, 900; 1160, O
45; 59, 900; 1180, R
45; 60, 900; 1200, Pi
40; 41, 800; 820, R
40; 42, 800; 840, Pi
40; 43, 800; 860, Pu
40; 44, 800; 880, G
40; 45, 800; 900, B
40; 46, 800; 920, O
40; 47, 800; 940, R
40; 48, 800; 960, Pi
40; 49, 800; 980, Pu
40; 50, 800; 1000, G
40; 51, 800; 1020, B
40; 52, 800; 1040, O
40; 53, 800; 1060, R
40; 54, 800; 1080, Pi
40; 55, 800; 1100, Pu
40; 56, 800; 1120, G
40; 57, 800; 1140, B
40; 58, 800; 1160, O
40; 59, 800; 1180, R
44; 41, 880; 820, Pi
44; 42, 880; 840, Pu
44; 43, 880; 860, G
44; 44, 880; 880, B
44; 45, 880; 900, O
44; 46, 880; 920, R
44; 47, 880; 940, Pi
44; 48, 880; 960, Pu
44; 49, 880; 980, G
44; 50, 880; 1000, B
44; 51, 880; 1020, O
44; 52, 880; 1040, R
44; 53, 880; 1060, Pi
44; 54, 880; 1080, Pu
44; 55, 880; 1100, G
44; 56, 880; 1120, B
39; 57, 780; 1140, B
44; 57, 880; 1140, O
44; 58, 880; 1160, R
44; 59, 880; 1180, Pi
41; 52, 820; 1040, B
41; 53, 820; 1060, O
41; 54, 820; 1080, R
41; 55, 820; 1100, Pi
41; 56, 820; 1120, Pu
41; 57, 820; 1140, Pi
41; 58, 820; 1160, R
43; 58, 860; 1160, Pi
43; 57, 860; 1140, R
43; 56, 860; 1120, O
43; 55, 860; 1100, B
43; 54, 860; 1080, G
43; 53, 860; 1060, Pu
43; 52, 860; 1040, Pi
41; 73, 820; 1460, B
42; 73, 840; 1460, B
43; 73, 860; 1460, B
38; 61, 760; 1220, G
37; 61, 740; 1220, G
36; 61, 720; 1220, G
35; 62, 700; 1240, G
33; 62, 660; 1240, G
34; 62, 680; 1240, G
32; 63, 640; 1260, G
31; 63, 620; 1260, G
30; 63, 600; 1260, G
40; 73, 800; 1460, G
39; 73, 780; 1460, G
38; 73, 760; 1460, G
37; 73, 740; 1460, G
36; 73, 720; 1460, G
35; 73, 700; 1460, G
34; 73, 680; 1460, G
33; 73, 660; 1460, G
32; 73, 640; 1460, G
31; 73, 620; 1460, G
30; 73, 600; 1460, G
29; 73, 580; 1460, G
28; 73, 560; 1460, G
27; 73, 540; 1460, G
26; 73, 520; 1460, G
25; 73, 500; 1460, G
24; 73, 480; 1460, G
23; 73, 460; 1460, G
29; 64, 580; 1280, G
28; 64, 560; 1280, G
27; 64, 540; 1280, G
26; 65, 520; 1300, G
25; 65, 500; 1300, G
24; 65, 480; 1300, G
22; 73, 440; 1460, G
21; 73, 420; 1460, G
20; 73, 400; 1460, G
19; 73, 380; 1460, G
18; 73, 360; 1460, G
17; 73, 340; 1460, G
16; 73, 320; 1460, G
15; 73, 300; 1460, G
14; 73, 280; 1460, G
13; 73, 260; 1460, G
12; 73, 240; 1460, G
11; 73, 220; 1460, G
23; 66, 460; 1320, G
22; 66, 440; 1320, G
21; 66, 420; 1320, G
20; 66, 400; 1320, G
19; 66, 380; 1320, G
18; 66, 360; 1320, G
17; 66, 340; 1320, G
16; 66, 320; 1320, G
15; 66, 300; 1320, G
14; 66, 280; 1320, G
13; 66, 260; 1320, G
12; 66, 240; 1320, G
11; 66, 220; 1320, G
10; 73, 200; 1460, G
9; 73, 180; 1460, G
8; 73, 160; 1460, G
7; 73, 140; 1460, G
6; 73, 120; 1460, G
5; 73, 100; 1460, G
4; 73, 80; 1460, G
3; 73, 60; 1460, G
2; 73, 40; 1460, G
1; 73, 20; 1460, G
0; 73, 0; 1460, G
0; 66, 0; 1320, G
1; 66, 20; 1320, G
2; 66, 40; 1320, G
3; 66, 60; 1320, G
4; 66, 80; 1320, G
5; 66, 100; 1320, G
6; 66, 120; 1320, G
7; 66, 140; 1320, G
8; 66, 160; 1320, G
9; 66, 180; 1320, G
10; 66, 200; 1320, G
46; 61, 920; 1220, R
47; 61, 940; 1220, R
48; 61, 960; 1220, R
49; 62, 980; 1240, R
50; 62, 1000; 1240, R
51; 62, 1020; 1240, R
52; 63, 1040; 1260, R
53; 63, 1060; 1260, R
54; 63, 1080; 1260, R
55; 64, 1100; 1280, R
57; 64, 1140; 1280, R
56; 64, 1120; 1280, R
58; 65, 1160; 1300, R
60; 65, 1200; 1300, R
59; 65, 1180; 1300, R
61; 66, 1220; 1320, R
62; 66, 1240; 1320, R
63; 66, 1260; 1320, R
64; 66, 1280; 1320, R
65; 66, 1300; 1320, R
66; 66, 1320; 1320, R
67; 66, 1340; 1320, R
68; 66, 1360; 1320, R
69; 66, 1380; 1320, R
70; 66, 1400; 1320, R
71; 66, 1420; 1320, R
72; 66, 1440; 1320, R
44; 73, 880; 1460, R
45; 73, 900; 1460, R
46; 73, 920; 1460, R
47; 73, 940; 1460, R
48; 73, 960; 1460, R
49; 73, 980; 1460, R
50; 73, 1000; 1460, R
51; 73, 1020; 1460, R
52; 73, 1040; 1460, R
64; 73, 1280; 1460, R
63; 73, 1260; 1460, R
62; 73, 1240; 1460, R
61; 73, 1220; 1460, R
60; 73, 1200; 1460, R
40; 74, 800; 1480, B
40; 76, 800; 1520, B
40; 77, 800; 1540, B
40; 78, 800; 1560, B
40; 75, 800; 1500, B
40; 79, 800; 1580, B
44; 74, 880; 1480, Pi
44; 75, 880; 1500, Pi
44; 76, 880; 1520, Pi
44; 77, 880; 1540, Pi
44; 78, 880; 1560, Pi
44; 79, 880; 1580, Pi
40; 81, 800; 1620, O
40; 82, 800; 1640, O
40; 83, 800; 1660, O
40; 84, 800; 1680, O
40; 85, 800; 1700, O
40; 86, 800; 1720, O
44; 81, 880; 1620, Pu
44; 86, 880; 1720, Pu
44; 85, 880; 1700, Pu
44; 84, 880; 1680, Pu
44; 83, 880; 1660, Pu
44; 82, 880; 1640, Pu
45; 87, 900; 1740, Pu
46; 87, 920; 1740, Pu
47; 87, 940; 1740, Pu
48; 87, 960; 1740, Pu
49; 87, 980; 1740, Pu
50; 87, 1000; 1740, Pu
51; 87, 1020; 1740, Pu
52; 87, 1040; 1740, Pu
53; 87, 1060; 1740, Pu
54; 87, 1080; 1740, Pu
39; 87, 780; 1740, O
38; 87, 760; 1740, O
35; 87, 700; 1740, O
34; 87, 680; 1740, O
33; 87, 660; 1740, O
32; 87, 640; 1740, O
31; 87, 620; 1740, O
30; 87, 600; 1740, O
37; 87, 740; 1740, O
36; 87, 720; 1740, O
45; 80, 900; 1600, Pi
47; 80, 940; 1600, Pi
48; 80, 960; 1600, Pi
49; 80, 980; 1600, Pi
50; 80, 1000; 1600, Pi
46; 80, 920; 1600, Pi
51; 80, 1020; 1600, Pi
52; 80, 1040; 1600, Pi
53; 74, 1060; 1480, Pi
54; 75, 1080; 1500, Pi
55; 76, 1100; 1520, Pi
56; 77, 1120; 1540, Pi
57; 78, 1140; 1560, Pi
58; 79, 1160; 1580, Pi
59; 80, 1180; 1600, Pi
60; 80, 1200; 1600, Pi
61; 80, 1220; 1600, Pi
62; 80, 1240; 1600, Pi
63; 80, 1260; 1600, Pi
64; 80, 1280; 1600, Pi
39; 80, 780; 1600, B
33; 80, 660; 1600, B
32; 80, 640; 1600, B
34; 80, 680; 1600, B
35; 80, 700; 1600, B
36; 80, 720; 1600, B
37; 80, 740; 1600, B
38; 80, 760; 1600, B
31; 74, 620; 1480, B
30; 75, 600; 1500, B
29; 76, 580; 1520, B
28; 77, 560; 1540, B
27; 78, 540; 1560, B
26; 79, 520; 1580, B
17; 80, 340; 1600, B
18; 80, 360; 1600, B
19; 80, 380; 1600, B
20; 80, 400; 1600, B
21; 80, 420; 1600, B
22; 80, 440; 1600, B
23; 80, 460; 1600, B
24; 80, 480; 1600, B
25; 80, 500; 1600, B
24; 81, 480; 1620, O
23; 82, 460; 1640, O
22; 83, 440; 1660, O
21; 84, 420; 1680, O
20; 85, 400; 1700, O
19; 86, 380; 1720, O
29; 87, 580; 1740, O
28; 87, 560; 1740, O
27; 87, 540; 1740, O
26; 87, 520; 1740, O
25; 87, 500; 1740, O
18; 87, 360; 1740, O
17; 87, 340; 1740, O
16; 87, 320; 1740, O
15; 87, 300; 1740, O
14; 87, 280; 1740, O
13; 87, 260; 1740, O
12; 87, 240; 1740, O
11; 87, 220; 1740, O
10; 87, 200; 1740, O
9; 87, 180; 1740, O
8; 87, 160; 1740, O
7; 87, 140; 1740, O
6; 87, 120; 1740, O
5; 87, 100; 1740, O
4; 87, 80; 1740, O
3; 87, 60; 1740, O
2; 87, 40; 1740, O
1; 87, 20; 1740, O
0; 87, 0; 1740, O
5; 80, 100; 1600, B
0; 80, 0; 1600, B
1; 80, 20; 1600, B
2; 80, 40; 1600, B
3; 80, 60; 1600, B
4; 80, 80; 1600, B
6; 80, 120; 1600, B
7; 80, 140; 1600, B
8; 80, 160; 1600, B
9; 80, 180; 1600, B
10; 80, 200; 1600, B
11; 80, 220; 1600, B
12; 80, 240; 1600, B
13; 80, 260; 1600, B
14; 80, 280; 1600, B
15; 80, 300; 1600, B
16; 80, 320; 1600, B
60; 81, 1200; 1620, Pu
61; 82, 1220; 1640, Pu
62; 83, 1240; 1660, Pu
63; 84, 1260; 1680, Pu
64; 85, 1280; 1700, Pu
65; 86, 1300; 1720, Pu
66; 87, 1320; 1740, Pu
55; 87, 1100; 1740, Pu
56; 87, 1120; 1740, Pu
57; 87, 1140; 1740, Pu
58; 87, 1160; 1740, Pu
59; 87, 1180; 1740, Pu
65; 80, 1300; 1600, Pi
66; 80, 1320; 1600, Pi
67; 80, 1340; 1600, Pi
68; 80, 1360; 1600, Pi
69; 80, 1380; 1600, Pi
70; 80, 1400; 1600, Pi
71; 80, 1420; 1600, Pi
72; 80, 1440; 1600, Pi
73; 80, 1460; 1600, Pi
65; 73, 1300; 1460, R
66; 73, 1320; 1460, R
67; 73, 1340; 1460, R
73; 73, 1460; 1460, R
72; 73, 1440; 1460, R
71; 73, 1420; 1460, R
70; 73, 1400; 1460, R
69; 73, 1380; 1460, R
68; 73, 1360; 1460, R
73; 66, 1460; 1320, R
53; 72, 1060; 1440, R
54; 71, 1080; 1420, R
55; 70, 1100; 1400, R
56; 69, 1120; 1380, R
57; 68, 1140; 1360, R
58; 67, 1160; 1340, R
59; 66, 1180; 1320, R
41; 80, 820; 1600, O
42; 80, 840; 1600, O
43; 80, 860; 1600, O
67; 87, 1340; 1740, Pu
68; 87, 1360; 1740, Pu
69; 87, 1380; 1740, Pu
70; 87, 1400; 1740, Pu
71; 87, 1420; 1740, Pu
72; 87, 1440; 1740, Pu
73; 87, 1460; 1740, Pu
74; 87, 1480; 1740, Pu
75; 87, 1500; 1740, Pu
76; 87, 1520; 1740, Pu
77; 87, 1540; 1740, Pu
78; 87, 1560; 1740, Pu
79; 87, 1580; 1740, Pu
80; 87, 1600; 1740, Pu
81; 87, 1620; 1740, Pu
82; 87, 1640; 1740, Pu
83; 87, 1660; 1740, Pu
84; 87, 1680; 1740, Pu
74; 80, 1480; 1600, Pi
84; 80, 1680; 1600, Pi
83; 80, 1660; 1600, Pi
78; 80, 1560; 1600, Pi
75; 80, 1500; 1600, Pi
76; 80, 1520; 1600, Pi
77; 80, 1540; 1600, Pi
79; 80, 1580; 1600, Pi
80; 80, 1600; 1600, Pi
81; 80, 1620; 1600, Pi
82; 80, 1640; 1600, Pi
78; 73, 1560; 1460, R
82; 73, 1640; 1460, R
84; 73, 1680; 1460, R
83; 73, 1660; 1460, R
81; 73, 1620; 1460, R
80; 73, 1600; 1460, R
79; 73, 1580; 1460, R
77; 73, 1540; 1460, R
76; 73, 1520; 1460, R
75; 73, 1500; 1460, R
74; 73, 1480; 1460, R
74; 66, 1480; 1320, R
75; 66, 1500; 1320, R
76; 66, 1520; 1320, R
79; 66, 1580; 1320, R
81; 66, 1620; 1320, R
84; 66, 1680; 1320, R
83; 66, 1660; 1320, R
82; 66, 1640; 1320, R
80; 66, 1600; 1320, R
78; 66, 1560; 1320, R
77; 66, 1540; 1320, R
40; 80, 800; 1600, B
44; 80, 880; 1600, Pi
44; 87, 880; 1740, Pu
40; 87, 800; 1740, O
39; 91, 780; 1820, R
39; 90, 780; 1800, R
39; 89, 780; 1780, R
39; 88, 780; 1760, R
45; 91, 900; 1820, R
45; 90, 900; 1800, R
45; 89, 900; 1780, R
45; 88, 900; 1760, R
44; 92, 880; 1840, R
44; 93, 880; 1860, R
44; 94, 880; 1880, R
44; 95, 880; 1900, R
40; 92, 800; 1840, R
40; 94, 800; 1880, R
40; 95, 800; 1900, R
40; 93, 800; 1860, R
42; 96, 840; 1920, R
44; 96, 880; 1920, R
44; 98, 880; 1960, R
44; 99, 880; 1980, R
44; 100, 880; 2000, R
44; 97, 880; 1940, R
40; 98, 800; 1960, R
40; 96, 800; 1920, R
40; 97, 800; 1940, R
40; 99, 800; 1980, R
40; 100, 800; 2000, R
41; 87, 820; 1740, R
42; 87, 840; 1740, R| front
43; 87, 860; 1740, R
#spikes
0; 22, 0; 440, 2
1; 22, 20; 440, 2
2; 22, 40; 440, 2
3; 22, 60; 440, 2
4; 22, 80; 440, 2
5; 22, 100; 440, 2
6; 22, 120; 440, 2
7; 22, 140; 440, 2
8; 22, 160; 440, 2
9; 22, 180; 440, 2
10; 28, 200; 560, 1
11; 28, 220; 560, 1
12; 28, 240; 560, 1
18; 24, 360; 485, 1
17; 25, 345; 500, 3
19; 25, 375; 500, 4
10; 22, 200; 440, 2
11; 22, 220; 440, 2
12; 22, 240; 440, 2
13; 22, 260; 440, 2
14; 22, 280; 440, 2
15; 22, 300; 440, 2
16; 21, 320; 420, 2
17; 20, 340; 400, 2
18; 19, 360; 380, 2
19; 20, 380; 400, 2
20; 21, 400; 420, 2
21; 22, 420; 440, 2
22; 22, 440; 440, 2
27; 22, 540; 450, 1
23; 22, 460; 440, 2
32; 20, 640; 400, 2| move, 5.1, 640; 620, player, 640; 480; 20; 20
33; 21, 660; 420, 3
33; 22, 660; 440, 3
33; 23, 660; 460, 3
33; 24, 660; 480, 3
33; 30, 660; 600, 1
32; 30, 640; 600, 1
34; 29, 680; 590, 1
40; 40, 800; 800, 1
44; 40, 880; 800, 1
43; 51, 860; 1020, 1
41; 51, 820; 1020, 1
44; 88, 880; 1760, 3
44; 89, 880; 1780, 3
44; 90, 880; 1800, 3
44; 91, 880; 1820, 3
40; 88, 800; 1760, 4
40; 89, 800; 1780, 4
40; 90, 800; 1800, 4
40; 91, 800; 1820, 4
41; 93, 820; 1860, 4
41; 92, 820; 1840, 4
41; 95, 820; 1900, 4
41; 94, 820; 1880, 4
43; 92, 860; 1840, 3
43; 93, 860; 1860, 3
43; 94, 860; 1880, 3
43; 95, 860; 1900, 3
42; 95, 840; 1900, 1| front
42; 97, 840; 1940, 2
43; 100, 867; 2000, 3
41; 100, 813; 2000, 4
24; 22, 480; 440, 2