#misc
area, 4
size, 4040, 2160
spawn, 2326, 2049, 1
spawn, 4024, 1458, 0
spawn, 3726, 2069, 0
spawn, 2166, 29, 1
spawn, 6, 1189, 1
spawn, 6, 1289, 1
special, 3
name, You're doing great!
exit, -100; -100, 3069; 0; 64; 2, 1, notreal, 1
music, 8
nopause
#blocks
116; 103, 2320; 2060, B, X| move, 4.0, 2380; 1940, 116; 103, 2320; 1991; 20; 20| move, 4.5, 3100; 1900, 116; 103, 3119; 1940; 20; 20| move, 4.5, 3080; 1900, 116; 103, 3100; 1881; 20; 20| move, 4.5, 3080; 1860, 116; 103, 3061; 1900; 20; 20| move, 6.0, 3100; 1940, 116; 103, 2399; 1940; 20; 20| move, 4.5, 3090; 1720, 116; 103, 3119; 1860; 20; 20| move, 4.5, 3100; 1860, 116; 103, 3064; 1841; 20; 20| move, 5.5, 3090; -100, 116; 103, 3090; 1701; 20; 20| move, 4.0, 2320; 2010, player, 2320; 2040; 20; 20
118; 103, 2360; 2060, B
118; 102, 2360; 2040, B
118; 101, 2360; 2020, B
118; 100, 2360; 2000, B
114; 103, 2280; 2060, B
114; 102, 2280; 2040, B
114; 101, 2280; 2020, B
114; 100, 2280; 2000, B
114; 99, 2280; 1980, B
115; 98, 2300; 1960, B
116; 97, 2320; 1940, B
119; 99, 2380; 1980, B
120; 98, 2400; 1960, B
117; 96, 2340; 1920, B
118; 95, 2360; 1900, B
119; 94, 2380; 1880, B
120; 93, 2400; 1860, B
121; 98, 2420; 1960, B
122; 98, 2440; 1960, B
123; 98, 2460; 1960, B
121; 93, 2420; 1860, B
122; 93, 2440; 1861, B
123; 93, 2460; 1862, B
124; 93, 2480; 1863, B
125; 93, 2500; 1864, B
126; 93, 2520; 1865, B
127; 93, 2540; 1866, B
128; 93, 2560; 1867, B
129; 93, 2580; 1868, B
130; 93, 2600; 1869, B
124; 98, 2480; 1960, B
125; 98, 2500; 1960, B
126; 98, 2520; 1960, B
127; 98, 2540; 1960, B
128; 98, 2560; 1960, B
129; 98, 2580; 1960, B
130; 98, 2600; 1960, B
131; 93, 2620; 1870, B
132; 93, 2640; 1871, B
133; 93, 2660; 1872, B
134; 93, 2680; 1873, B
135; 93, 2700; 1874, B
136; 93, 2720; 1875, B
137; 93, 2740; 1876, B
131; 98, 2620; 1960, B
132; 98, 2640; 1960, B
133; 98, 2660; 1960, B
134; 98, 2680; 1960, B
135; 98, 2700; 1960, B
136; 98, 2720; 1960, B
137; 98, 2740; 1960, B
138; 94, 2760; 1877, B
139; 94, 2780; 1878, B
140; 94, 2800; 1879, B
141; 94, 2820; 1880, B
142; 94, 2840; 1881, B
138; 98, 2760; 1960, B
139; 98, 2780; 1960, B
140; 98, 2800; 1960, B
141; 98, 2820; 1960, B
142; 98, 2840; 1960, B
143; 94, 2860; 1882, B
144; 94, 2880; 1883, B
145; 94, 2900; 1884, B
146; 94, 2920; 1885, B
147; 94, 2940; 1886, B
148; 94, 2960; 1887, B
149; 94, 2980; 1888, B
150; 94, 3000; 1889, B
143; 98, 2860; 1960, B
144; 98, 2880; 1960, B
145; 98, 2900; 1960, B
146; 98, 2920; 1960, B
147; 98, 2940; 1960, B
148; 98, 2960; 1960, B
149; 98, 2980; 1960, B
150; 98, 3000; 1960, B
151; 98, 3020; 1960, B
152; 98, 3040; 1960, B
153; 98, 3060; 1960, B
154; 98, 3080; 1960, B
155; 98, 3100; 1960, B
156; 98, 3120; 1960, B
153; 95, 3060; 1900, B
153; 94, 3060; 1880, B
153; 93, 3060; 1860, B
153; 92, 3060; 1840, B
156; 95, 3120; 1900, B
156; 94, 3120; 1880, B
156; 93, 3120; 1860, B
156; 97, 3120; 1940, B
156; 96, 3120; 1920, B
153; 91, 3060; 1820, B
156; 92, 3120; 1840, B
156; 91, 3120; 1820, B
151; 93, 3020; 1869, B
152; 92, 3040; 1849, B
114; 104, 2280; 2080, B
114; 105, 2280; 2100, B
114; 106, 2280; 2120, B
114; 107, 2280; 2140, B
118; 107, 2360; 2140, B
118; 106, 2360; 2120, B
118; 105, 2360; 2100, B
118; 104, 2360; 2080, B
153; 90, 3060; 1800, B
153; 89, 3060; 1780, B
153; 88, 3060; 1760, B
156; 90, 3120; 1800, B
156; 89, 3120; 1780, B
156; 88, 3120; 1760, B
156; 87, 3120; 1740, B
153; 87, 3060; 1740, B
153; 86, 3060; 1720, B
153; 85, 3060; 1700, B
153; 84, 3060; 1680, B
156; 86, 3120; 1720, B
156; 85, 3120; 1700, B
156; 84, 3120; 1680, B
156; 83, 3120; 1660, B
156; 82, 3120; 1640, B
156; 80, 3120; 1600, B
156; 79, 3120; 1580, B
156; 78, 3120; 1560, B
156; 77, 3120; 1540, B
156; 76, 3120; 1520, B
153; 83, 3060; 1660, B
153; 82, 3060; 1640, B
153; 81, 3060; 1620, B
153; 80, 3060; 1600, B
153; 79, 3060; 1580, B
153; 78, 3060; 1560, B
153; 77, 3060; 1540, B
153; 76, 3060; 1520, B
153; 75, 3060; 1500, B
156; 81, 3120; 1620, B
156; 70, 3120; 1400, B
156; 69, 3120; 1380, B
156; 68, 3120; 1360, B
156; 67, 3120; 1340, B
156; 66, 3120; 1320, B
156; 71, 3120; 1420, B
156; 72, 3120; 1440, B
156; 73, 3120; 1460, B
156; 74, 3120; 1480, B
156; 75, 3120; 1500, B
156; 64, 3120; 1280, B
156; 52, 3120; 1040, B
156; 46, 3120; 920, B
156; 28, 3120; 560, B
153; 74, 3060; 1480, B
153; 73, 3060; 1460, B
153; 72, 3060; 1440, B
153; 71, 3060; 1420, B
153; 70, 3060; 1400, B
153; 69, 3060; 1380, B
153; 68, 3060; 1360, B
153; 67, 3060; 1340, B
153; 66, 3060; 1320, B
153; 65, 3060; 1300, G
153; 64, 3060; 1280, B
153; 63, 3060; 1260, O
153; 62, 3060; 1240, R
153; 61, 3060; 1220, Pi
153; 60, 3060; 1200, Pu| move, 4.0, 3060; 1040, 0; 60, 3039; 1140; 20; 20
156; 61, 3120; 1220, Pi
156; 62, 3120; 1240, R
156; 63, 3120; 1260, O
156; 65, 3120; 1300, G
153; 59, 3060; 1180, G| move, 3.5, 3060; 1040, 0; 60, 3039; 1120; 20; 20| teleport, 2460; 1960, 0; 60, 3060; 1110; 20; 44| teleport, 3860; 680, player, 0; 1280; 20; 20
153; 58, 3060; 1160, B| move, 3.0, 3060; 1040, 0; 60, 3039; 1140; 20; 20| teleport, 3860; 660, player, 0; 1280; 20; 20
153; 57, 3060; 1140, O| move, 2.5, 3060; 1040, 0; 60, 3039; 1140; 20; 20| teleport, 3860; 640, player, 0; 1280; 20; 20
153; 56, 3060; 1120, R| move, 2.0, 3060; 1040, 0; 60, 3039; 1120; 20; 20| teleport, 3860; 620, player, 0; 1280; 20; 20
153; 55, 3060; 1100, Pi| move, 1.5, 3060; 1040, 0; 60, 3039; 1120; 20; 20| teleport, 3860; 600, player, 0; 1280; 20; 20
153; 54, 3060; 1080, Pu| move, 1.0, 3060; 1040, 0; 60, 3039; 1120; 20; 20| teleport, 3860; 580, player, 0; 1280; 20; 20
156; 54, 3120; 1080, Pu
156; 55, 3120; 1100, Pi
156; 56, 3120; 1120, R
156; 53, 3120; 1060, G
153; 53, 3060; 1060, G| move, 0.5, 3060; 1040, 0; 60, 3039; 1120; 20; 20
153; 52, 3060; 1040, B
153; 51, 3060; 1020, O
156; 51, 3120; 1020, O
156; 50, 3120; 1000, R
153; 50, 3060; 1000, R
156; 49, 3120; 980, Pi
153; 49, 3060; 980, Pi
156; 48, 3120; 960, Pu
153; 48, 3060; 960, Pu
156; 47, 3120; 940, G
153; 47, 3060; 940, G
153; 46, 3060; 920, B
156; 45, 3120; 900, O
153; 45, 3060; 900, O
156; 44, 3120; 880, R
153; 44, 3060; 880, R
156; 43, 3120; 860, Pi
153; 43, 3060; 860, Pi
156; 42, 3120; 840, Pu
153; 42, 3060; 840, Pu
156; 41, 3120; 820, G
153; 41, 3060; 820, G
156; 40, 3120; 800, B
153; 40, 3060; 800, B
153; 39, 3060; 780, O
156; 39, 3120; 780, O
156; 38, 3120; 760, R
153; 38, 3060; 760, R
153; 37, 3060; 740, Pi
156; 37, 3120; 740, Pi
156; 36, 3120; 720, Pu
153; 36, 3060; 720, Pu
153; 35, 3060; 700, G
156; 35, 3120; 700, G
153; 34, 3060; 680, B
156; 34, 3120; 680, B
153; 33, 3060; 660, O
156; 33, 3120; 660, O
156; 32, 3120; 640, R
153; 32, 3060; 640, R
153; 31, 3060; 620, Pi
156; 31, 3120; 620, Pi
156; 30, 3120; 600, Pu
153; 30, 3060; 600, Pu
153; 29, 3060; 580, G
156; 29, 3120; 580, G
153; 28, 3060; 560, B
153; 27, 3060; 540, O
156; 27, 3120; 540, O
156; 26, 3120; 520, R
153; 26, 3060; 520, R| move, 2.0, 3060; 540, 108; 2, 3059; 520; 20; 20
156; 25, 3120; 500, Pi
153; 25, 3060; 500, Pi| move, 2.0, 3120; 500, 108; 2, 3059; 520; 20; 20
156; 24, 3120; 480, Pu
153; 24, 3060; 480, Pu| move, 2.0, 3060; 460, 108; 2, 3059; 520; 20; 20
156; 23, 3120; 460, G
153; 23, 3060; 460, G
153; 22, 3060; 440, B
156; 22, 3120; 440, B
156; 21, 3120; 420, O
153; 21, 3060; 420, O
153; 20, 3060; 400, R
156; 20, 3120; 400, R
156; 19, 3120; 380, Pi
153; 19, 3060; 380, Pi
156; 18, 3120; 360, Pu
153; 18, 3060; 360, Pu
156; 17, 3120; 340, G
153; 17, 3060; 340, G
153; 16, 3060; 320, B
156; 16, 3120; 320, B
156; 15, 3120; 300, O
153; 15, 3060; 300, O
153; 14, 3060; 280, R
156; 14, 3120; 280, R
156; 13, 3120; 260, Pi
153; 13, 3060; 260, Pi
153; 12, 3060; 240, Pu
156; 12, 3120; 240, Pu
153; 11, 3060; 220, G
156; 11, 3120; 220, G
153; 10, 3060; 200, B
156; 10, 3120; 200, B
153; 9, 3060; 180, O
156; 9, 3120; 180, O
153; 8, 3060; 160, R
156; 8, 3120; 160, R
156; 7, 3120; 140, Pi
153; 7, 3060; 140, Pi
156; 6, 3120; 120, Pu
153; 6, 3060; 120, Pu
153; 5, 3060; 100, G
156; 5, 3120; 100, G
156; 4, 3120; 80, B
153; 4, 3060; 80, B
153; 3, 3060; 60, O
156; 3, 3120; 60, O
156; 2, 3120; 40, R
153; 2, 3060; 40, R
156; 1, 3120; 20, Pi
153; 1, 3060; 20, Pi
156; 0, 3120; 0, Pu
153; 0, 3060; 0, Pu
157; 62, 3140; 1240, O
158; 63, 3160; 1260, O
158; 58, 3160; 1160, O
157; 57, 3140; 1140, O
159; 59, 3180; 1180, O
160; 60, 3200; 1200, O
159; 64, 3180; 1280, O
160; 65, 3200; 1300, O
161; 61, 3220; 1220, O
162; 62, 3240; 1240, O
163; 63, 3260; 1260, O
161; 66, 3220; 1320, O
162; 67, 3240; 1340, O
163; 68, 3260; 1360, O
164; 68, 3280; 1360, O
165; 68, 3300; 1360, O| move, 0.5, 3280; 1360, 186; 103, 3320; 1400; 20; 20
167; 68, 3340; 1360, O| move, 0.5, 3360; 1360, 186; 103, 3320; 1400; 20; 20
169; 68, 3380; 1360, O
168; 68, 3360; 1360, O
169; 63, 3380; 1260, O
168; 63, 3360; 1260, O
167; 63, 3340; 1260, O
166; 63, 3320; 1260, O
165; 63, 3300; 1260, O
164; 63, 3280; 1260, O
170; 64, 3400; 1280, O
171; 65, 3420; 1300, O
172; 66, 3440; 1320, O
170; 69, 3400; 1380, O
171; 70, 3420; 1400, O
172; 71, 3440; 1420, O
173; 72, 3460; 1440, O
174; 73, 3480; 1460, O
175; 74, 3500; 1480, O
173; 67, 3460; 1340, O
174; 68, 3480; 1360, O
175; 69, 3500; 1380, O
176; 70, 3520; 1400, O
176; 75, 3520; 1500, O
182; 75, 3640; 1500, O
181; 75, 3620; 1500, O
180; 75, 3600; 1500, O
179; 75, 3580; 1500, O
178; 75, 3560; 1500, O
177; 75, 3540; 1500, O
177; 70, 3540; 1400, O
179; 70, 3580; 1400, O
180; 70, 3600; 1400, O
181; 70, 3620; 1400, O
182; 70, 3640; 1400, O
178; 70, 3560; 1400, O
183; 75, 3660; 1500, O
184; 75, 3680; 1500, O
185; 75, 3700; 1500, O
186; 75, 3720; 1500, O
188; 75, 3760; 1500, O
183; 70, 3660; 1400, O
184; 70, 3680; 1400, O
185; 70, 3700; 1400, O
186; 70, 3720; 1400, O
187; 70, 3740; 1400, O
187; 75, 3740; 1500, O
188; 70, 3760; 1400, O
189; 75, 3780; 1500, O
189; 70, 3780; 1400, O
190; 75, 3800; 1499, O
190; 70, 3800; 1401, O
194; 75, 3880; 1495, O
196; 75, 3920; 1493, O
195; 75, 3900; 1494, O
193; 75, 3860; 1496, O
192; 75, 3840; 1497, O
191; 75, 3820; 1498, O
191; 70, 3820; 1402, O
192; 70, 3840; 1403, O
193; 70, 3860; 1404, O
194; 70, 3880; 1405, O
195; 70, 3900; 1406, O
197; 70, 3940; 1408, O
197; 75, 3940; 1492, O
196; 70, 3920; 1407, O
198; 75, 3960; 1491, O
199; 75, 3980; 1490, O
200; 75, 4000; 1489, O
201; 75, 4020; 1489, O
198; 71, 3960; 1409, O
199; 71, 3980; 1410, O
200; 71, 4000; 1411, O
202; 73, 4020; 1469, O, X| move, 2.0, 3520; 1469, player, 4020; 1460; 20; 20| move, 4.0, 3380; 1329, 202; 73, 3501; 1480; 20; 20| move, 4.0, 3260; 1329, 202; 73, 3361; 1340; 20; 20| move, 4.0, 3090; 1159, 202; 73, 3241; 1320; 20; 20| move, 5.5, 3090; -100, 202; 73, 3071; 1148; 20; 44
201; 70, 4020; 1411, O
166; 68, 3320; 1360, O| move, 4.5, 3320; 1260, 186; 103, 3320; 1400; 20; 20
184; 107, 3680; 2140, R
188; 107, 3760; 2140, R
186; 103, 3720; 2080, R, X| move, 4.5, 3620; 2060, 186; 103, 3861; 1800; 20; 20| move, 4.5, 3330; 2060, 186; 103, 3601; 2060; 20; 20| move, 4.5, 3330; 1700, 186; 103, 3311; 2060; 20; 20| move, 4.5, 3320; 1340, 186; 103, 3301; 1700; 20; 20| move, 4.5, 3270; 1340, 186; 103, 3320; 1321; 20; 20| move, 6.0, 3090; -34, 186; 103, 3071; 1148; 20; 20| move, 4.5, 3880; 1800, 186; 103, 3920; 1821; 20; 20| move, 4.5, 3920; 1840, 186; 103, 3939; 1861; 20; 20| move, 4.5, 3320; 1700, 186; 103, 3343; 1681; 20; 20| move, 4.5, 3090; 1160, 186; 103, 3251; 1359; 20; 20| move, 4.5, 3920; 1860, 186; 103, 3720; 2041; 20; 20| move, 4.5, 3720; 2060, player, 3720; 2060; 20; 20
184; 106, 3680; 2120, R
184; 105, 3680; 2100, R
184; 104, 3680; 2080, R
188; 106, 3760; 2120, R
188; 105, 3760; 2100, R
188; 104, 3760; 2080, R
188; 103, 3760; 2060, R
184; 103, 3680; 2060, R
184; 102, 3680; 2040, R
185; 101, 3700; 2020, R
186; 100, 3720; 2000, R
187; 99, 3740; 1980, R
189; 102, 3780; 2040, R
190; 101, 3800; 2020, R
188; 98, 3760; 1960, R
189; 97, 3780; 1940, R
190; 96, 3800; 1920, R
191; 95, 3820; 1900, R
192; 94, 3840; 1880, R
193; 93, 3860; 1860, R
194; 92, 3880; 1840, R
191; 100, 3820; 2000, R
192; 99, 3840; 1980, R
193; 98, 3860; 1960, R
194; 97, 3880; 1940, R
195; 96, 3900; 1920, R
196; 95, 3920; 1900, R
197; 94, 3940; 1880, R
197; 93, 3940; 1860, R
197; 92, 3940; 1840, R
197; 91, 3940; 1820, R
197; 90, 3940; 1800, R
196; 89, 3920; 1780, R
195; 88, 3900; 1760, R
194; 87, 3880; 1740, R
193; 88, 3860; 1760, R
192; 89, 3840; 1780, R
191; 90, 3820; 1800, R
189; 92, 3780; 1840, R
188; 93, 3760; 1860, R
187; 94, 3740; 1880, R
186; 95, 3720; 1900, R
185; 96, 3700; 1920, R
184; 97, 3680; 1940, R
183; 98, 3660; 1960, R
182; 99, 3640; 1980, R
181; 100, 3620; 2000, R
190; 91, 3800; 1820, R
180; 100, 3600; 2000, R
179; 100, 3580; 2000, R
178; 100, 3560; 2000, R
177; 100, 3540; 2000, R
176; 100, 3520; 2000, R
168; 69, 3360; 1380, R
168; 70, 3360; 1400, R
168; 71, 3360; 1420, R
168; 72, 3360; 1440, R
168; 73, 3360; 1460, R
168; 74, 3360; 1480, R
168; 75, 3360; 1500, R
168; 76, 3360; 1520, R
168; 77, 3360; 1540, R
168; 78, 3360; 1560, R
168; 79, 3360; 1580, R
168; 80, 3360; 1600, R
168; 81, 3360; 1620, R
168; 82, 3360; 1640, R
168; 83, 3360; 1660, R
168; 84, 3360; 1680, R
168; 85, 3360; 1700, R
168; 86, 3360; 1720, R
168; 87, 3360; 1740, R
168; 88, 3360; 1760, R
168; 89, 3360; 1780, R
168; 90, 3360; 1800, R
168; 91, 3360; 1820, R
168; 92, 3360; 1840, R
165; 86, 3300; 1720, R
165; 87, 3300; 1740, R
165; 88, 3300; 1760, R
165; 89, 3300; 1780, R
165; 90, 3300; 1800, R
165; 91, 3300; 1820, R
165; 92, 3300; 1840, R
165; 93, 3300; 1860, R
165; 94, 3300; 1880, R
168; 93, 3360; 1860, R
168; 94, 3360; 1880, R
168; 95, 3360; 1900, R
168; 96, 3360; 1920, R
168; 97, 3360; 1940, R
168; 98, 3360; 1960, R
168; 99, 3360; 1980, R
175; 100, 3500; 2000, R
174; 100, 3480; 2000, R
172; 100, 3440; 2000, R
168; 100, 3360; 2000, R
169; 100, 3380; 2000, R
173; 100, 3460; 2000, R
171; 100, 3420; 2000, R
170; 100, 3400; 2000, R
165; 98, 3300; 1960, R
165; 95, 3300; 1900, R
165; 96, 3300; 1920, R
165; 97, 3300; 1940, R
165; 99, 3300; 1980, R
165; 100, 3300; 2000, R
164; 85, 3280; 1700, R
164; 82, 3280; 1640, R
164; 81, 3280; 1620, R
164; 84, 3280; 1680, R
164; 83, 3280; 1660, R
164; 80, 3280; 1600, R
164; 79, 3280; 1580, R
164; 78, 3280; 1560, R
164; 77, 3280; 1540, R
164; 76, 3280; 1520, R
164; 75, 3280; 1500, R
164; 74, 3280; 1480, R
164; 73, 3280; 1460, R
164; 72, 3280; 1440, R
164; 71, 3280; 1420, R
164; 70, 3280; 1400, R
164; 69, 3280; 1380, R
110; 0, 2200; 0, Pi
106; 0, 2120; 0, Pi
108; 2, 2160; 40, Pi, X| move, 4.0, 2040; 140, 108; 2, 2101; 140; 20; 20| move, 4.0, 2000; 180, 108; 2, 2021; 140; 20; 20| move, 4.0, 2000; 260, 108; 2, 2000; 199; 20; 20| move, 4.0, 2040; 320, 108; 2, 2000; 279; 20; 20| move, 4.0, 2160; 80, 67; 9, 1379; 180; 20; 20| move, 4.0, 2120; 140, 108; 2, 2160; 99; 20; 20| move, 4.0, 2200; 316, 108; 2, 2059; 320; 20; 20| move, 4.0, 2300; 416, 108; 2, 2219; 298; 2; 20| move, 4.0, 2360; 356, 108; 2, 2319; 400; 20; 20| move, 4.0, 2400; 396, 108; 2, 2379; 360; 20; 20| move, 4.0, 2440; 356, 108; 2, 2419; 400; 20; 20| move, 4.0, 2560; 476, 108; 2, 2459; 360; 20; 20| move, 4.0, 2600; 436, 108; 2, 2579; 480; 20; 20| move, 1.0, 3090; 516, 108; 2, 2699; 509; 20; 20| move, 4.0, 2680; 516, 108; 2, 2619; 440; 20; 20| move, 5.0, 3090; -90, 108; 2, 3109; 511; 20; 20
110; 4, 2200; 80, Pi
110; 3, 2200; 60, Pi
110; 1, 2200; 20, Pi
110; 2, 2200; 40, Pi
106; 2, 2120; 40, Pi
106; 1, 2120; 20, Pi
110; 5, 2200; 100, Pi
110; 6, 2200; 120, Pi
106; 8, 2120; 160, Pi
105; 8, 2100; 160, Pi
104; 8, 2080; 160, Pi
107; 8, 2140; 160, Pi
108; 8, 2160; 160, Pi
104; 4, 2080; 80, Pi
103; 4, 2060; 80, Pi
102; 4, 2040; 80, Pi
101; 4, 2020; 80, Pi
100; 4, 2000; 80, Pi
98; 6, 1960; 120, Pi
98; 7, 1960; 140, Pi
98; 8, 1960; 160, Pi
98; 9, 1960; 180, Pi
98; 10, 1960; 200, Pi
98; 11, 1960; 220, Pi
102; 10, 2040; 200, Pi
102; 11, 2040; 220, Pi
98; 12, 1960; 240, Pi
104; 13, 2080; 260, Pi
106; 13, 2120; 260, Pi
105; 13, 2100; 260, Pi
107; 13, 2140; 260, Pi
108; 13, 2160; 260, Pi
109; 13, 2180; 260, Pi
110; 13, 2200; 260, Pi
98; 13, 1960; 260, Pi
98; 15, 1960; 300, Pi
98; 14, 1960; 280, Pi
100; 17, 2000; 340, Pi
101; 17, 2020; 340, Pi
102; 17, 2040; 340, Pi
103; 17, 2060; 340, Pi
104; 17, 2080; 340, Pi
105; 17, 2100; 340, Pi
106; 17, 2120; 340, Pi
107; 17, 2140; 340, Pi
108; 17, 2160; 340, Pi
109; 17, 2180; 340, Pi
110; 17, 2200; 340, Pi
103; 12, 2060; 240, Pi
103; 9, 2060; 180, Pi
105; 3, 2100; 60, Pi
109; 7, 2180; 140, Pi
99; 5, 1980; 100, Pi
99; 16, 1980; 320, Pi
111; 14, 2220; 280, Pi
112; 15, 2240; 300, Pi
113; 16, 2260; 320, Pi
111; 18, 2220; 360, Pi
112; 19, 2240; 380, Pi
113; 20, 2260; 400, Pi
114; 21, 2280; 420, Pi
115; 22, 2300; 440, Pi
116; 21, 2320; 420, Pi
117; 20, 2340; 400, Pi
118; 19, 2360; 380, Pi
120; 21, 2400; 420, Pi
121; 20, 2420; 400, Pi
122; 19, 2440; 380, Pi
123; 20, 2460; 400, Pi
124; 21, 2480; 420, Pi
125; 22, 2500; 440, Pi
126; 23, 2520; 460, Pi
127; 24, 2540; 480, Pi
128; 25, 2560; 500, Pi
129; 24, 2580; 480, Pi
130; 23, 2600; 460, Pi
131; 24, 2620; 480, Pi
132; 25, 2640; 500, Pi
133; 26, 2660; 520, Pi
134; 27, 2680; 540, Pi
119; 20, 2380; 400, Pi
114; 17, 2280; 340, Pi
115; 18, 2300; 360, Pi
116; 17, 2320; 340, Pi
117; 16, 2340; 320, Pi
118; 15, 2360; 300, Pi
119; 16, 2380; 320, Pi
120; 17, 2400; 340, Pi
121; 16, 2420; 320, Pi
122; 15, 2440; 300, Pi
123; 16, 2460; 320, Pi
124; 17, 2480; 340, Pi
125; 18, 2500; 360, Pi
126; 19, 2520; 380, Pi
127; 20, 2540; 400, Pi
128; 21, 2560; 420, Pi
129; 20, 2580; 400, Pi
130; 19, 2600; 380, Pi
133; 22, 2660; 440, Pi
134; 23, 2680; 460, Pi
132; 21, 2640; 420, Pi
131; 20, 2620; 400, Pi
67; 10, 1340; 200, Pi
68; 10, 1360; 200, Pi
69; 10, 1380; 200, Pi
69; 8, 1380; 160, Pi
67; 8, 1340; 160, Pi
68; 8, 1360; 160, Pi
69; 9, 1380; 180, Pi
67; 9, 1340; 180, Pi| move, 5.0, 1360; 140, 67; 9, 1379; 180; 20; 20| move, 4.0, 1360; 180, player, 2160; 20; 20; 20
68; 9, 1360; 180, G
68; 7, 1360; 140, Pu
135; 27, 2700; 540, Pi
136; 27, 2720; 540, Pi
137; 27, 2740; 540, Pi
138; 27, 2760; 540, Pi
139; 27, 2780; 540, Pi
140; 27, 2800; 540, Pi
141; 27, 2820; 540, Pi
142; 27, 2840; 540, Pi
143; 27, 2860; 540, Pi
144; 27, 2880; 540, Pi
145; 27, 2900; 540, Pi
146; 27, 2920; 540, Pi
147; 27, 2940; 540, Pi
148; 27, 2960; 540, Pi
149; 27, 2980; 540, Pi
150; 27, 3000; 540, Pi
151; 27, 3020; 540, Pi
152; 27, 3040; 540, Pi
151; 24, 3020; 480, Pi| move, 1.5, 3020; 460, 108; 2, 3019; 520; 20; 20
150; 24, 3000; 480, Pi| move, 1.5, 3000; 460, 108; 2, 2999; 520; 20; 20
149; 24, 2980; 480, Pi| move, 1.5, 2980; 460, 108; 2, 2979; 520; 20; 20
148; 24, 2960; 480, Pi| move, 1.5, 2960; 460, 108; 2, 2959; 520; 20; 20
147; 24, 2940; 480, Pi| move, 1.5, 2940; 460, 108; 2, 2939; 520; 20; 20
146; 24, 2920; 480, Pi| move, 1.5, 2920; 460, 108; 2, 2919; 520; 20; 20
145; 24, 2900; 480, Pi| move, 1.5, 2900; 460, 108; 2, 2899; 520; 20; 20
144; 24, 2880; 480, Pi| move, 1.5, 2880; 460, 108; 2, 2879; 520; 20; 20
143; 24, 2860; 480, Pi| move, 1.5, 2860; 460, 108; 2, 2859; 520; 20; 20
142; 24, 2840; 480, Pi| move, 1.5, 2840; 460, 108; 2, 2839; 520; 20; 20
141; 24, 2820; 480, Pi| move, 1.5, 2820; 460, 108; 2, 2819; 520; 20; 20
140; 24, 2800; 480, Pi| move, 1.5, 2800; 460, 108; 2, 2799; 520; 20; 20
139; 24, 2780; 480, Pi| move, 1.5, 2780; 460, 108; 2, 2779; 520; 20; 20
138; 24, 2760; 480, Pi| move, 1.5, 2760; 460, 108; 2, 2759; 520; 20; 20
137; 24, 2740; 480, Pi| move, 1.5, 2740; 460, 108; 2, 2739; 520; 20; 20
136; 24, 2720; 480, Pi| move, 1.5, 2720; 460, 108; 2, 2719; 520; 20; 20
135; 24, 2700; 480, Pi| move, 1.5, 2700; 460, 108; 2, 2699; 520; 20; 20
152; 24, 3040; 480, Pi| move, 1.5, 3040; 460, 108; 2, 3039; 520; 20; 20
0; 57, 0; 1140, Pu
0; 60, 0; 1200, Pu, X| largeNudge| move, 7.0, 340; 1200, 0; 60, 259; 1220; 20; 20| move, 7.0, 440; 1220, 0; 60, 359; 1200; 20; 20| move, 7.0, 540; 1200, 0; 60, 459; 1220; 20; 20| move, 7.0, 640; 1220, 0; 60, 559; 1200; 20; 20| move, 7.0, 940; 1200, 0; 60, 859; 1220; 20; 20| move, 7.0, 240; 1220, 63; 9, 1299; 180; 20; 20| move, 7.0, 740; 1200, 0; 60, 659; 1220; 20; 20| move, 7.0, 840; 1220, 0; 60, 759; 1200; 20; 20| move, 7.0, 940; 1200, 0; 60, 859; 1220; 20; 20| move, 7.0, 1040; 1220, 0; 60, 959; 1200; 20; 20| move, 7.0, 1140; 1200, 0; 60, 1059; 1220; 20; 20| move, 7.0, 1770; 1160, 0; 60, 1279; 1160; 20; 20| move, 7.0, 1820; 1112, 0; 60, 1789; 1160; 20; 20| move, 7.0, 1880; 1180, 0; 60, 1839; 1100; 20; 20| move, 7.0, 1940; 1112, 0; 60, 1899; 1180; 20; 20| move, 7.0, 2000; 1180, 0; 60, 1959; 1100; 20; 20| move, 7.0, 2060; 1112, 0; 60, 2019; 1180; 20; 20| move, 7.0, 2120; 1180, 0; 60, 2079; 1100; 20; 20| move, 7.0, 2200; 1080, 0; 60, 2139; 1180; 20; 20| move, 7.0, 2280; 1131, 0; 60, 2219; 1080; 20; 20| move, 7.0, 3020; 1130, 0; 60, 2299; 1140; 20; 20| move, 7.0, 1260; 1160, 0; 60, 1209; 1200; 20; 20| move, 7.0, 1191; 1200, 0; 60, 1159; 1200; 20; 20| move, 5.0, 3090; 1130, 153; 59, 3060; 1021; 20; 20| move, 5.0, 3090; -62, 0; 60, 3109; 1140; 20; 20
1; 57, 20; 1140, Pu
7; 57, 140; 1140, Pu
10; 57, 200; 1140, Pu
9; 57, 180; 1140, Pu
8; 57, 160; 1140, Pu
6; 57, 120; 1140, Pu
5; 57, 100; 1140, Pu
4; 57, 80; 1140, Pu
3; 57, 60; 1140, Pu
2; 57, 40; 1140, Pu
11; 57, 220; 1140, Pu
12; 57, 240; 1140, Pu
13; 57, 260; 1140, Pu
14; 57, 280; 1140, Pu
15; 57, 300; 1140, Pu
16; 57, 320; 1140, Pu
0; 62, 0; 1240, R
2; 62, 40; 1240, R
4; 62, 80; 1240, R
6; 62, 120; 1240, R
8; 62, 160; 1240, R
16; 62, 320; 1240, R
14; 62, 280; 1240, R
10; 62, 200; 1240, R
12; 62, 240; 1240, R
0; 65, 0; 1300, R, X| largeNudge| move, 7.0, 140; 1320, 59; 9, 1219; 180; 20; 20| move, 7.0, 240; 1300, 0; 65, 159; 1320; 20; 20| move, 7.0, 340; 1320, 0; 65, 259; 1300; 20; 20| move, 7.0, 440; 1300, 0; 65, 359; 1320; 20; 20| move, 7.0, 540; 1320, 0; 65, 459; 1300; 20; 20| move, 7.0, 640; 1300, 0; 65, 559; 1320; 20; 20| move, 7.0, 740; 1320, 0; 65, 659; 1295; 20; 20| move, 7.0, 840; 1300, 0; 65, 759; 1320; 20; 20| move, 7.0, 940; 1320, 0; 65, 859; 1300; 20; 20| move, 7.0, 1040; 1300, 0; 65, 959; 1320; 20; 20| move, 7.0, 1140; 1320, 0; 65, 1059; 1300; 20; 20| move, 7.0, 1210; 1320, 0; 65, 1159; 1320; 20; 20| move, 7.0, 1260; 1375, 0; 65, 1229; 1320; 20; 20| move, 7.0, 1300; 1335, 0; 65, 1279; 1380; 20; 20| move, 7.0, 1380; 1400, 0; 65, 1319; 1320; 20; 20| move, 7.0, 1520; 1800, 0; 65, 1381; 1419; 20; 20| move, 7.0, 1720; 1800, 0; 65, 1639; 1524; 20; 20| move, 7.0, 1620; 1520, 0; 65, 1539; 1801; 20; 20| move, 7.0, 1780; 1795, 0; 65, 1721; 1819; 20; 20| move, 7.0, 2220; 1575, 0; 65, 1799; 1800; 20; 20| move, 7.0, 2240; 1575, 0; 65, 2238; 1580; 2; 20| move, 0.5, 2280; 1557, 0; 65, 2279; 1520; 20; 20| move, 0.5, 2240; 1557, 0; 65, 2259; 1580; 20; 20| move, 0.5, 2260; 1532, 0; 65, 2240; 1538; 20; 20| move, 7.0, 2680; 1180, 0; 65, 2319; 1560; 20; 20| move, 7.0, 3090; 1120, 0; 65, 2680; 1161; 20; 20| move, 5.0, 3090; -88, 0; 65, 3109; 1111; 20; 38| move, 7.0, 2300; 1560, 0; 65, 2280; 1576; 20; 20
11; 67, 220; 1340, R
9; 67, 180; 1340, R
7; 67, 140; 1340, R
5; 67, 100; 1340, R
1; 67, 20; 1340, R
0; 67, 0; 1340, R
2; 67, 40; 1340, R
6; 67, 120; 1340, R
8; 67, 160; 1340, R
10; 67, 200; 1340, R
12; 67, 240; 1340, R
16; 67, 320; 1340, R
4; 67, 80; 1340, R
3; 67, 60; 1340, R
15; 67, 300; 1340, R
14; 67, 280; 1340, R
13; 67, 260; 1340, R
1; 62, 20; 1240, Pu
3; 62, 60; 1240, Pu
5; 62, 100; 1240, Pu
7; 62, 140; 1240, Pu
9; 62, 180; 1240, Pu
11; 62, 220; 1240, Pu
13; 62, 260; 1240, Pu
15; 62, 300; 1240, Pu
12; 58, 240; 1160, Pu
7; 63, 140; 1260, R
12; 66, 240; 1320, R
17; 61, 340; 1220, R
17; 62, 340; 1240, Pu
17; 57, 340; 1140, Pu
18; 57, 360; 1140, Pu
19; 57, 380; 1140, Pu
20; 57, 400; 1140, Pu
17; 67, 340; 1340, R
19; 67, 380; 1340, R
20; 67, 400; 1340, R
18; 67, 360; 1340, R
19; 62, 380; 1240, Pu
20; 62, 400; 1240, R
18; 62, 360; 1240, R
17; 63, 340; 1260, R
21; 67, 420; 1340, R
26; 67, 520; 1340, R
25; 67, 500; 1340, R
23; 67, 460; 1340, R
22; 67, 440; 1340, R
24; 67, 480; 1340, R
27; 67, 540; 1340, R
28; 67, 560; 1340, R
29; 67, 580; 1340, R
30; 67, 600; 1340, R
31; 67, 620; 1340, R
32; 67, 640; 1340, R
33; 67, 660; 1340, R
34; 67, 680; 1340, R
35; 67, 700; 1340, R
36; 67, 720; 1340, R
37; 67, 740; 1340, R
38; 67, 760; 1340, R
39; 67, 780; 1340, R
40; 67, 800; 1340, R
41; 67, 820; 1340, R
42; 67, 840; 1340, R
43; 67, 860; 1340, R
44; 67, 880; 1340, R
45; 67, 900; 1340, R
47; 67, 940; 1340, R
48; 67, 960; 1340, R
49; 67, 980; 1340, R
50; 67, 1000; 1340, R
51; 67, 1020; 1340, R
52; 67, 1040; 1340, R
53; 67, 1060; 1340, R
59; 67, 1180; 1340, R
56; 67, 1120; 1340, R
54; 67, 1080; 1340, R
55; 67, 1100; 1340, R
57; 67, 1140; 1340, R
58; 67, 1160; 1340, R
21; 62, 420; 1240, Pu
23; 62, 460; 1240, Pu
25; 62, 500; 1240, Pu
27; 62, 540; 1240, Pu
29; 62, 580; 1240, Pu
31; 62, 620; 1240, Pu
22; 62, 440; 1240, R
24; 62, 480; 1240, R
26; 62, 520; 1240, R
28; 62, 560; 1240, R
30; 62, 600; 1240, R
32; 62, 640; 1240, R
34; 62, 680; 1240, R
36; 62, 720; 1240, R
38; 62, 760; 1240, R
40; 62, 800; 1240, R
42; 62, 840; 1240, R
44; 62, 880; 1240, R
46; 62, 920; 1240, R
45; 62, 900; 1240, Pu
43; 62, 860; 1240, Pu
41; 62, 820; 1240, Pu
39; 62, 780; 1240, Pu
37; 62, 740; 1240, Pu
35; 62, 700; 1240, Pu
33; 62, 660; 1240, Pu
47; 62, 940; 1240, Pu
49; 62, 980; 1240, Pu
51; 62, 1020; 1240, Pu
53; 62, 1060; 1240, Pu
55; 62, 1100; 1240, Pu
57; 62, 1140; 1240, Pu
59; 62, 1180; 1240, Pu
58; 62, 1160; 1240, R
56; 62, 1120; 1240, R
54; 62, 1080; 1240, R
52; 62, 1040; 1240, R
50; 62, 1000; 1240, R
48; 62, 960; 1240, R
21; 57, 420; 1140, Pu
22; 57, 440; 1140, Pu
23; 57, 460; 1140, Pu
24; 57, 480; 1140, Pu
25; 57, 500; 1140, Pu
26; 57, 520; 1140, Pu
27; 57, 540; 1140, Pu
28; 57, 560; 1140, Pu
30; 57, 600; 1140, Pu
31; 57, 620; 1140, Pu
29; 57, 580; 1140, Pu
32; 57, 640; 1140, Pu
35; 57, 700; 1140, Pu
33; 57, 660; 1140, Pu
34; 57, 680; 1140, Pu
36; 57, 720; 1140, Pu
37; 57, 740; 1140, Pu
38; 57, 760; 1140, Pu
39; 57, 780; 1140, Pu
40; 57, 800; 1140, Pu
41; 57, 820; 1140, Pu
42; 57, 840; 1140, Pu
43; 57, 860; 1140, Pu
44; 57, 880; 1140, Pu
45; 57, 900; 1140, Pu
46; 57, 920; 1140, Pu
47; 57, 940; 1140, Pu
48; 57, 960; 1140, Pu
49; 57, 980; 1140, Pu
50; 57, 1000; 1140, Pu
51; 57, 1020; 1140, Pu
52; 57, 1040; 1140, Pu
53; 57, 1060; 1140, Pu
54; 57, 1080; 1140, Pu
55; 57, 1100; 1140, Pu
56; 57, 1120; 1140, Pu
59; 57, 1180; 1140, Pu
58; 57, 1160; 1140, Pu
57; 57, 1140; 1140, Pu
47; 63, 940; 1260, R
57; 63, 1140; 1260, R
46; 67, 920; 1340, R
52; 66, 1040; 1320, R
42; 66, 840; 1320, R
37; 63, 740; 1260, R
22; 66, 440; 1320, R
32; 66, 640; 1320, R
27; 63, 540; 1260, R
47; 61, 940; 1220, R
57; 61, 1140; 1220, R
52; 58, 1040; 1160, Pu
42; 58, 840; 1160, Pu
37; 61, 740; 1220, R
27; 61, 540; 1220, R
32; 58, 640; 1160, Pu
22; 58, 440; 1160, Pu
65; 8, 1300; 160, Pu
64; 8, 1280; 160, Pu
63; 8, 1260; 160, Pu
63; 10, 1260; 200, Pu
64; 10, 1280; 200, Pu
65; 10, 1300; 200, Pu
65; 9, 1300; 180, Pu
63; 9, 1260; 180, Pu| teleport, 1280; 140, 63; 9, 1299; 180; 20; 20| move, 4.0, 1280; 180, player, 0; 1180; 20; 20
64; 7, 1280; 140, R
64; 9, 1280; 180, G
61; 8, 1220; 160, R
60; 8, 1200; 160, R
59; 8, 1180; 160, R
59; 10, 1180; 200, R
60; 10, 1200; 200, R
61; 10, 1220; 200, R
61; 9, 1220; 180, R
59; 9, 1180; 180, R| teleport, 1200; 140, 59; 9, 1219; 180; 20; 20| move, 4.0, 1200; 180, player, 0; 1280; 20; 20
60; 7, 1200; 140, R
60; 9, 1200; 180, G
60; 62, 1200; 1240, R
61; 63, 1220; 1260, R
62; 64, 1240; 1280, R
63; 65, 1260; 1300, R
61; 61, 1220; 1220, Pu
62; 60, 1240; 1200, Pu
63; 59, 1260; 1180, Pu
65; 59, 1300; 1180, Pu
64; 59, 1280; 1180, Pu
60; 57, 1200; 1140, Pu
61; 56, 1220; 1120, Pu
62; 55, 1240; 1100, Pu
63; 54, 1260; 1080, Pu
64; 54, 1280; 1080, Pu
65; 54, 1300; 1080, Pu
66; 59, 1320; 1180, Pu
69; 59, 1380; 1180, Pu
75; 59, 1500; 1180, Pu
74; 59, 1480; 1180, Pu
67; 59, 1340; 1180, Pu
68; 59, 1360; 1180, Pu
70; 59, 1400; 1180, Pu
71; 59, 1420; 1180, Pu
73; 59, 1460; 1180, Pu
76; 59, 1520; 1180, Pu
77; 59, 1540; 1180, Pu
72; 59, 1440; 1180, Pu
66; 54, 1320; 1080, Pu
67; 54, 1340; 1080, Pu
68; 54, 1360; 1080, Pu
69; 54, 1380; 1080, Pu
72; 54, 1440; 1080, Pu
74; 54, 1480; 1080, Pu
75; 54, 1500; 1080, Pu
76; 54, 1520; 1080, Pu
73; 54, 1460; 1080, Pu
71; 54, 1420; 1080, Pu
70; 54, 1400; 1080, Pu
78; 59, 1560; 1180, Pu
79; 59, 1580; 1180, Pu
80; 59, 1600; 1180, Pu
81; 59, 1620; 1180, Pu
82; 59, 1640; 1180, Pu
83; 59, 1660; 1180, Pu
84; 59, 1680; 1180, Pu
85; 59, 1700; 1180, Pu
86; 59, 1720; 1180, Pu
87; 59, 1740; 1180, Pu
88; 59, 1760; 1180, Pu
89; 59, 1780; 1180, Pu
89; 54, 1780; 1080, Pu
88; 54, 1760; 1080, Pu
87; 54, 1740; 1080, Pu
86; 54, 1720; 1080, Pu
85; 54, 1700; 1080, Pu
84; 54, 1680; 1080, Pu
83; 54, 1660; 1080, Pu
82; 54, 1640; 1080, Pu
81; 54, 1620; 1080, Pu
80; 54, 1600; 1080, Pu
79; 54, 1580; 1080, Pu
78; 54, 1560; 1080, Pu
77; 54, 1540; 1080, Pu
90; 60, 1800; 1200, Pu
92; 60, 1840; 1200, Pu
94; 60, 1880; 1200, Pu
91; 60, 1820; 1200, Pu
93; 60, 1860; 1200, Pu
95; 60, 1900; 1200, Pu
96; 60, 1920; 1200, Pu
97; 60, 1940; 1200, Pu
98; 60, 1960; 1200, Pu
107; 60, 2140; 1200, Pu
106; 60, 2120; 1200, Pu
105; 60, 2100; 1200, Pu
104; 60, 2080; 1200, Pu
103; 60, 2060; 1200, Pu
102; 60, 2040; 1200, Pu
101; 60, 2020; 1200, Pu
100; 60, 2000; 1200, Pu
99; 60, 1980; 1200, Pu
107; 53, 2140; 1060, Pu
106; 53, 2120; 1060, Pu
105; 53, 2100; 1060, Pu
104; 53, 2080; 1060, Pu
103; 53, 2060; 1060, Pu
102; 53, 2040; 1060, Pu
101; 53, 2020; 1060, Pu
100; 53, 2000; 1060, Pu
99; 53, 1980; 1060, Pu
98; 53, 1960; 1060, Pu
97; 53, 1940; 1060, Pu
96; 53, 1920; 1060, Pu
90; 53, 1800; 1060, Pu
91; 53, 1820; 1060, Pu
95; 53, 1900; 1060, Pu
94; 53, 1880; 1060, Pu
93; 53, 1860; 1060, Pu
92; 53, 1840; 1060, Pu
110; 56, 2200; 1110, Pu
110; 58, 2200; 1150, Pu
110; 57, 2200; 1130, Pu
112; 61, 2240; 1220, Pu
108; 61, 2160; 1220, Pu
111; 62, 2220; 1240, Pu
109; 62, 2180; 1240, Pu
110; 62, 2200; 1240, Pu
113; 61, 2260; 1220, Pu
117; 61, 2340; 1220, Pu
116; 61, 2320; 1220, Pu
115; 61, 2300; 1220, Pu
114; 61, 2280; 1220, Pu
108; 52, 2160; 1040, Pu
109; 51, 2180; 1020, Pu
110; 51, 2200; 1020, Pu
111; 51, 2220; 1020, Pu
112; 52, 2240; 1040, Pu
122; 61, 2440; 1220, Pu
118; 61, 2360; 1220, Pu
119; 61, 2380; 1220, Pu
120; 61, 2400; 1220, Pu
121; 61, 2420; 1220, Pu
113; 52, 2260; 1040, Pu
114; 52, 2280; 1040, Pu
115; 52, 2300; 1040, Pu
116; 52, 2320; 1040, Pu
117; 52, 2340; 1040, Pu
118; 52, 2360; 1040, Pu
119; 52, 2380; 1040, Pu
120; 52, 2400; 1040, Pu
121; 52, 2420; 1040, Pu
122; 52, 2440; 1040, Pu
123; 52, 2460; 1040, Pu
124; 52, 2480; 1040, Pu
125; 52, 2500; 1040, Pu
126; 52, 2520; 1040, Pu
127; 52, 2540; 1040, Pu
128; 52, 2560; 1040, Pu
132; 52, 2640; 1040, Pu
133; 52, 2660; 1040, Pu
131; 52, 2620; 1040, Pu
130; 52, 2600; 1040, Pu
129; 52, 2580; 1040, Pu
134; 52, 2680; 1040, Pu
135; 52, 2700; 1040, Pu
136; 52, 2720; 1040, Pu
137; 52, 2740; 1040, Pu
138; 52, 2760; 1040, Pu
139; 52, 2780; 1040, Pu
141; 52, 2820; 1040, Pu
142; 52, 2840; 1040, Pu
143; 52, 2860; 1040, Pu
144; 52, 2880; 1040, Pu
145; 52, 2900; 1040, Pu
146; 52, 2920; 1040, Pu
147; 52, 2940; 1040, Pu
148; 52, 2960; 1040, Pu
149; 52, 2980; 1040, Pu
150; 52, 3000; 1040, Pu
151; 52, 3020; 1040, Pu
152; 52, 3040; 1040, Pu
123; 61, 2460; 1220, Pu
124; 61, 2480; 1220, Pu
137; 61, 2740; 1220, Pu
138; 61, 2760; 1220, Pu
139; 61, 2780; 1220, Pu
140; 61, 2800; 1220, Pu
141; 61, 2820; 1220, Pu
144; 61, 2880; 1220, Pu
142; 61, 2840; 1220, Pu
143; 61, 2860; 1220, Pu
145; 61, 2900; 1220, Pu
146; 61, 2920; 1220, Pu
147; 61, 2940; 1220, Pu
148; 61, 2960; 1220, Pu
149; 61, 2980; 1220, Pu
150; 61, 3000; 1220, Pu
151; 61, 3020; 1220, Pu
152; 61, 3040; 1220, Pu
140; 52, 2800; 1040, Pu
60; 67, 1200; 1340, R
61; 68, 1220; 1360, R
62; 69, 1240; 1380, R
63; 70, 1260; 1400, R
64; 69, 1280; 1380, R
65; 68, 1300; 1360, R
66; 69, 1320; 1380, R
67; 70, 1340; 1400, R
64; 64, 1280; 1280, R
65; 63, 1300; 1260, R
66; 64, 1320; 1280, R
67; 65, 1340; 1300, R
68; 66, 1360; 1320, R
69; 67, 1380; 1340, R
68; 71, 1360; 1420, R
69; 72, 1380; 1440, R
70; 75, 1400; 1500, R
71; 78, 1420; 1560, R
70; 68, 1400; 1360, R
71; 71, 1420; 1420, R
72; 74, 1440; 1480, R
70; 76, 1400; 1520, R
69; 73, 1380; 1460, R
71; 70, 1420; 1400, R
72; 73, 1440; 1460, R
73; 76, 1460; 1520, R
73; 77, 1460; 1540, R
72; 81, 1440; 1620, R
72; 82, 1440; 1640, R
71; 79, 1420; 1580, R
75; 91, 1500; 1820, R
75; 90, 1500; 1800, R
76; 92, 1520; 1840, R
74; 87, 1480; 1740, R
74; 88, 1480; 1760, R
76; 86, 1520; 1720, R
76; 85, 1520; 1700, R
73; 85, 1460; 1700, R
73; 84, 1460; 1680, R
75; 83, 1500; 1660, R
75; 82, 1500; 1640, R
74; 80, 1480; 1600, R
74; 79, 1480; 1580, R
77; 91, 1540; 1820, R
77; 90, 1540; 1800, R
78; 87, 1560; 1740, R
78; 88, 1560; 1760, R
79; 85, 1580; 1700, R
79; 84, 1580; 1680, R
80; 82, 1600; 1640, R
80; 81, 1600; 1620, R
77; 83, 1540; 1660, R
77; 82, 1540; 1640, R
78; 80, 1560; 1600, R
78; 79, 1560; 1580, R
81; 79, 1620; 1580, R
81; 78, 1620; 1560, R
79; 77, 1580; 1540, R
79; 76, 1580; 1520, R
80; 74, 1600; 1480, R
80; 73, 1600; 1460, R
81; 72, 1620; 1440, R
85; 91, 1700; 1820, R
85; 90, 1700; 1800, R
86; 86, 1720; 1720, R
86; 85, 1720; 1700, R
84; 88, 1680; 1760, R
84; 87, 1680; 1740, R
83; 85, 1660; 1700, R
83; 84, 1660; 1680, R
85; 83, 1700; 1660, R
85; 82, 1700; 1640, R
82; 82, 1640; 1640, R
82; 81, 1640; 1620, R
84; 80, 1680; 1600, R
84; 79, 1680; 1580, R
83; 77, 1660; 1540, R
83; 76, 1660; 1520, R
82; 74, 1640; 1480, R
82; 73, 1640; 1460, R
86; 92, 1720; 1840, R
87; 92, 1740; 1840, R
88; 92, 1760; 1840, R
89; 91, 1780; 1820, R
90; 91, 1800; 1820, R
91; 90, 1820; 1800, R
92; 90, 1840; 1800, R
93; 89, 1860; 1780, R
94; 89, 1880; 1780, R
95; 88, 1900; 1760, R
96; 88, 1920; 1760, R
88; 87, 1760; 1740, R
87; 87, 1740; 1740, R
89; 86, 1780; 1720, R
90; 86, 1800; 1720, R
91; 85, 1820; 1700, R
92; 85, 1840; 1700, R
96; 83, 1920; 1660, R
95; 83, 1900; 1660, R
98; 87, 1960; 1740, R
97; 87, 1940; 1740, R
100; 86, 2000; 1720, R
99; 86, 1980; 1720, R
101; 85, 2020; 1700, R
94; 84, 1880; 1680, R
93; 84, 1860; 1680, R
97; 82, 1940; 1640, R
98; 82, 1960; 1640, R
99; 81, 1980; 1620, R
100; 81, 2000; 1620, R
102; 85, 2040; 1700, R
103; 84, 2060; 1680, R
104; 84, 2080; 1680, R
105; 83, 2100; 1660, R
106; 83, 2120; 1660, R
102; 80, 2040; 1600, R
101; 80, 2020; 1600, R
103; 79, 2060; 1580, R
106; 78, 2120; 1560, R
108; 77, 2160; 1540, R
107; 77, 2140; 1540, R
107; 82, 2140; 1640, R
108; 82, 2160; 1640, R
109; 81, 2180; 1620, R
110; 81, 2200; 1620, R
111; 80, 2220; 1600, R
112; 80, 2240; 1600, R
110; 76, 2200; 1520, R
109; 76, 2180; 1520, R
112; 75, 2240; 1500, R
111; 75, 2220; 1500, R
105; 78, 2100; 1560, R
104; 79, 2080; 1580, R
114; 75, 2280; 1500, R
113; 74, 2260; 1480, R
114; 80, 2280; 1600, R
113; 80, 2260; 1600, R
128; 62, 2560; 1240, R
127; 63, 2540; 1260, R
126; 64, 2520; 1280, R
125; 65, 2500; 1300, R
124; 66, 2480; 1320, R
123; 67, 2460; 1340, R
122; 68, 2440; 1360, R
121; 69, 2420; 1380, R
119; 71, 2380; 1420, R
120; 70, 2400; 1400, R
118; 72, 2360; 1440, R
117; 73, 2340; 1460, R
116; 74, 2320; 1480, R
115; 75, 2300; 1500, R
116; 79, 2320; 1580, R
118; 77, 2360; 1540, R
119; 76, 2380; 1520, R
120; 75, 2400; 1500, R
121; 74, 2420; 1480, R
122; 73, 2440; 1460, R
123; 72, 2460; 1440, R
124; 71, 2480; 1420, R
125; 70, 2500; 1400, R
126; 69, 2520; 1380, R
127; 68, 2540; 1360, R
132; 63, 2640; 1260, R
131; 64, 2620; 1280, R
130; 65, 2600; 1300, R
129; 66, 2580; 1320, R
128; 67, 2560; 1340, R
115; 80, 2300; 1600, R
117; 78, 2340; 1560, R
129; 61, 2580; 1220, R
133; 62, 2660; 1240, R
134; 61, 2680; 1220, R
#spikes
115; 103, 2300; 2060, 4
115; 102, 2300; 2040, 4
115; 101, 2300; 2020, 4
115; 100, 2300; 2000, 4
117; 103, 2340; 2060, 3
117; 102, 2340; 2040, 3
117; 101, 2340; 2020, 3
117; 100, 2340; 2000, 3
116; 98, 2320; 1960, 2
115; 99, 2300; 1980, 4
118; 99, 2360; 1980, 1
119; 98, 2380; 1960, 1
120; 97, 2400; 1940, 1
117; 97, 2340; 1940, 2
118; 96, 2360; 1920, 2
119; 95, 2380; 1900, 2
120; 94, 2400; 1880, 2
121; 94, 2420; 1880, 2
122; 94, 2440; 1881, 2
123; 94, 2460; 1882, 2
121; 97, 2420; 1940, 1
122; 97, 2440; 1940, 1
123; 97, 2460; 1940, 1
124; 94, 2480; 1883, 2
125; 94, 2500; 1884, 2
126; 94, 2520; 1885, 2
127; 94, 2540; 1886, 2
128; 94, 2560; 1887, 2
129; 94, 2580; 1888, 2
130; 94, 2600; 1889, 2
124; 97, 2480; 1940, 1
125; 97, 2500; 1940, 1
126; 97, 2520; 1940, 1
127; 97, 2540; 1940, 1
128; 97, 2560; 1940, 1
129; 97, 2580; 1940, 1
130; 97, 2600; 1940, 1
131; 97, 2620; 1940, 1
132; 97, 2640; 1940, 1
133; 97, 2660; 1940, 1
134; 97, 2680; 1940, 1
135; 97, 2700; 1940, 1
136; 97, 2720; 1940, 1
137; 97, 2740; 1940, 1
131; 94, 2620; 1890, 2
132; 94, 2640; 1891, 2
133; 94, 2660; 1892, 2
134; 94, 2680; 1893, 2
135; 94, 2700; 1894, 2
136; 94, 2720; 1895, 2
137; 94, 2740; 1896, 2
138; 95, 2760; 1897, 2
139; 95, 2780; 1898, 2
140; 95, 2800; 1899, 2
141; 95, 2820; 1900, 2
142; 95, 2840; 1901, 2
138; 97, 2760; 1940, 1
139; 97, 2780; 1940, 1
140; 97, 2800; 1940, 1
141; 97, 2820; 1940, 1
142; 97, 2840; 1940, 1
143; 95, 2860; 1902, 2
144; 95, 2880; 1903, 2
145; 95, 2900; 1904, 2
146; 95, 2920; 1905, 2
147; 95, 2940; 1906, 2
148; 95, 2960; 1907, 2
149; 95, 2980; 1908, 2
150; 95, 3000; 1909, 2
143; 97, 2860; 1940, 1
144; 97, 2880; 1940, 1
146; 97, 2920; 1940, 1
147; 97, 2940; 1940, 1
148; 97, 2960; 1940, 1
149; 97, 2980; 1940, 1
150; 97, 3000; 1940, 1
151; 97, 3020; 1940, 1
145; 97, 2900; 1940, 1
152; 97, 3040; 1940, 1
153; 97, 3060; 1940, 1
154; 97, 3080; 1940, 1
155; 97, 3100; 1940, 1
154; 95, 3080; 1900, 4
155; 93, 3100; 1860, 3
154; 91, 3080; 1820, 4
151; 94, 3020; 1889, 2
152; 93, 3040; 1869, 2
117; 104, 2340; 2080, 3
117; 105, 2340; 2100, 3
117; 106, 2340; 2120, 3
117; 107, 2340; 2140, 3
115; 104, 2300; 2080, 4
115; 105, 2300; 2100, 4
115; 107, 2300; 2140, 4
115; 106, 2300; 2120, 4
155; 85, 3100; 1700, 3| teleport, 3100; 1760, 116; 103, 3080; 1720; 20; 20
154; 85, 3080; 1700, 4| teleport, 3080; 1760, 116; 103, 3080; 1720; 20; 20
155; 84, 3100; 1680, 3| teleport, 3100; 1740, 116; 103, 3080; 1700; 20; 20
154; 84, 3080; 1680, 4| teleport, 3080; 1740, 116; 103, 3080; 1700; 20; 20
154; 83, 3080; 1660, 4| teleport, 3080; 1720, 116; 103, 3080; 1680; 20; 20
154; 82, 3080; 1640, 4| teleport, 3080; 1700, 116; 103, 3080; 1660; 20; 20
154; 81, 3080; 1620, 4| teleport, 3080; 1680, 116; 103, 3080; 1640; 20; 20
154; 80, 3080; 1600, 4| teleport, 3080; 1660, 116; 103, 3080; 1620; 20; 20
155; 83, 3100; 1660, 3| teleport, 3100; 1720, 116; 103, 3080; 1680; 20; 20
155; 82, 3100; 1640, 3| teleport, 3100; 1700, 116; 103, 3080; 1660; 20; 20
155; 81, 3100; 1620, 3| teleport, 3100; 1680, 116; 103, 3080; 1640; 20; 20
155; 80, 3100; 1600, 3| teleport, 3100; 1660, 116; 103, 3080; 1620; 20; 20
154; 79, 3080; 1580, 4| teleport, 3080; 1640, 116; 103, 3080; 1600; 20; 20
154; 78, 3080; 1560, 4| teleport, 3080; 1620, 116; 103, 3080; 1580; 20; 20
154; 77, 3080; 1540, 4| teleport, 3080; 1600, 116; 103, 3080; 1560; 20; 20
154; 76, 3080; 1520, 4| teleport, 3080; 1580, 116; 103, 3080; 1540; 20; 20
155; 79, 3100; 1580, 3| teleport, 3100; 1640, 116; 103, 3080; 1600; 20; 20
155; 78, 3100; 1560, 3| teleport, 3100; 1620, 116; 103, 3080; 1580; 20; 20
155; 77, 3100; 1540, 3| teleport, 3100; 1600, 116; 103, 3080; 1560; 20; 20
155; 76, 3100; 1520, 3| teleport, 3100; 1580, 116; 103, 3080; 1540; 20; 20
160; 64, 3200; 1280, 1
159; 63, 3180; 1260, 1
158; 62, 3160; 1240, 1
157; 61, 3140; 1220, 1
156; 60, 3120; 1200, 1
160; 61, 3200; 1220, 2
159; 60, 3180; 1200, 2
158; 59, 3160; 1180, 2
157; 58, 3140; 1160, 2
156; 57, 3120; 1140, 2
163; 67, 3260; 1340, 1
162; 66, 3240; 1320, 1
161; 65, 3220; 1300, 1
163; 64, 3260; 1280, 2
162; 63, 3240; 1260, 2
161; 62, 3220; 1240, 2
164; 64, 3280; 1280, 2
165; 64, 3300; 1280, 2
166; 64, 3320; 1280, 2
167; 64, 3340; 1280, 2
168; 64, 3360; 1280, 2
169; 64, 3380; 1280, 2
164; 67, 3280; 1340, 1
165; 67, 3300; 1340, 1| move, 0.5, 3280; 1340, 186; 103, 3320; 1400; 20; 20
167; 67, 3340; 1340, 1| move, 0.5, 3360; 1340, 186; 103, 3320; 1400; 20; 20
168; 67, 3360; 1340, 1
169; 67, 3380; 1340, 1
170; 65, 3400; 1300, 2
171; 66, 3420; 1320, 2| move, 4.3, 3220; 1320, 202; 73, 3376; 1340; 20; 20
170; 68, 3400; 1360, 1| move, 6.0, 3400; 1280, 202; 73, 3380; 1340; 20; 20
171; 69, 3420; 1380, 1| move, 6.0, 3420; 1300, 202; 73, 3400; 1360; 20; 20
172; 70, 3440; 1400, 1| move, 6.0, 3440; 1320, 202; 73, 3420; 1380; 20; 20
172; 67, 3440; 1340, 2| move, 6.0, 3240; 1340, 202; 73, 3395; 1360; 20; 20
173; 68, 3460; 1360, 2| move, 6.0, 3380; 1360, 202; 73, 3415; 1380; 20; 20
174; 69, 3480; 1380, 2| move, 6.0, 3400; 1380, 202; 73, 3435; 1400; 20; 20
175; 70, 3500; 1400, 2| move, 6.0, 3420; 1400, player, 3455; 1420; 20; 20
176; 74, 3520; 1480, 1
173; 71, 3460; 1420, 1| move, 6.0, 3460; 1340, 202; 73, 3440; 1400; 20; 20
177; 74, 3540; 1480, 1
179; 74, 3580; 1480, 1
180; 74, 3600; 1480, 1
181; 74, 3620; 1480, 1
182; 74, 3640; 1480, 1
178; 74, 3560; 1480, 1
181; 71, 3620; 1420, 2
180; 71, 3600; 1420, 2
179; 71, 3580; 1420, 2
178; 71, 3560; 1420, 2
177; 71, 3540; 1420, 2
182; 72, 3640; 1440, 1| move, 1.5, 3640; 1400, 202; 73, 3660; 1460; 20; 20
182; 73, 3640; 1460, 2| move, 1.5, 3640; 1500, 202; 73, 3660; 1460; 20; 20
182; 71, 3640; 1420, 2
183; 71, 3660; 1420, 2
184; 71, 3680; 1420, 2
186; 71, 3720; 1420, 2
187; 71, 3740; 1420, 2
188; 71, 3760; 1420, 2
183; 74, 3660; 1480, 1
184; 74, 3680; 1480, 1
186; 74, 3720; 1480, 1
187; 74, 3740; 1480, 1
188; 74, 3760; 1480, 1
188; 72, 3760; 1440, 1| move, 1.5, 3760; 1400, 202; 73, 3780; 1460; 20; 20
188; 73, 3760; 1460, 2| move, 1.5, 3760; 1500, 202; 73, 3780; 1460; 20; 20
185; 74, 3700; 1480, 1
185; 71, 3700; 1420, 2
185; 72, 3700; 1440, 1| move, 1.5, 3700; 1400, 202; 73, 3720; 1460; 20; 20
185; 73, 3700; 1460, 2| move, 1.5, 3700; 1500, 202; 73, 3720; 1460; 20; 20
179; 72, 3580; 1440, 1| move, 1.5, 3580; 1400, 202; 73, 3600; 1460; 20; 20
179; 73, 3580; 1460, 2| move, 1.5, 3580; 1500, 202; 73, 3600; 1460; 20; 20
189; 74, 3780; 1480, 1
190; 74, 3800; 1479, 1
191; 74, 3820; 1478, 1
192; 74, 3840; 1477, 1
193; 74, 3860; 1476, 1
194; 74, 3880; 1475, 1
195; 74, 3900; 1474, 1
196; 74, 3920; 1473, 1
197; 74, 3940; 1472, 1
195; 71, 3900; 1426, 2
194; 71, 3880; 1425, 2
193; 71, 3860; 1424, 2
192; 71, 3840; 1423, 2
191; 71, 3820; 1422, 2
190; 71, 3800; 1421, 2
189; 71, 3780; 1420, 2
196; 71, 3920; 1427, 2
197; 71, 3940; 1428, 2
198; 72, 3960; 1429, 2
200; 72, 4000; 1431, 2
199; 72, 3980; 1430, 2
198; 74, 3960; 1471, 1
199; 74, 3980; 1470, 1
200; 74, 4000; 1469, 1
201; 74, 4020; 1469, 1
174; 72, 3480; 1440, 1| move, 6.0, 3480; 1360, 202; 73, 3460; 1420; 20; 20
175; 73, 3500; 1460, 1| move, 6.0, 3500; 1380, 202; 73, 3480; 1440; 20; 20
176; 71, 3520; 1420, 2| move, 6.0, 3440; 1420, 202; 73, 3475; 1440; 20; 20
201; 71, 4020; 1431, 2
166; 67, 3320; 1340, 1| move, 4.5, 3320; 1240, 186; 103, 3320; 1400; 20; 20
187; 107, 3740; 2140, 3
187; 106, 3740; 2120, 3
187; 105, 3740; 2100, 3
187; 104, 3740; 2080, 3
187; 103, 3740; 2060, 3
185; 107, 3700; 2140, 4
185; 106, 3700; 2120, 4
185; 105, 3700; 2100, 4
185; 104, 3700; 2080, 4
185; 103, 3700; 2060, 4
185; 102, 3700; 2040, 4
186; 101, 3720; 2020, 4
187; 100, 3740; 2000, 4
188; 102, 3760; 2040, 1
189; 101, 3780; 2020, 1
190; 100, 3800; 2000, 1
188; 99, 3760; 1980, 4
189; 98, 3780; 1960, 4
190; 97, 3800; 1940, 4
189; 96, 3780; 1920, 1
187; 98, 3740; 1960, 1
186; 99, 3720; 1980, 1
185; 100, 3700; 2000, 1
184; 101, 3680; 2020, 1
191; 96, 3820; 1920, 4
192; 95, 3840; 1900, 4
193; 94, 3860; 1880, 4
194; 93, 3880; 1860, 4
190; 95, 3800; 1900, 1
191; 94, 3820; 1880, 1
192; 93, 3840; 1860, 1
193; 92, 3860; 1840, 1
194; 91, 3880; 1820, 1
195; 92, 3900; 1840, 4
191; 99, 3820; 1980, 1
192; 98, 3840; 1960, 1
193; 97, 3860; 1940, 1
194; 96, 3880; 1920, 1
195; 95, 3900; 1900, 1
196; 94, 3920; 1880, 1
189; 103, 3780; 2060, 4
190; 102, 3800; 2040, 4
191; 101, 3820; 2020, 4
192; 100, 3840; 2000, 4
193; 99, 3860; 1980, 4
194; 98, 3880; 1960, 4
189; 107, 3780; 2140, 4
189; 106, 3780; 2120, 4
189; 105, 3780; 2100, 4
189; 104, 3780; 2080, 4
195; 97, 3900; 1940, 4
196; 96, 3920; 1920, 4
197; 95, 3940; 1900, 4
198; 94, 3960; 1880, 4
183; 107, 3660; 2140, 3
183; 106, 3660; 2120, 3
183; 104, 3660; 2080, 3
183; 103, 3660; 2060, 3
183; 102, 3660; 2040, 3
183; 105, 3660; 2100, 3
198; 93, 3960; 1860, 4
198; 92, 3960; 1840, 4
198; 91, 3960; 1820, 4
198; 90, 3960; 1800, 4
196; 90, 3920; 1800, 2
195; 89, 3900; 1780, 2
194; 88, 3880; 1760, 2
197; 89, 3940; 1780, 1
196; 88, 3920; 1760, 1
195; 87, 3900; 1740, 1
194; 86, 3880; 1720, 1
193; 89, 3860; 1780, 2
192; 90, 3840; 1800, 2
191; 91, 3820; 1820, 2
190; 92, 3800; 1840, 2
189; 93, 3780; 1860, 2
188; 94, 3760; 1880, 2
187; 95, 3740; 1900, 2
186; 96, 3720; 1920, 2
185; 97, 3700; 1940, 2
182; 100, 3640; 2000, 2
183; 99, 3660; 1980, 2
184; 98, 3680; 1960, 2
181; 99, 3620; 1980, 1
182; 98, 3640; 1960, 1
183; 97, 3660; 1940, 1
184; 96, 3680; 1920, 1
185; 95, 3700; 1900, 1
186; 94, 3720; 1880, 1
187; 93, 3740; 1860, 1
188; 92, 3760; 1840, 1
189; 91, 3780; 1820, 1
190; 90, 3800; 1800, 1
191; 89, 3820; 1780, 1
192; 88, 3840; 1760, 1
193; 87, 3860; 1740, 1
181; 101, 3620; 2020, 2
180; 101, 3600; 2020, 2
179; 101, 3580; 2020, 2
178; 101, 3560; 2020, 2
177; 101, 3540; 2020, 2
176; 101, 3520; 2020, 2
175; 101, 3500; 2020, 2
180; 99, 3600; 1980, 1
176; 99, 3520; 1980, 1
175; 99, 3500; 1980, 1
179; 99, 3580; 1980, 1
178; 99, 3560; 1980, 1
177; 99, 3540; 1980, 1
188; 97, 3760; 1940, 1
174; 101, 3480; 2020, 2
173; 101, 3460; 2020, 2
172; 101, 3440; 2020, 2
171; 101, 3420; 2020, 2
170; 101, 3400; 2020, 2
169; 101, 3380; 2020, 2
168; 101, 3360; 2020, 2
174; 99, 3480; 1980, 1
173; 99, 3460; 1980, 1
172; 99, 3440; 1980, 1
171; 99, 3420; 1980, 1
170; 99, 3400; 1980, 1
169; 99, 3380; 1980, 1
167; 95, 3340; 1900, 3| teleport, 3380; 1900; 4, 186; 103, 3340; 1920; 20; 20| teleport, 3340; 1900; 3, 186; 103, 3340; 1880; 20; 20
167; 94, 3340; 1880, 3| teleport, 3380; 1880; 4, 186; 103, 3340; 1900; 20; 20| teleport, 3340; 1880; 3, 186; 103, 3340; 1860; 20; 20
167; 93, 3340; 1860, 3| teleport, 3380; 1860; 4, 186; 103, 3340; 1880; 20; 20| teleport, 3340; 1860; 3, 186; 103, 3340; 1840; 20; 20
167; 92, 3340; 1840, 3| teleport, 3380; 1840; 4, 186; 103, 3340; 1860; 20; 20| teleport, 3340; 1840; 3, 186; 103, 3340; 1820; 20; 20
167; 91, 3340; 1820, 3| teleport, 3380; 1820; 4, 186; 103, 3340; 1840; 20; 20| teleport, 3340; 1820; 3, 186; 103, 3340; 1800; 20; 20
167; 90, 3340; 1800, 3| teleport, 3380; 1800; 4, 186; 103, 3340; 1820; 20; 20| teleport, 3340; 1800; 3, 186; 103, 3340; 1780; 20; 20
167; 89, 3340; 1780, 3| teleport, 3380; 1780; 4, 186; 103, 3340; 1800; 20; 20| teleport, 3340; 1780; 3, 186; 103, 3340; 1760; 20; 20
167; 88, 3340; 1760, 3| teleport, 3380; 1760; 4, 186; 103, 3340; 1780; 20; 20| teleport, 3340; 1760; 3, 186; 103, 3340; 1740; 20; 20
166; 95, 3320; 1900, 4| teleport, 3280; 1900; 3, 186; 103, 3320; 1920; 20; 20| teleport, 3320; 1900; 4, 186; 103, 3320; 1880; 20; 20
166; 94, 3320; 1880, 4| teleport, 3280; 1880; 3, 186; 103, 3320; 1900; 20; 20| teleport, 3320; 1880; 4, 186; 103, 3320; 1860; 20; 20
166; 93, 3320; 1860, 4| teleport, 3280; 1860; 3, 186; 103, 3320; 1880; 20; 20| teleport, 3320; 1860; 4, 186; 103, 3320; 1840; 20; 20
166; 92, 3320; 1840, 4| teleport, 3280; 1840; 3, 186; 103, 3320; 1860; 20; 20| teleport, 3320; 1840; 4, 186; 103, 3320; 1820; 20; 20
166; 91, 3320; 1820, 4| teleport, 3280; 1820; 3, 186; 103, 3320; 1840; 20; 20| teleport, 3320; 1820; 4, 186; 103, 3320; 1800; 20; 20
166; 90, 3320; 1800, 4| teleport, 3280; 1800; 3, 186; 103, 3320; 1820; 20; 20| teleport, 3320; 1800; 4, 186; 103, 3320; 1780; 20; 20
166; 89, 3320; 1780, 4| teleport, 3280; 1780; 3, 186; 103, 3320; 1800; 20; 20| teleport, 3320; 1780; 4, 186; 103, 3320; 1760; 20; 20
166; 88, 3320; 1760, 4| teleport, 3280; 1760; 3, 186; 103, 3320; 1780; 20; 20| teleport, 3320; 1760; 4, 186; 103, 3320; 1740; 20; 20
165; 85, 3300; 1700, 1
164; 86, 3280; 1720, 2
165; 101, 3300; 2020, 2
166; 82, 3320; 1640, 2| move, 2.5, 3300; 1640, 186; 103, 3320; 1680; 20; 20| move, 2.5, 3320; 1640, 186; 103, 3320; 1620; 20; 20
166; 81, 3320; 1620, 1| move, 2.5, 3300; 1620, 186; 103, 3320; 1680; 20; 20| move, 2.5, 3320; 1620, 186; 103, 3320; 1620; 20; 20
166; 78, 3320; 1560, 2| move, 2.5, 3300; 1560, 186; 103, 3320; 1600; 20; 20| move, 2.5, 3320; 1560, 186; 103, 3320; 1540; 20; 20
166; 74, 3320; 1480, 2| move, 2.5, 3300; 1480, 186; 103, 3320; 1520; 20; 20| move, 2.5, 3320; 1480, 186; 103, 3320; 1460; 20; 20
166; 73, 3320; 1460, 1| move, 2.5, 3300; 1460, 186; 103, 3320; 1520; 20; 20| move, 2.5, 3320; 1460, 186; 103, 3320; 1460; 20; 20
166; 77, 3320; 1540, 1| move, 2.5, 3300; 1540, 186; 103, 3320; 1600; 20; 20| move, 2.5, 3320; 1540, 186; 103, 3320; 1540; 20; 20
167; 81, 3320; 1620, 1| move, 2.5, 3340; 1620, 186; 103, 3320; 1680; 20; 20| move, 2.5, 3320; 1620, 186; 103, 3320; 1620; 20; 20
167; 78, 3320; 1560, 2| move, 2.5, 3340; 1560, 186; 103, 3320; 1600; 20; 20| move, 2.5, 3320; 1560, 186; 103, 3320; 1540; 20; 20
167; 82, 3320; 1640, 2| move, 2.5, 3340; 1640, 186; 103, 3320; 1680; 20; 20| move, 2.5, 3320; 1640, 186; 103, 3320; 1620; 20; 20
167; 74, 3320; 1480, 2| move, 2.5, 3340; 1480, 186; 103, 3320; 1520; 20; 20| move, 2.5, 3320; 1480, 186; 103, 3320; 1460; 20; 20
167; 77, 3320; 1540, 1| move, 2.5, 3340; 1540, 186; 103, 3320; 1600; 20; 20| move, 2.5, 3320; 1540, 186; 103, 3320; 1540; 20; 20
167; 73, 3320; 1460, 1| move, 2.5, 3340; 1460, 186; 103, 3320; 1520; 20; 20| move, 2.5, 3320; 1460, 186; 103, 3320; 1460; 20; 20
111; 4, 2220; 80, 4
111; 2, 2220; 40, 4
111; 0, 2220; 0, 4
111; 3, 2220; 60, 4
111; 1, 2220; 20, 4
105; 2, 2100; 40, 3
105; 1, 2100; 20, 3
105; 0, 2100; 0, 3
111; 6, 2220; 120, 4
111; 5, 2220; 100, 4
108; 9, 2160; 180, 2
107; 9, 2140; 180, 2
106; 9, 2120; 180, 2
105; 9, 2100; 180, 2
104; 9, 2080; 180, 2
103; 11, 2060; 220, 4
103; 10, 2060; 200, 4
104; 12, 2080; 240, 1
105; 12, 2100; 240, 1
106; 12, 2120; 240, 1
107; 12, 2140; 240, 1
108; 12, 2160; 240, 1
109; 12, 2180; 240, 1
110; 12, 2200; 240, 1
104; 3, 2080; 60, 1
103; 3, 2060; 60, 1
102; 3, 2040; 60, 1
101; 3, 2020; 60, 1
100; 3, 2000; 60, 1
97; 6, 1940; 120, 3
97; 7, 1940; 140, 3
97; 10, 1940; 200, 3
97; 8, 1940; 160, 3
97; 9, 1940; 180, 3
97; 11, 1940; 220, 3
97; 12, 1940; 240, 3
97; 13, 1940; 260, 3
97; 14, 1940; 280, 3
97; 15, 1940; 300, 3
100; 18, 2000; 360, 2
103; 18, 2060; 360, 2
106; 18, 2120; 360, 2
108; 18, 2160; 360, 2
110; 18, 2200; 360, 2
109; 18, 2180; 360, 2
107; 18, 2140; 360, 2
105; 18, 2100; 360, 2
104; 18, 2080; 360, 2
102; 18, 2040; 360, 2
101; 18, 2020; 360, 2
107; 7, 2140; 140, 1
106; 7, 2120; 140, 1
105; 7, 2100; 140, 1
104; 7, 2080; 140, 1
103; 8, 2060; 160, 1
108; 7, 2160; 140, 1
109; 6, 2180; 120, 3
109; 5, 2180; 100, 3
109; 4, 2180; 80, 3
109; 3, 2180; 60, 3
109; 2, 2180; 40, 3
109; 1, 2180; 20, 3
109; 0, 2180; 0, 3
109; 8, 2180; 160, 2
110; 7, 2200; 140, 4
107; 0, 2140; 0, 4
107; 1, 2140; 20, 4
107; 2, 2140; 40, 4
106; 3, 2120; 60, 4
105; 4, 2100; 80, 2
104; 5, 2080; 100, 2
103; 5, 2060; 100, 2
102; 5, 2040; 100, 2
101; 5, 2020; 100, 2
100; 5, 2000; 100, 2
99; 6, 1980; 120, 4
99; 8, 1980; 160, 4
99; 9, 1980; 180, 4
99; 10, 1980; 200, 4
99; 7, 1980; 140, 4
99; 15, 1980; 300, 4
99; 14, 1980; 280, 4
99; 13, 1980; 260, 4
99; 12, 1980; 240, 4
99; 11, 1980; 220, 4
100; 16, 2000; 320, 1
101; 16, 2020; 320, 1
102; 16, 2040; 320, 1
103; 16, 2060; 320, 1
104; 16, 2080; 320, 1
105; 16, 2100; 320, 1
106; 16, 2120; 320, 1
107; 16, 2140; 320, 1
108; 16, 2160; 320, 1
109; 16, 2180; 320, 1
110; 16, 2200; 320, 1
110; 14, 2200; 280, 2
109; 14, 2180; 280, 2
107; 14, 2140; 280, 2
106; 14, 2120; 280, 2
105; 14, 2100; 280, 2
104; 14, 2080; 280, 2
108; 14, 2160; 280, 2
103; 13, 2060; 260, 2
102; 12, 2040; 240, 3
101; 11, 2020; 220, 3
101; 10, 2020; 200, 3
102; 9, 2040; 180, 3
99; 4, 1980; 80, 1
98; 5, 1960; 100, 3
99; 17, 1980; 340, 2
98; 16, 1960; 320, 3
111; 15, 2220; 300, 2
112; 16, 2240; 320, 2
113; 17, 2260; 340, 2
113; 19, 2260; 380, 1
112; 18, 2240; 360, 1
111; 17, 2220; 340, 1
111; 19, 2220; 380, 2
112; 20, 2240; 400, 2
113; 21, 2260; 420, 2
113; 15, 2260; 300, 1
112; 14, 2240; 280, 1
111; 13, 2220; 260, 1
114; 20, 2280; 400, 1
115; 21, 2300; 420, 1
116; 20, 2320; 400, 1
117; 19, 2340; 380, 1
118; 18, 2360; 360, 1
119; 19, 2380; 380, 1
120; 20, 2400; 400, 1
121; 19, 2420; 380, 1
122; 18, 2440; 360, 1
123; 19, 2460; 380, 1
124; 20, 2480; 400, 1
125; 21, 2500; 420, 1
126; 22, 2520; 440, 1
127; 23, 2540; 460, 1
128; 24, 2560; 480, 1
129; 23, 2580; 460, 1
130; 22, 2600; 440, 1
131; 23, 2620; 460, 1
132; 24, 2640; 480, 1
134; 26, 2680; 520, 1
133; 25, 2660; 500, 1
134; 28, 2680; 560, 2
133; 27, 2660; 540, 2
132; 26, 2640; 520, 2
131; 25, 2620; 500, 2
129; 25, 2580; 500, 2
128; 26, 2560; 520, 2
130; 24, 2600; 480, 2
127; 25, 2540; 500, 2
126; 24, 2520; 480, 2
125; 23, 2500; 460, 2
124; 22, 2480; 440, 2
123; 21, 2460; 420, 2
122; 20, 2440; 400, 2
121; 21, 2420; 420, 2
120; 22, 2400; 440, 2
119; 21, 2380; 420, 2
118; 20, 2360; 400, 2
117; 21, 2340; 420, 2
116; 22, 2320; 440, 2
115; 23, 2300; 460, 2
114; 22, 2280; 440, 2
114; 18, 2280; 360, 2
115; 19, 2300; 380, 2
116; 18, 2320; 360, 2
117; 17, 2340; 340, 2
118; 16, 2360; 320, 2
119; 17, 2380; 340, 2
120; 18, 2400; 360, 2
121; 17, 2420; 340, 2
122; 16, 2440; 320, 2
123; 17, 2460; 340, 2
124; 18, 2480; 360, 2
125; 19, 2500; 380, 2
126; 20, 2520; 400, 2
127; 21, 2540; 420, 2
128; 22, 2560; 440, 2
129; 21, 2580; 420, 2
130; 20, 2600; 400, 2
131; 21, 2620; 420, 2
132; 22, 2640; 440, 2
133; 23, 2660; 460, 2
134; 24, 2680; 480, 2
134; 22, 2680; 440, 1
133; 21, 2660; 420, 1
132; 20, 2640; 400, 1
131; 19, 2620; 380, 1
130; 18, 2600; 360, 1
129; 19, 2580; 380, 1
128; 20, 2560; 400, 1
127; 19, 2540; 380, 1
126; 18, 2520; 360, 1
125; 17, 2500; 340, 1
124; 16, 2480; 320, 1
123; 15, 2460; 300, 1
122; 14, 2440; 280, 1
121; 15, 2420; 300, 1
120; 16, 2400; 320, 1
119; 15, 2380; 300, 1
118; 14, 2360; 280, 1
117; 15, 2340; 300, 1
116; 16, 2320; 320, 1
115; 17, 2300; 340, 1
114; 16, 2280; 320, 1
135; 26, 2700; 520, 1
135; 25, 2700; 500, 2| move, 1.5, 2700; 480, 108; 2, 2699; 520; 20; 20
136; 25, 2720; 500, 2| move, 1.5, 2720; 480, 108; 2, 2719; 520; 20; 20
137; 25, 2740; 500, 2| move, 1.5, 2740; 480, 108; 2, 2739; 520; 20; 20
138; 25, 2760; 500, 2| move, 1.5, 2760; 480, 108; 2, 2759; 520; 20; 20
139; 25, 2780; 500, 2| move, 1.5, 2780; 480, 108; 2, 2779; 520; 20; 20
140; 25, 2800; 500, 2| move, 1.5, 2800; 480, 108; 2, 2799; 520; 20; 20
142; 25, 2840; 500, 2| move, 1.5, 2840; 480, 108; 2, 2839; 520; 20; 20
141; 25, 2820; 500, 2| move, 1.5, 2820; 480, 108; 2, 2819; 520; 20; 20
147; 25, 2940; 500, 2| move, 1.5, 2940; 480, 108; 2, 2939; 520; 20; 20
149; 25, 2980; 500, 2| move, 1.5, 2980; 480, 108; 2, 2979; 520; 20; 20
151; 25, 3020; 500, 2| move, 1.5, 3020; 480, 108; 2, 3019; 520; 20; 20
150; 25, 3000; 500, 2| move, 1.5, 3000; 480, 108; 2, 2999; 520; 20; 20
148; 25, 2960; 500, 2| move, 1.5, 2960; 480, 108; 2, 2959; 520; 20; 20
146; 25, 2920; 500, 2| move, 1.5, 2920; 480, 108; 2, 2919; 520; 20; 20
145; 25, 2900; 500, 2| move, 1.5, 2900; 480, 108; 2, 2899; 520; 20; 20
144; 25, 2880; 500, 2| move, 1.5, 2880; 480, 108; 2, 2879; 520; 20; 20
143; 25, 2860; 500, 2| move, 1.5, 2860; 480, 108; 2, 2859; 520; 20; 20
136; 26, 2720; 520, 1
139; 26, 2780; 520, 1
137; 26, 2740; 520, 1
138; 26, 2760; 520, 1
140; 26, 2800; 520, 1
141; 26, 2820; 520, 1
142; 26, 2840; 520, 1
143; 26, 2860; 520, 1
144; 26, 2880; 520, 1
145; 26, 2900; 520, 1
146; 26, 2920; 520, 1
147; 26, 2940; 520, 1
148; 26, 2960; 520, 1
149; 26, 2980; 520, 1
150; 26, 3000; 520, 1
151; 26, 3020; 520, 1
152; 26, 3040; 520, 1
135; 28, 2700; 560, 2
138; 28, 2760; 560, 2
136; 28, 2720; 560, 2
137; 28, 2740; 560, 2
139; 28, 2780; 560, 2
140; 28, 2800; 560, 2
141; 28, 2820; 560, 2
142; 28, 2840; 560, 2
143; 28, 2860; 560, 2
144; 28, 2880; 560, 2
145; 28, 2900; 560, 2
146; 28, 2920; 560, 2
147; 28, 2940; 560, 2
148; 28, 2960; 560, 2
149; 28, 2980; 560, 2
150; 28, 3000; 560, 2
151; 28, 3020; 560, 2
152; 28, 3040; 560, 2
135; 23, 2700; 460, 1| move, 1.5, 2700; 440, 108; 2, 2699; 520; 20; 20
136; 23, 2720; 460, 1| move, 1.5, 2720; 440, 108; 2, 2719; 520; 20; 20
137; 23, 2740; 460, 1| move, 1.5, 2740; 440, 108; 2, 2739; 520; 20; 20
138; 23, 2760; 460, 1| move, 1.5, 2760; 440, 108; 2, 2759; 520; 20; 20
139; 23, 2780; 460, 1| move, 1.5, 2780; 440, 108; 2, 2779; 520; 20; 20
140; 23, 2800; 460, 1| move, 1.5, 2800; 440, 108; 2, 2799; 520; 20; 20
141; 23, 2820; 460, 1| move, 1.5, 2820; 440, 108; 2, 2819; 520; 20; 20
142; 23, 2840; 460, 1| move, 1.5, 2840; 440, 108; 2, 2839; 520; 20; 20
143; 23, 2860; 460, 1| move, 1.5, 2860; 440, 108; 2, 2859; 520; 20; 20
144; 23, 2880; 460, 1| move, 1.5, 2880; 440, 108; 2, 2879; 520; 20; 20
145; 23, 2900; 460, 1| move, 1.5, 2900; 440, 108; 2, 2899; 520; 20; 20
146; 23, 2920; 460, 1| move, 1.5, 2920; 440, 108; 2, 2919; 520; 20; 20
147; 23, 2940; 460, 1| move, 1.5, 2940; 440, 108; 2, 2939; 520; 20; 20
148; 23, 2960; 460, 1| move, 1.5, 2960; 440, 108; 2, 2959; 520; 20; 20
149; 23, 2980; 460, 1| move, 1.5, 2980; 440, 108; 2, 2979; 520; 20; 20
150; 23, 3000; 460, 1| move, 1.5, 3000; 440, 108; 2, 2999; 520; 20; 20
151; 23, 3020; 460, 1| move, 1.5, 3020; 440, 108; 2, 3019; 520; 20; 20
152; 25, 3040; 500, 2| move, 1.5, 3040; 480, 108; 2, 3039; 520; 20; 20
152; 23, 3040; 460, 1| move, 1.5, 3040; 440, 108; 2, 3039; 520; 20; 20
0; 61, 0; 1220, 1
0; 58, 0; 1160, 2
1; 61, 20; 1220, 1
2; 61, 40; 1220, 1
3; 61, 60; 1220, 1
4; 61, 80; 1220, 1
6; 61, 120; 1220, 1
8; 61, 160; 1220, 1
9; 61, 180; 1220, 1
10; 61, 200; 1220, 1
7; 61, 140; 1220, 1
1; 58, 20; 1160, 2
8; 58, 160; 1160, 2
9; 58, 180; 1160, 2
10; 58, 200; 1160, 2
7; 58, 140; 1160, 2
6; 58, 120; 1160, 2
5; 58, 100; 1160, 2
4; 58, 80; 1160, 2
3; 58, 60; 1160, 2
2; 58, 40; 1160, 2
13; 61, 260; 1220, 1
15; 61, 300; 1220, 1
16; 61, 320; 1220, 1
14; 61, 280; 1220, 1
12; 61, 240; 1220, 1
11; 61, 220; 1220, 1
11; 58, 220; 1160, 2
13; 58, 260; 1160, 2
15; 58, 300; 1160, 2
14; 58, 280; 1160, 2
16; 58, 320; 1160, 2
0; 63, 0; 1260, 2
1; 63, 20; 1260, 2
2; 63, 40; 1260, 2
3; 63, 60; 1260, 2
4; 63, 80; 1260, 2
12; 63, 240; 1260, 2
14; 63, 280; 1260, 2
16; 63, 320; 1260, 2
15; 63, 300; 1260, 2
13; 63, 260; 1260, 2
11; 63, 220; 1260, 2
10; 63, 200; 1260, 2
9; 63, 180; 1260, 2
8; 63, 160; 1260, 2
6; 63, 120; 1260, 2
5; 63, 100; 1260, 2
0; 66, 0; 1320, 1
1; 66, 20; 1320, 1
2; 66, 40; 1320, 1
3; 66, 60; 1320, 1
4; 66, 80; 1320, 1
5; 66, 100; 1320, 1
6; 66, 120; 1320, 1
7; 66, 140; 1320, 1
8; 66, 160; 1320, 1
9; 66, 180; 1320, 1
11; 66, 220; 1320, 1
13; 66, 260; 1320, 1
14; 66, 280; 1320, 1
15; 66, 300; 1320, 1
16; 66, 320; 1320, 1
10; 66, 200; 1320, 1
0; 56, 0; 1120, 1
7; 56, 140; 1120, 1
4; 56, 80; 1120, 1
1; 56, 20; 1120, 1
2; 56, 40; 1120, 1
3; 56, 60; 1120, 1
5; 56, 100; 1120, 1
6; 56, 120; 1120, 1
8; 56, 160; 1120, 1
9; 56, 180; 1120, 1
10; 56, 200; 1120, 1
11; 56, 220; 1120, 1
12; 56, 240; 1120, 1
13; 56, 260; 1120, 1
14; 56, 280; 1120, 1
15; 56, 300; 1120, 1
16; 56, 320; 1120, 1
7; 68, 140; 1360, 2
0; 68, 0; 1360, 2
1; 68, 20; 1360, 2
2; 68, 40; 1360, 2
3; 68, 60; 1360, 2
4; 68, 80; 1360, 2
5; 68, 100; 1360, 2
6; 68, 120; 1360, 2
8; 68, 160; 1360, 2
9; 68, 180; 1360, 2
10; 68, 200; 1360, 2
11; 68, 220; 1360, 2
12; 68, 240; 1360, 2
16; 68, 320; 1360, 2
15; 68, 300; 1360, 2
14; 68, 280; 1360, 2
13; 68, 260; 1360, 2
5; 61, 100; 1220, 1
12; 59, 240; 1180, 2
7; 64, 140; 1280, 2
12; 65, 240; 1300, 1
17; 60, 340; 1200, 1
18; 61, 360; 1220, 1
19; 61, 380; 1220, 1
20; 61, 400; 1220, 1
17; 56, 340; 1120, 1
18; 56, 360; 1120, 1
19; 56, 380; 1120, 1
20; 56, 400; 1120, 1
17; 58, 340; 1160, 2
19; 58, 380; 1160, 2
20; 58, 400; 1160, 2
18; 58, 360; 1160, 2
17; 66, 340; 1320, 1
18; 66, 360; 1320, 1
19; 66, 380; 1320, 1
20; 66, 400; 1320, 1
19; 63, 380; 1260, 2
20; 63, 400; 1260, 2
18; 63, 360; 1260, 2
17; 68, 340; 1360, 2
19; 68, 380; 1360, 2
18; 68, 360; 1360, 2
20; 68, 400; 1360, 2
17; 64, 340; 1280, 2
21; 66, 420; 1320, 1
23; 66, 460; 1320, 1
24; 66, 480; 1320, 1
25; 66, 500; 1320, 1
26; 66, 520; 1320, 1
27; 66, 540; 1320, 1
28; 66, 560; 1320, 1
29; 66, 580; 1320, 1
30; 66, 600; 1320, 1
34; 66, 680; 1320, 1
33; 66, 660; 1320, 1
31; 66, 620; 1320, 1
41; 66, 820; 1320, 1
40; 66, 800; 1320, 1
37; 66, 740; 1320, 1
36; 66, 720; 1320, 1
35; 66, 700; 1320, 1
38; 66, 760; 1320, 1
39; 66, 780; 1320, 1
47; 66, 940; 1320, 1
49; 66, 980; 1320, 1
51; 66, 1020; 1320, 1
50; 66, 1000; 1320, 1
48; 66, 960; 1320, 1
46; 66, 920; 1320, 1
44; 66, 880; 1320, 1
43; 66, 860; 1320, 1
45; 66, 900; 1320, 1
55; 66, 1100; 1320, 1
57; 66, 1140; 1320, 1
59; 66, 1180; 1320, 1
58; 66, 1160; 1320, 1
56; 66, 1120; 1320, 1
54; 66, 1080; 1320, 1
53; 66, 1060; 1320, 1
59; 68, 1180; 1360, 2
56; 68, 1120; 1360, 2
55; 68, 1100; 1360, 2
53; 68, 1060; 1360, 2
54; 68, 1080; 1360, 2
57; 68, 1140; 1360, 2
58; 68, 1160; 1360, 2
52; 68, 1040; 1360, 2
51; 68, 1020; 1360, 2
50; 68, 1000; 1360, 2
49; 68, 980; 1360, 2
48; 68, 960; 1360, 2
47; 68, 940; 1360, 2
45; 68, 900; 1360, 2
43; 68, 860; 1360, 2
42; 68, 840; 1360, 2
41; 68, 820; 1360, 2
40; 68, 800; 1360, 2
39; 68, 780; 1360, 2
38; 68, 760; 1360, 2
37; 68, 740; 1360, 2
36; 68, 720; 1360, 2
34; 68, 680; 1360, 2
33; 68, 660; 1360, 2
32; 68, 640; 1360, 2
31; 68, 620; 1360, 2
30; 68, 600; 1360, 2
29; 68, 580; 1360, 2
28; 68, 560; 1360, 2
27; 68, 540; 1360, 2
26; 68, 520; 1360, 2
25; 68, 500; 1360, 2
24; 68, 480; 1360, 2
23; 68, 460; 1360, 2
22; 68, 440; 1360, 2
21; 68, 420; 1360, 2
21; 63, 420; 1260, 2
24; 63, 480; 1260, 2
22; 63, 440; 1260, 2
23; 63, 460; 1260, 2
25; 63, 500; 1260, 2
26; 63, 520; 1260, 2
28; 63, 560; 1260, 2
29; 63, 580; 1260, 2
30; 63, 600; 1260, 2
31; 63, 620; 1260, 2
32; 63, 640; 1260, 2
33; 63, 660; 1260, 2
36; 63, 720; 1260, 2
39; 63, 780; 1260, 2
41; 63, 820; 1260, 2
40; 63, 800; 1260, 2
38; 63, 760; 1260, 2
35; 63, 700; 1260, 2
34; 63, 680; 1260, 2
42; 63, 840; 1260, 2
43; 63, 860; 1260, 2
44; 63, 880; 1260, 2
45; 63, 900; 1260, 2
46; 63, 920; 1260, 2
48; 63, 960; 1260, 2
49; 63, 980; 1260, 2
50; 63, 1000; 1260, 2
51; 63, 1020; 1260, 2
52; 63, 1040; 1260, 2
53; 63, 1060; 1260, 2
54; 63, 1080; 1260, 2
55; 63, 1100; 1260, 2
56; 63, 1120; 1260, 2
58; 63, 1160; 1260, 2
59; 63, 1180; 1260, 2
59; 61, 1180; 1220, 1
58; 61, 1160; 1220, 1
56; 61, 1120; 1220, 1
55; 61, 1100; 1220, 1
54; 61, 1080; 1220, 1
53; 61, 1060; 1220, 1
51; 61, 1020; 1220, 1
50; 61, 1000; 1220, 1
49; 61, 980; 1220, 1
48; 61, 960; 1220, 1
46; 61, 920; 1220, 1
45; 61, 900; 1220, 1
44; 61, 880; 1220, 1
43; 61, 860; 1220, 1
41; 61, 820; 1220, 1
40; 61, 800; 1220, 1
39; 61, 780; 1220, 1
38; 61, 760; 1220, 1
36; 61, 720; 1220, 1
35; 61, 700; 1220, 1
34; 61, 680; 1220, 1
33; 61, 660; 1220, 1
31; 61, 620; 1220, 1
30; 61, 600; 1220, 1
29; 61, 580; 1220, 1
28; 61, 560; 1220, 1
26; 61, 520; 1220, 1
25; 61, 500; 1220, 1
24; 61, 480; 1220, 1
23; 61, 460; 1220, 1
21; 61, 420; 1220, 1
24; 58, 480; 1160, 2
23; 58, 460; 1160, 2
25; 58, 500; 1160, 2
26; 58, 520; 1160, 2
28; 58, 560; 1160, 2
29; 58, 580; 1160, 2
30; 58, 600; 1160, 2
31; 58, 620; 1160, 2
33; 58, 660; 1160, 2
34; 58, 680; 1160, 2
35; 58, 700; 1160, 2
36; 58, 720; 1160, 2
38; 58, 760; 1160, 2
39; 58, 780; 1160, 2
40; 58, 800; 1160, 2
41; 58, 820; 1160, 2
43; 58, 860; 1160, 2
44; 58, 880; 1160, 2
45; 58, 900; 1160, 2
46; 58, 920; 1160, 2
48; 58, 960; 1160, 2
49; 58, 980; 1160, 2
50; 58, 1000; 1160, 2
54; 58, 1080; 1160, 2
56; 58, 1120; 1160, 2
59; 58, 1180; 1160, 2
58; 58, 1160; 1160, 2
55; 58, 1100; 1160, 2
53; 58, 1060; 1160, 2
51; 58, 1020; 1160, 2
59; 56, 1180; 1120, 1
58; 56, 1160; 1120, 1
57; 56, 1140; 1120, 1
56; 56, 1120; 1120, 1
55; 56, 1100; 1120, 1
54; 56, 1080; 1120, 1
53; 56, 1060; 1120, 1
52; 56, 1040; 1120, 1
51; 56, 1020; 1120, 1
50; 56, 1000; 1120, 1
49; 56, 980; 1120, 1
48; 56, 960; 1120, 1
47; 56, 940; 1120, 1
46; 56, 920; 1120, 1
45; 56, 900; 1120, 1
44; 56, 880; 1120, 1
43; 56, 860; 1120, 1
42; 56, 840; 1120, 1
41; 56, 820; 1120, 1
40; 56, 800; 1120, 1
39; 56, 780; 1120, 1
38; 56, 760; 1120, 1
37; 56, 740; 1120, 1
36; 56, 720; 1120, 1
35; 56, 700; 1120, 1
34; 56, 680; 1120, 1
29; 56, 580; 1120, 1
33; 56, 660; 1120, 1
32; 56, 640; 1120, 1
31; 56, 620; 1120, 1
30; 56, 600; 1120, 1
28; 56, 560; 1120, 1
27; 56, 540; 1120, 1
26; 56, 520; 1120, 1
25; 56, 500; 1120, 1
24; 56, 480; 1120, 1
23; 56, 460; 1120, 1
22; 56, 440; 1120, 1
21; 56, 420; 1120, 1
22; 65, 440; 1300, 1
27; 64, 540; 1280, 2
32; 65, 640; 1300, 1
37; 64, 740; 1280, 2
42; 65, 840; 1300, 1
35; 68, 700; 1360, 2
47; 64, 940; 1280, 2
52; 65, 1040; 1300, 1
46; 68, 920; 1360, 2
57; 64, 1140; 1280, 2
44; 68, 880; 1360, 2
22; 61, 440; 1220, 1
22; 59, 440; 1180, 2
32; 59, 640; 1180, 2
42; 59, 840; 1180, 2
52; 59, 1040; 1180, 2
57; 60, 1140; 1200, 1
47; 60, 940; 1200, 1
57; 58, 1140; 1160, 2
47; 58, 940; 1160, 2
52; 61, 1040; 1220, 1
42; 61, 840; 1220, 1
37; 60, 740; 1200, 1
37; 58, 740; 1160, 2
27; 58, 540; 1160, 2
32; 61, 640; 1220, 1
27; 60, 540; 1200, 1
21; 58, 420; 1160, 2
60; 63, 1200; 1260, 2
61; 64, 1220; 1280, 2
62; 65, 1240; 1300, 2
60; 58, 1200; 1160, 2
61; 57, 1220; 1140, 2
62; 56, 1240; 1120, 2
63; 55, 1260; 1100, 2| move, 4.0, 1260; 1180, 0; 60, 1240; 1160; 20; 20
63; 66, 1260; 1320, 2
60; 61, 1200; 1220, 1
61; 60, 1220; 1200, 1
62; 59, 1240; 1180, 1
63; 58, 1260; 1160, 1
64; 55, 1280; 1100, 2| move, 4.0, 1280; 1180, 0; 60, 1260; 1160; 20; 20
65; 55, 1300; 1100, 2| move, 4.0, 1300; 1180, 0; 60, 1280; 1160; 20; 20
64; 58, 1280; 1160, 1
65; 58, 1300; 1160, 1
61; 62, 1220; 1240, 4
62; 61, 1240; 1220, 2
63; 60, 1260; 1200, 2
64; 60, 1280; 1200, 2
65; 60, 1300; 1200, 2
62; 63, 1240; 1260, 1
63; 64, 1260; 1280, 1
66; 58, 1320; 1160, 1
67; 58, 1340; 1160, 1
68; 58, 1360; 1160, 1
69; 58, 1380; 1160, 1
70; 58, 1400; 1160, 1
71; 58, 1420; 1160, 1
72; 58, 1440; 1160, 1
73; 58, 1460; 1160, 1
74; 58, 1480; 1160, 1
75; 58, 1500; 1160, 1
76; 58, 1520; 1160, 1
77; 58, 1540; 1160, 1
66; 60, 1320; 1200, 2
69; 60, 1380; 1200, 2
67; 60, 1340; 1200, 2
68; 60, 1360; 1200, 2
70; 60, 1400; 1200, 2
71; 60, 1420; 1200, 2
72; 60, 1440; 1200, 2
73; 60, 1460; 1200, 2
74; 60, 1480; 1200, 2
75; 60, 1500; 1200, 2
76; 60, 1520; 1200, 2
77; 60, 1540; 1200, 2
66; 55, 1320; 1100, 2| move, 4.0, 1320; 1180, 0; 60, 1300; 1160; 20; 20
67; 55, 1340; 1100, 2| move, 4.0, 1340; 1180, 0; 60, 1320; 1160; 20; 20
68; 55, 1360; 1100, 2| move, 4.0, 1360; 1180, 0; 60, 1340; 1160; 20; 20
69; 55, 1380; 1100, 2| move, 4.0, 1380; 1180, 0; 60, 1360; 1160; 20; 20
70; 55, 1400; 1100, 2| move, 4.0, 1400; 1180, 0; 60, 1380; 1160; 20; 20
71; 55, 1420; 1100, 2| move, 4.0, 1420; 1180, 0; 60, 1400; 1160; 20; 20
72; 55, 1440; 1100, 2| move, 4.0, 1440; 1180, 0; 60, 1420; 1160; 20; 20
73; 55, 1460; 1100, 2| move, 4.0, 1460; 1180, 0; 60, 1440; 1160; 20; 20
74; 55, 1480; 1100, 2| move, 4.0, 1480; 1180, 0; 60, 1460; 1160; 20; 20
75; 55, 1500; 1100, 2| move, 4.0, 1500; 1180, 0; 60, 1480; 1160; 20; 20
76; 55, 1520; 1100, 2| move, 4.0, 1520; 1180, 0; 60, 1500; 1160; 20; 20
77; 55, 1540; 1100, 2| move, 4.0, 1540; 1180, 0; 60, 1520; 1160; 20; 20
60; 56, 1200; 1120, 1
61; 55, 1220; 1100, 1
62; 54, 1240; 1080, 1
63; 53, 1260; 1060, 1
65; 53, 1300; 1060, 1
64; 53, 1280; 1060, 1
66; 53, 1320; 1060, 1
67; 53, 1340; 1060, 1
68; 53, 1360; 1060, 1
69; 53, 1380; 1060, 1
70; 53, 1400; 1060, 1
71; 53, 1420; 1060, 1
72; 53, 1440; 1060, 1
73; 53, 1460; 1060, 1
74; 53, 1480; 1060, 1
75; 53, 1500; 1060, 1
76; 53, 1520; 1060, 1
77; 53, 1540; 1060, 1
78; 60, 1560; 1200, 2
79; 60, 1580; 1200, 2
80; 60, 1600; 1200, 2
81; 60, 1620; 1200, 2
82; 60, 1640; 1200, 2
83; 60, 1660; 1200, 2
84; 60, 1680; 1200, 2
85; 60, 1700; 1200, 2
86; 60, 1720; 1200, 2
87; 60, 1740; 1200, 2
88; 60, 1760; 1200, 2
89; 60, 1780; 1200, 2
78; 58, 1560; 1160, 1
81; 58, 1620; 1160, 1
80; 58, 1600; 1160, 1
79; 58, 1580; 1160, 1
82; 58, 1640; 1160, 1
85; 58, 1700; 1160, 1
84; 58, 1680; 1160, 1
83; 58, 1660; 1160, 1
86; 58, 1720; 1160, 1
87; 58, 1740; 1160, 1
88; 58, 1760; 1160, 1
89; 58, 1780; 1160, 1
78; 53, 1560; 1060, 1
79; 53, 1580; 1060, 1
80; 53, 1600; 1060, 1
81; 53, 1620; 1060, 1
82; 53, 1640; 1060, 1
83; 53, 1660; 1060, 1
84; 53, 1680; 1060, 1
85; 53, 1700; 1060, 1
86; 53, 1720; 1060, 1
87; 53, 1740; 1060, 1
88; 53, 1760; 1060, 1
89; 53, 1780; 1060, 1
78; 55, 1560; 1100, 2| move, 4.0, 1560; 1180, 0; 60, 1540; 1160; 20; 20
79; 55, 1580; 1100, 2| move, 4.0, 1580; 1180, 0; 60, 1560; 1160; 20; 20
80; 55, 1600; 1100, 2| move, 4.0, 1600; 1180, 0; 60, 1580; 1160; 20; 20
81; 55, 1620; 1100, 2| move, 4.0, 1620; 1180, 0; 60, 1600; 1160; 20; 20
82; 55, 1640; 1100, 2| move, 4.0, 1640; 1180, 0; 60, 1620; 1160; 20; 20
83; 55, 1660; 1100, 2| move, 4.0, 1660; 1180, 0; 60, 1640; 1160; 20; 20
84; 55, 1680; 1100, 2| move, 4.0, 1680; 1180, 0; 60, 1660; 1160; 20; 20
85; 55, 1700; 1100, 2| move, 4.0, 1700; 1180, 0; 60, 1680; 1160; 20; 20
86; 55, 1720; 1100, 2| move, 4.0, 1720; 1180, 0; 60, 1700; 1160; 20; 20
87; 55, 1740; 1100, 2| move, 4.0, 1740; 1180, 0; 60, 1720; 1160; 20; 20
88; 55, 1760; 1100, 2| move, 4.0, 1760; 1180, 0; 60, 1740; 1160; 20; 20
89; 55, 1780; 1100, 2
91; 56, 1820; 1120, 1
91; 57, 1820; 1140, 2
94; 56, 1880; 1120, 1
94; 57, 1880; 1140, 2
97; 56, 1940; 1120, 1
97; 57, 1940; 1140, 2
100; 56, 2000; 1120, 1
100; 57, 2000; 1140, 2
103; 56, 2060; 1120, 1
103; 57, 2060; 1140, 2
106; 56, 2120; 1120, 1
106; 57, 2120; 1140, 2
90; 59, 1800; 1180, 1
91; 59, 1820; 1180, 1
92; 59, 1840; 1180, 1
93; 59, 1860; 1180, 1
94; 59, 1880; 1180, 1
95; 59, 1900; 1180, 1
96; 59, 1920; 1180, 1
97; 59, 1940; 1180, 1
98; 59, 1960; 1180, 1
90; 61, 1800; 1220, 2
92; 61, 1840; 1220, 2
94; 61, 1880; 1220, 2
91; 61, 1820; 1220, 2
93; 61, 1860; 1220, 2
95; 61, 1900; 1220, 2
96; 61, 1920; 1220, 2
97; 61, 1940; 1220, 2
98; 61, 1960; 1220, 2
99; 59, 1980; 1180, 1
100; 59, 2000; 1180, 1
101; 59, 2020; 1180, 1
102; 59, 2040; 1180, 1
103; 59, 2060; 1180, 1
104; 59, 2080; 1180, 1
105; 59, 2100; 1180, 1
106; 59, 2120; 1180, 1
107; 59, 2140; 1180, 1
99; 61, 1980; 1220, 2
101; 61, 2020; 1220, 2
102; 61, 2040; 1220, 2
103; 61, 2060; 1220, 2
105; 61, 2100; 1220, 2
107; 61, 2140; 1220, 2
106; 61, 2120; 1220, 2
104; 61, 2080; 1220, 2
100; 61, 2000; 1220, 2
90; 54, 1800; 1080, 2
91; 54, 1820; 1080, 2
92; 54, 1840; 1080, 2
93; 54, 1860; 1080, 2
94; 54, 1880; 1080, 2
95; 54, 1900; 1080, 2
96; 54, 1920; 1080, 2
97; 54, 1940; 1080, 2
98; 54, 1960; 1080, 2
99; 54, 1980; 1080, 2
100; 54, 2000; 1080, 2
101; 54, 2020; 1080, 2
102; 54, 2040; 1080, 2
103; 54, 2060; 1080, 2
104; 54, 2080; 1080, 2
105; 54, 2100; 1080, 2
106; 54, 2120; 1080, 2
107; 54, 2140; 1080, 2
107; 52, 2140; 1040, 1
106; 52, 2120; 1040, 1
105; 52, 2100; 1040, 1
104; 52, 2080; 1040, 1
103; 52, 2060; 1040, 1
102; 52, 2040; 1040, 1
101; 52, 2020; 1040, 1
100; 52, 2000; 1040, 1
99; 52, 1980; 1040, 1
98; 52, 1960; 1040, 1
97; 52, 1940; 1040, 1
96; 52, 1920; 1040, 1
95; 52, 1900; 1040, 1
94; 52, 1880; 1040, 1
91; 52, 1820; 1040, 1
90; 52, 1800; 1040, 1
92; 52, 1840; 1040, 1
93; 52, 1860; 1040, 1
109; 56, 2180; 1110, 3
109; 58, 2180; 1150, 3
109; 57, 2180; 1130, 3
110; 59, 2200; 1170, 2
111; 58, 2220; 1150, 4
111; 56, 2220; 1110, 4
111; 57, 2220; 1130, 4
110; 55, 2200; 1090, 1
108; 60, 2160; 1200, 1
109; 61, 2180; 1220, 1
110; 61, 2200; 1220, 1
111; 61, 2220; 1220, 1
112; 60, 2240; 1200, 1
112; 62, 2240; 1240, 2
108; 62, 2160; 1240, 2
111; 63, 2220; 1260, 2
109; 63, 2180; 1260, 2
110; 63, 2200; 1260, 2
108; 53, 2160; 1060, 2
109; 52, 2180; 1040, 2
111; 52, 2220; 1040, 2
110; 52, 2200; 1040, 2
112; 53, 2240; 1060, 2
112; 51, 2240; 1020, 1
111; 50, 2220; 1000, 1
110; 50, 2200; 1000, 1
109; 50, 2180; 1000, 1
108; 51, 2160; 1020, 1
113; 53, 2260; 1060, 2
114; 53, 2280; 1060, 2
115; 53, 2300; 1060, 2
116; 53, 2320; 1060, 2
117; 53, 2340; 1060, 2
118; 53, 2360; 1060, 2
119; 53, 2380; 1060, 2
120; 53, 2400; 1060, 2
113; 60, 2260; 1200, 1
114; 60, 2280; 1200, 1
115; 60, 2300; 1200, 1
116; 60, 2320; 1200, 1
117; 60, 2340; 1200, 1
118; 60, 2360; 1200, 1
119; 60, 2380; 1200, 1
120; 60, 2400; 1200, 1
121; 60, 2420; 1200, 1
122; 60, 2440; 1200, 1
113; 62, 2260; 1240, 2
114; 62, 2280; 1240, 2
115; 62, 2300; 1240, 2
116; 62, 2320; 1240, 2
117; 62, 2340; 1240, 2
118; 62, 2360; 1240, 2
120; 62, 2400; 1240, 2
121; 62, 2420; 1240, 2
122; 62, 2440; 1240, 2
119; 62, 2380; 1240, 2
113; 51, 2260; 1020, 1
114; 51, 2280; 1020, 1
115; 51, 2300; 1020, 1
116; 51, 2320; 1020, 1
117; 51, 2340; 1020, 1
118; 51, 2360; 1020, 1
119; 51, 2380; 1020, 1
120; 51, 2400; 1020, 1
152; 53, 3040; 1060, 2
151; 53, 3020; 1060, 2
150; 53, 3000; 1060, 2
149; 53, 2980; 1060, 2
148; 53, 2960; 1060, 2
147; 53, 2940; 1060, 2
146; 53, 2920; 1060, 2
145; 53, 2900; 1060, 2
144; 53, 2880; 1060, 2
143; 53, 2860; 1060, 2
147; 60, 2940; 1200, 1
148; 60, 2960; 1200, 1
150; 60, 3000; 1200, 1
151; 60, 3020; 1200, 1
152; 60, 3040; 1200, 1
149; 60, 2980; 1200, 1
146; 60, 2920; 1200, 1
145; 60, 2900; 1200, 1
144; 60, 2880; 1200, 1
143; 60, 2860; 1200, 1
142; 60, 2840; 1200, 1
141; 60, 2820; 1200, 1
140; 60, 2800; 1200, 1
139; 60, 2780; 1200, 1
138; 60, 2760; 1200, 1
137; 60, 2740; 1200, 1
134; 60, 2680; 1200, 1
124; 60, 2480; 1200, 1
123; 60, 2460; 1200, 1
123; 62, 2460; 1240, 2
124; 62, 2480; 1240, 2
134; 62, 2680; 1240, 2
137; 62, 2740; 1240, 2
138; 62, 2760; 1240, 2
139; 62, 2780; 1240, 2
140; 62, 2800; 1240, 2
141; 62, 2820; 1240, 2
142; 62, 2840; 1240, 2
143; 62, 2860; 1240, 2
144; 62, 2880; 1240, 2
145; 62, 2900; 1240, 2
146; 62, 2920; 1240, 2
147; 62, 2940; 1240, 2
150; 62, 3000; 1240, 2
151; 62, 3020; 1240, 2
152; 62, 3040; 1240, 2
149; 62, 2980; 1240, 2
148; 62, 2960; 1240, 2
121; 53, 2420; 1060, 2
122; 53, 2440; 1060, 2
123; 53, 2460; 1060, 2
124; 53, 2480; 1060, 2
125; 53, 2500; 1060, 2
126; 53, 2520; 1060, 2
127; 53, 2540; 1060, 2
128; 53, 2560; 1060, 2
129; 53, 2580; 1060, 2
130; 53, 2600; 1060, 2
131; 53, 2620; 1060, 2
132; 53, 2640; 1060, 2
133; 53, 2660; 1060, 2
137; 53, 2740; 1060, 2
141; 53, 2820; 1060, 2
142; 53, 2840; 1060, 2
134; 53, 2680; 1060, 2
135; 53, 2700; 1060, 2
136; 53, 2720; 1060, 2
138; 53, 2760; 1060, 2
139; 53, 2780; 1060, 2
140; 53, 2800; 1060, 2
121; 51, 2420; 1020, 1
122; 51, 2440; 1020, 1
123; 51, 2460; 1020, 1
124; 51, 2480; 1020, 1
125; 51, 2500; 1020, 1
126; 51, 2520; 1020, 1
127; 51, 2540; 1020, 1
128; 51, 2560; 1020, 1
129; 51, 2580; 1020, 1
130; 51, 2600; 1020, 1
131; 51, 2620; 1020, 1
132; 51, 2640; 1020, 1
133; 51, 2660; 1020, 1
134; 51, 2680; 1020, 1
138; 51, 2760; 1020, 1
135; 51, 2700; 1020, 1
136; 51, 2720; 1020, 1
137; 51, 2740; 1020, 1
139; 51, 2780; 1020, 1
140; 51, 2800; 1020, 1
141; 51, 2820; 1020, 1
142; 51, 2840; 1020, 1
143; 51, 2860; 1020, 1
144; 51, 2880; 1020, 1
145; 51, 2900; 1020, 1
146; 51, 2920; 1020, 1
147; 51, 2940; 1020, 1
148; 51, 2960; 1020, 1
149; 51, 2980; 1020, 1
150; 51, 3000; 1020, 1
151; 51, 3020; 1020, 1
152; 51, 3040; 1020, 1
154; 53, 3060; 1060, 2
154; 60, 3060; 1200, 1
60; 66, 1200; 1320, 1
61; 67, 1220; 1340, 1
62; 68, 1240; 1360, 1
63; 69, 1260; 1380, 1
64; 68, 1280; 1360, 1
65; 67, 1300; 1340, 1
66; 68, 1320; 1360, 1
67; 69, 1340; 1380, 1
68; 70, 1360; 1400, 1
69; 71, 1380; 1420, 1
64; 65, 1280; 1300, 2
65; 64, 1300; 1280, 2
66; 65, 1320; 1300, 2
67; 66, 1340; 1320, 2
68; 67, 1360; 1340, 2
69; 68, 1380; 1360, 2
68; 72, 1360; 1440, 2
63; 71, 1260; 1420, 2
67; 71, 1340; 1420, 2
66; 70, 1320; 1400, 2
62; 70, 1240; 1400, 2
65; 69, 1300; 1380, 2
64; 70, 1280; 1400, 2
60; 68, 1200; 1360, 2
61; 69, 1220; 1380, 2
69; 66, 1380; 1320, 1
68; 65, 1360; 1300, 1
67; 64, 1340; 1280, 1
66; 63, 1320; 1260, 1
65; 62, 1300; 1240, 1
64; 63, 1280; 1260, 1
70; 69, 1400; 1380, 2
71; 72, 1420; 1440, 2
72; 75, 1440; 1500, 2
70; 74, 1400; 1480, 1
71; 77, 1420; 1540, 1
70; 67, 1400; 1340, 1
69; 74, 1380; 1480, 2
72; 72, 1440; 1440, 1
71; 69, 1420; 1380, 1
70; 77, 1400; 1540, 2
73; 75, 1460; 1500, 1
73; 78, 1460; 1560, 2
72; 80, 1440; 1600, 1
71; 80, 1420; 1600, 2
72; 83, 1440; 1660, 2
74; 78, 1480; 1560, 1
74; 81, 1480; 1620, 2
75; 81, 1500; 1620, 1
75; 84, 1500; 1680, 2
76; 84, 1520; 1680, 1
76; 87, 1520; 1740, 2
73; 83, 1460; 1660, 1
73; 86, 1460; 1720, 2
74; 86, 1480; 1720, 1
74; 89, 1480; 1780, 2
75; 89, 1500; 1780, 1
75; 92, 1500; 1840, 2
76; 91, 1520; 1820, 1
76; 93, 1520; 1860, 2
77; 89, 1540; 1780, 1
77; 92, 1540; 1840, 2
78; 89, 1560; 1780, 2
78; 86, 1560; 1720, 1
79; 86, 1580; 1720, 2
79; 83, 1580; 1660, 1
77; 84, 1540; 1680, 2
77; 81, 1540; 1620, 1
78; 81, 1560; 1620, 2
78; 78, 1560; 1560, 1
80; 83, 1600; 1660, 2
80; 80, 1600; 1600, 1
81; 80, 1620; 1600, 2
81; 77, 1620; 1540, 1
79; 78, 1580; 1560, 2
79; 75, 1580; 1500, 1
80; 75, 1600; 1500, 2
80; 72, 1600; 1440, 1
81; 73, 1620; 1460, 2
81; 71, 1620; 1420, 1
82; 75, 1640; 1500, 2
82; 72, 1640; 1440, 1
83; 75, 1660; 1500, 1
83; 78, 1660; 1560, 2
84; 78, 1680; 1560, 1
84; 81, 1680; 1620, 2
85; 81, 1700; 1620, 1
85; 84, 1700; 1680, 2
86; 84, 1720; 1680, 1
86; 87, 1720; 1740, 2
82; 80, 1640; 1600, 1
82; 83, 1640; 1660, 2
83; 83, 1660; 1660, 1
83; 86, 1660; 1720, 2
84; 86, 1680; 1720, 1
84; 89, 1680; 1780, 2
85; 89, 1700; 1780, 1
85; 92, 1700; 1840, 2
86; 91, 1720; 1820, 1
86; 93, 1720; 1860, 2
87; 91, 1740; 1820, 1
88; 91, 1760; 1820, 1
89; 90, 1780; 1800, 1
90; 90, 1800; 1800, 1
91; 89, 1820; 1780, 1
92; 89, 1840; 1780, 1
93; 88, 1860; 1760, 1
94; 88, 1880; 1760, 1
95; 87, 1900; 1740, 1
96; 87, 1920; 1740, 1
97; 86, 1940; 1720, 1
98; 86, 1960; 1720, 1
99; 85, 1980; 1700, 1
100; 85, 2000; 1700, 1
102; 84, 2040; 1680, 1
101; 84, 2020; 1680, 1
103; 83, 2060; 1660, 1
104; 83, 2080; 1660, 1
105; 82, 2100; 1640, 1
106; 82, 2120; 1640, 1
107; 81, 2140; 1620, 1
108; 81, 2160; 1620, 1
109; 80, 2180; 1600, 1
110; 80, 2200; 1600, 1
111; 79, 2220; 1580, 1
112; 79, 2240; 1580, 1
87; 88, 1740; 1760, 2
88; 88, 1760; 1760, 2
89; 87, 1780; 1740, 2
90; 87, 1800; 1740, 2
91; 86, 1820; 1720, 2
92; 86, 1840; 1720, 2
93; 85, 1860; 1700, 2
94; 85, 1880; 1700, 2
95; 84, 1900; 1680, 2
96; 84, 1920; 1680, 2
97; 83, 1940; 1660, 2
98; 83, 1960; 1660, 2
99; 82, 1980; 1640, 2
100; 82, 2000; 1640, 2
101; 81, 2020; 1620, 2
102; 81, 2040; 1620, 2
103; 80, 2060; 1600, 2
104; 80, 2080; 1600, 2
105; 79, 2100; 1580, 2
106; 79, 2120; 1580, 2
107; 78, 2140; 1560, 2
108; 78, 2160; 1560, 2
109; 77, 2180; 1540, 2
110; 77, 2200; 1540, 2
111; 76, 2220; 1520, 2
112; 76, 2240; 1520, 2
112; 74, 2240; 1480, 1
111; 74, 2220; 1480, 1
110; 75, 2200; 1500, 1
109; 75, 2180; 1500, 1
108; 76, 2160; 1520, 1
107; 76, 2140; 1520, 1
106; 77, 2120; 1540, 1
105; 77, 2100; 1540, 1
103; 78, 2060; 1560, 1
104; 78, 2080; 1560, 1
102; 79, 2040; 1580, 1
101; 79, 2020; 1580, 1
100; 80, 2000; 1600, 1
99; 80, 1980; 1600, 1
98; 81, 1960; 1620, 1
97; 81, 1940; 1620, 1
96; 82, 1920; 1640, 1
95; 82, 1900; 1640, 1
94; 83, 1880; 1660, 1
93; 83, 1860; 1660, 1
92; 84, 1840; 1680, 1
91; 84, 1820; 1680, 1
90; 85, 1800; 1700, 1
89; 85, 1780; 1700, 1
88; 86, 1760; 1720, 1
87; 86, 1740; 1720, 1
87; 93, 1740; 1860, 2
88; 93, 1760; 1860, 2
89; 92, 1780; 1840, 2
90; 92, 1800; 1840, 2
91; 91, 1820; 1820, 2
92; 91, 1840; 1820, 2
93; 90, 1860; 1800, 2
94; 90, 1880; 1800, 2
95; 89, 1900; 1780, 2
96; 89, 1920; 1780, 2
97; 88, 1940; 1760, 2
98; 88, 1960; 1760, 2
99; 87, 1980; 1740, 2
101; 86, 2020; 1720, 2
102; 86, 2040; 1720, 2
103; 85, 2060; 1700, 2
104; 85, 2080; 1700, 2
100; 87, 2000; 1740, 2
105; 84, 2100; 1680, 2
106; 84, 2120; 1680, 2
107; 83, 2140; 1660, 2
108; 83, 2160; 1660, 2
109; 82, 2180; 1640, 2
110; 82, 2200; 1640, 2
111; 81, 2220; 1620, 2
112; 81, 2240; 1620, 2
113; 77, 2260; 1540, 1
113; 78, 2260; 1560, 2
113; 75, 2260; 1500, 2
114; 76, 2280; 1520, 2
113; 81, 2260; 1620, 2
114; 81, 2280; 1620, 2
113; 79, 2260; 1580, 1
114; 79, 2280; 1580, 1
113; 73, 2260; 1460, 1
114; 74, 2280; 1480, 1
115; 79, 2300; 1580, 1
116; 78, 2320; 1560, 1
118; 76, 2360; 1520, 1
119; 75, 2380; 1500, 1
120; 74, 2400; 1480, 1
121; 73, 2420; 1460, 1
122; 72, 2440; 1440, 1
123; 71, 2460; 1420, 1
124; 70, 2480; 1400, 1
125; 69, 2500; 1380, 1
126; 68, 2520; 1360, 1
127; 67, 2540; 1340, 1
128; 66, 2560; 1320, 1
129; 65, 2580; 1300, 1
130; 64, 2600; 1280, 1
131; 63, 2620; 1260, 1
132; 62, 2640; 1240, 1
133; 61, 2660; 1220, 1
115; 76, 2300; 1520, 2
116; 75, 2320; 1500, 2
115; 74, 2300; 1480, 1
116; 73, 2320; 1460, 1
117; 72, 2340; 1440, 1
118; 71, 2360; 1420, 1
119; 70, 2380; 1400, 1
120; 69, 2400; 1380, 1
121; 68, 2420; 1360, 1
122; 67, 2440; 1340, 1
123; 66, 2460; 1320, 1
124; 65, 2480; 1300, 1
125; 64, 2500; 1280, 1
126; 63, 2520; 1260, 1
127; 62, 2540; 1240, 1
128; 61, 2560; 1220, 1
129; 60, 2580; 1200, 1
132; 64, 2640; 1280, 2
131; 65, 2620; 1300, 2
130; 66, 2600; 1320, 2
129; 67, 2580; 1340, 2
128; 68, 2560; 1360, 2
127; 69, 2540; 1380, 2
126; 70, 2520; 1400, 2
125; 71, 2500; 1420, 2
124; 72, 2480; 1440, 2
123; 73, 2460; 1460, 2
122; 74, 2440; 1480, 2
121; 75, 2420; 1500, 2
120; 76, 2400; 1520, 2
119; 77, 2380; 1540, 2
118; 78, 2360; 1560, 2
117; 79, 2340; 1580, 2
116; 80, 2320; 1600, 2
115; 81, 2300; 1620, 2
117; 77, 2340; 1540, 1
117; 74, 2340; 1480, 2
118; 73, 2360; 1460, 2
119; 72, 2380; 1440, 2
120; 71, 2400; 1420, 2
121; 70, 2420; 1400, 2
122; 69, 2440; 1380, 2
123; 68, 2460; 1360, 2
124; 67, 2480; 1340, 2
125; 66, 2500; 1320, 2
126; 65, 2520; 1300, 2
127; 64, 2540; 1280, 2
128; 63, 2560; 1260, 2
129; 62, 2580; 1240, 2
133; 63, 2660; 1260, 2