#misc
area, 1
checkpoint, 60; 42
checkpoint, 88; 42
checkpoint, 66; 34
checkpoint, 48; 35
checkpoint, 25; 24
checkpoint, 43; 26
checkpoint, 19; 39
checkpoint, 40; 42
checkpoint, 63; 26
checkpoint, 73; 34
exit, 1720; 500, 1860; 444; 2; 100, 4, MainHub, 1
size, 1860, 1280
spawn, 86, 749, 1
name, Tutorial
music, 1
#blocks
0; 38, 0; 760, G
1; 38, 20; 760, G
2; 38, 40; 760, G
3; 38, 60; 760, G
4; 38, 80; 760, G
5; 38, 100; 760, G
6; 38, 120; 760, G
7; 38, 140; 760, G
8; 38, 160; 760, G
9; 38, 180; 760, G
10; 38, 200; 760, G
11; 38, 220; 760, G
0; 33, 0; 660, G
1; 33, 20; 660, G
2; 33, 40; 660, G
3; 33, 60; 660, G
4; 33, 80; 660, G
5; 33, 100; 660, G
6; 33, 120; 660, G
7; 33, 140; 660, G
8; 33, 160; 660, G
9; 33, 180; 660, G
11; 37, 220; 740, G
15; 36, 300; 720, G
15; 35, 300; 700, G
16; 35, 320; 700, G
17; 35, 340; 700, G
18; 35, 360; 700, G
15; 37, 300; 740, G
14; 37, 280; 740, G
13; 37, 260; 740, G
12; 37, 240; 740, G
14; 31, 280; 620, G
14; 30, 280; 600, G
14; 29, 280; 580, G
15; 29, 300; 580, G
16; 29, 320; 580, G
17; 29, 340; 580, G
18; 29, 360; 580, G
19; 35, 380; 700, G
19; 34, 380; 680, G
19; 33, 380; 660, G
19; 32, 380; 640, G
20; 29, 400; 580, G
21; 29, 420; 580, G
22; 29, 440; 580, G
23; 29, 460; 580, G
23; 30, 460; 600, G
23; 31, 460; 620, G
23; 32, 460; 640, G
23; 33, 460; 660, G
23; 34, 460; 680, G
23; 35, 460; 700, G
23; 36, 460; 720, G
23; 37, 460; 740, G
23; 38, 460; 760, G
23; 39, 460; 780, G
9; 32, 180; 640, G
10; 32, 200; 640, G
11; 32, 220; 640, G
12; 32, 240; 640, G
13; 32, 260; 640, G
13; 31, 260; 620, G
19; 42, 380; 840, G
19; 41, 380; 820, G
19; 40, 380; 800, G
19; 43, 380; 860, G
18; 43, 360; 860, G
17; 43, 340; 860, G
16; 43, 320; 860, G
15; 43, 300; 860, G
15; 42, 300; 840, G
11; 39, 220; 780, G
11; 40, 220; 800, G
11; 41, 220; 820, G
11; 42, 220; 840, G
11; 43, 220; 860, G
11; 44, 220; 880, G
11; 45, 220; 900, G
11; 46, 220; 920, G
11; 47, 220; 940, G
11; 48, 220; 960, G
11; 49, 220; 980, G
11; 50, 220; 1000, G
11; 51, 220; 1020, G
11; 52, 220; 1040, G
11; 53, 220; 1060, G
11; 54, 220; 1080, G
28; 54, 560; 1080, G| front
28; 53, 560; 1070, G
28; 55, 560; 1100, G
29; 53, 580; 1070, G
29; 54, 580; 1080, G| front
29; 55, 580; 1100, G
31; 55, 620; 1100, G
32; 55, 640; 1100, G
32; 54, 640; 1080, G
32; 53, 640; 1060, G
32; 52, 640; 1040, G
32; 51, 640; 1020, G
32; 50, 640; 1000, G
31; 54, 620; 1080, G
31; 53, 620; 1060, G
31; 52, 620; 1040, G
31; 51, 620; 1020, G
31; 50, 620; 1000, G
34; 49, 680; 980, G
34; 48, 680; 960, G
34; 47, 680; 940, G
34; 46, 680; 920, G
34; 45, 680; 900, G| front
35; 50, 700; 1000, G
35; 49, 700; 980, G
35; 48, 700; 960, G
35; 47, 700; 940, G
35; 46, 700; 920, G
35; 45, 700; 900, G| front
35; 44, 700; 890, G
34; 51, 680; 1020, G
35; 51, 700; 1020, G
34; 50, 680; 1000, G
33; 53, 660; 1060, G
34; 52, 680; 1040, G
33; 54, 660; 1080, G
34; 53, 680; 1060, G
35; 52, 700; 1040, G
40; 43, 800; 860, G
41; 43, 820; 860, G
42; 43, 840; 860, G
43; 39, 860; 780, G
42; 39, 840; 780, G
41; 39, 820; 780, G
40; 39, 800; 780, G
39; 39, 780; 780, G
38; 39, 760; 780, G
37; 39, 740; 780, G
24; 39, 480; 780, G
25; 39, 500; 780, G
26; 39, 520; 780, G
27; 39, 540; 780, G
28; 39, 560; 780, G
29; 39, 580; 780, G
30; 39, 600; 780, G
31; 39, 620; 780, G
32; 39, 640; 780, G
33; 39, 660; 780, G
34; 39, 680; 780, G
35; 39, 700; 780, G
36; 39, 720; 780, G
44; 40, 880; 800, G
43; 43, 860; 860, G
44; 41, 880; 820, G
45; 41, 900; 820, G
46; 41, 920; 820, G
47; 41, 940; 820, G
48; 41, 960; 820, G
49; 41, 980; 820, G
50; 41, 1000; 820, G
47; 43, 940; 860, G
48; 43, 960; 860, G
51; 43, 1020; 860, G
52; 43, 1040; 860, G
51; 41, 1020; 820, G
52; 41, 1040; 820, G
53; 41, 1060; 820, G
54; 41, 1080; 820, G
55; 41, 1100; 820, G
55; 40, 1100; 800, G
57; 39, 1140; 780, G
58; 39, 1160; 780, G
59; 39, 1180; 780, G
56; 43, 1120; 860, G
57; 43, 1140; 860, G
58; 43, 1160; 860, G
59; 43, 1180; 860, G
43; 40, 860; 800, G
56; 40, 1120; 800, G
44; 44, 880; 880, G
44; 45, 880; 900, G
44; 46, 880; 920, G
45; 46, 900; 920, G
50; 46, 1000; 920, G
51; 46, 1020; 920, G
52; 46, 1040; 920, G
53; 46, 1060; 920, G
54; 46, 1080; 920, G
55; 46, 1100; 920, G
55; 45, 1100; 900, G
55; 44, 1100; 880, G
46; 46, 920; 920, G
47; 46, 940; 920, G
48; 46, 960; 920, G
49; 46, 980; 920, G
43; 45, 860; 900, G
42; 44, 840; 880, G
43; 44, 860; 880, G
56; 45, 1120; 900, G
56; 44, 1120; 880, G
57; 44, 1140; 880, G
55; 43, 1100; 860, G
44; 43, 880; 860, G
60; 38, 1200; 760, G
61; 37, 1220; 740, G
62; 36, 1240; 720, G
63; 35, 1260; 700, G
64; 35, 1280; 700, G
65; 35, 1300; 700, G
66; 35, 1320; 700, G
67; 35, 1340; 700, G
60; 43, 1200; 860, G
61; 43, 1220; 860, G
62; 43, 1240; 860, G
68; 43, 1370; 860, G
69; 43, 1390; 860, G
70; 43, 1410; 860, G
76; 43, 1520; 860, G
77; 43, 1540; 860, G
78; 43, 1560; 860, G
84; 43, 1680; 860, G
85; 43, 1700; 860, G
86; 43, 1720; 860, G
87; 43, 1740; 860, G
88; 43, 1760; 860, G
68; 35, 1360; 700, G
69; 35, 1380; 700, G
70; 35, 1400; 700, G
71; 35, 1420; 700, G
72; 35, 1440; 700, G
73; 35, 1460; 700, G
74; 35, 1480; 700, G
75; 35, 1500; 700, G
76; 35, 1520; 700, G
77; 35, 1540; 700, G
78; 35, 1560; 700, G
79; 35, 1580; 700, G
80; 35, 1600; 700, G
81; 35, 1620; 700, G
82; 35, 1640; 700, G
83; 35, 1660; 700, G
87; 39, 1740; 780, G
86; 38, 1720; 760, G
85; 37, 1700; 740, G
84; 36, 1680; 720, G
62; 44, 1240; 880, G
62; 45, 1240; 900, G
62; 46, 1240; 920, G
63; 46, 1260; 920, G
64; 46, 1280; 920, G
65; 46, 1300; 920, G
66; 46, 1320; 920, G
67; 46, 1340; 920, G
68; 46, 1360; 920, G
69; 46, 1380; 920, G
70; 46, 1400; 920, G
72; 46, 1440; 920, G
73; 46, 1460; 920, G
74; 46, 1480; 920, G
75; 46, 1500; 920, G
76; 46, 1520; 920, G
77; 46, 1540; 920, G
78; 46, 1560; 920, G
79; 46, 1580; 920, G
80; 46, 1600; 920, G
81; 46, 1620; 920, G
82; 46, 1640; 920, G
83; 46, 1660; 920, G
84; 46, 1680; 920, G
84; 45, 1680; 900, G
84; 44, 1680; 880, G
88; 39, 1760; 780, G
89; 43, 1780; 860, G
90; 43, 1800; 860, G
91; 43, 1820; 860, G
92; 43, 1840; 860, G
92; 42, 1840; 840, G
92; 41, 1840; 820, G
92; 40, 1840; 800, G
92; 37, 1840; 740, G
92; 36, 1840; 720, G
92; 39, 1840; 780, G
92; 38, 1840; 760, G
71; 46, 1420; 920, G
88; 38, 1760; 760, G
87; 38, 1740; 760, G
86; 37, 1720; 740, G
85; 36, 1700; 720, G
84; 35, 1680; 700, G
87; 37, 1740; 740, G
86; 36, 1720; 720, G
85; 35, 1700; 700, G
91; 35, 1820; 700, G
90; 34, 1800; 680, G
89; 33, 1780; 660, G
88; 32, 1760; 640, G
87; 31, 1740; 620, G
86; 30, 1720; 600, G
80; 34, 1600; 680, G
85; 29, 1700; 580, G
84; 28, 1680; 560, G
83; 27, 1660; 540, G
82; 27, 1640; 540, G
81; 27, 1620; 540, G
80; 27, 1600; 540, G
79; 27, 1580; 540, G
78; 27, 1560; 540, G
77; 27, 1540; 540, G
76; 27, 1520; 540, G
71; 33, 1420; 660, G
71; 34, 1420; 680, G
68; 32, 1360; 640, G
68; 33, 1360; 660, G
68; 34, 1360; 680, G
75; 27, 1500; 540, G
74; 27, 1480; 540, G
73; 27, 1460; 540, G
72; 27, 1440; 540, G
71; 27, 1420; 540, G
70; 27, 1400; 540, G
69; 27, 1380; 540, G
68; 27, 1360; 540, G
67; 27, 1340; 540, G
66; 27, 1320; 540, G
65; 27, 1300; 540, G
63; 31, 1260; 620, G
63; 32, 1260; 640, G
63; 33, 1260; 660, G
63; 34, 1260; 680, G
64; 31, 1280; 620, G
64; 27, 1280; 540, G
63; 27, 1260; 540, G
61; 27, 1220; 540, G
61; 36, 1220; 720, G
62; 27, 1240; 540, G
60; 36, 1200; 720, G
59; 36, 1180; 720, G
58; 36, 1160; 720, G
57; 36, 1140; 720, G
56; 36, 1120; 720, G
56; 39, 1120; 780, G
55; 36, 1100; 720, G
54; 36, 1080; 720, G
53; 36, 1060; 720, G
52; 36, 1040; 720, G
51; 36, 1020; 720, G
50; 36, 1000; 720, G
49; 36, 980; 720, G
48; 36, 960; 720, G
47; 36, 940; 720, G
60; 28, 1200; 560, G
59; 29, 1180; 580, G
58; 30, 1160; 600, G
57; 31, 1140; 620, G
56; 31, 1120; 620, G
54; 31, 1080; 620, G
55; 31, 1100; 620, G
53; 31, 1060; 620, G
52; 31, 1040; 620, G
50; 31, 1000; 620, G
49; 31, 980; 620, G
51; 31, 1020; 620, G
46; 33, 920; 660, G
46; 35, 920; 700, G
46; 36, 920; 720, G
46; 34, 920; 680, G
48; 30, 960; 600, G
47; 29, 940; 580, G
46; 28, 920; 560, G
45; 33, 900; 660, G
44; 33, 880; 660, G
43; 33, 860; 660, G
42; 33, 840; 660, G
41; 33, 820; 660, G
39; 30, 780; 600, G
39; 31, 780; 620, G
39; 32, 780; 640, G
39; 33, 780; 660, G
45; 27, 900; 540, G
44; 27, 880; 540, G
43; 27, 860; 540, G
42; 27, 840; 540, G
41; 27, 820; 540, G
40; 27, 800; 540, G
39; 27, 780; 540, G
39; 28, 780; 560, G
39; 29, 780; 580, G
37; 36, 740; 720, G
36; 36, 720; 720, G
36; 35, 720; 700, G
36; 34, 720; 680, G
36; 33, 720; 660, G
36; 32, 720; 640, G
41; 34, 820; 680, G
41; 35, 820; 700, G
41; 36, 820; 720, G
41; 37, 820; 740, G
41; 38, 820; 760, G
34; 30, 680; 600, G
34; 31, 680; 620, G
34; 32, 680; 640, G
34; 33, 680; 660, G
34; 29, 680; 580, G
35; 29, 700; 580, G
36; 29, 720; 580, G
37; 29, 740; 580, G
38; 29, 760; 580, G
32; 36, 640; 720, G
31; 36, 620; 720, G
31; 35, 620; 700, G
31; 34, 620; 680, G
31; 33, 620; 660, G
31; 32, 620; 640, G
31; 31, 620; 620, G
30; 31, 600; 620, G
29; 31, 580; 620, G
28; 31, 560; 620, G
27; 31, 540; 620, G
26; 31, 520; 620, G
25; 31, 500; 620, G
24; 31, 480; 620, G
34; 28, 680; 560, G
34; 27, 680; 540, G
33; 27, 660; 540, G
32; 27, 640; 540, G
31; 27, 620; 540, G
30; 27, 600; 540, G
29; 27, 580; 540, G
28; 27, 560; 540, G
27; 27, 540; 540, G
27; 26, 540; 520, G
27; 25, 540; 500, G
26; 25, 520; 500, G
25; 25, 500; 500, G
24; 25, 480; 500, G
23; 25, 460; 500, G
19; 29, 380; 580, G
19; 28, 380; 560, G
19; 27, 380; 540, G
19; 26, 380; 520, G
19; 25, 380; 500, G
19; 24, 380; 480, G
19; 23, 380; 460, G
19; 22, 380; 440, G
19; 21, 380; 420, G
23; 21, 460; 420, G
24; 21, 480; 420, G
25; 21, 500; 420, G
26; 21, 520; 420, G
22; 21, 440; 420, G
21; 21, 420; 420, G
20; 21, 400; 420, G
27; 22, 540; 440, G
28; 22, 560; 440, G
29; 22, 580; 440, G
30; 22, 600; 440, G
31; 22, 620; 440, G
32; 22, 640; 440, G
33; 22, 660; 440, G
34; 22, 680; 440, G
35; 22, 700; 440, G
36; 22, 720; 440, G
37; 22, 740; 440, G
38; 22, 760; 440, G
39; 22, 780; 440, G
40; 22, 800; 440, G
46; 27, 920; 540, G| move, 1.0, 1060; 540, 46; 27, 901; 540; 20; 20| move, 1.0, 920; 540, 46; 27, 1079; 540; 20; 20
60; 27, 1200; 540, G| move, 1.0, 1060; 540, 60; 27, 1219; 540; 20; 20| move, 1.0, 1200; 540, 60; 27, 1041; 540; 20; 20
41; 22, 820; 440, G
42; 22, 840; 440, G
43; 22, 860; 440, G
44; 22, 880; 440, G
45; 22, 900; 440, G
46; 22, 920; 440, G
47; 22, 940; 440, G
48; 22, 960; 440, G
49; 22, 980; 440, G
50; 22, 1000; 440, G
51; 22, 1020; 440, G
52; 22, 1040; 440, G
53; 22, 1060; 440, G
54; 22, 1080; 440, G
55; 22, 1100; 440, G
56; 22, 1120; 440, G
57; 22, 1140; 440, G
58; 22, 1160; 440, G
59; 22, 1180; 440, G
60; 22, 1200; 440, G
61; 22, 1220; 440, G
62; 22, 1240; 440, G
63; 22, 1260; 440, G
67; 22, 1340; 440, G
65; 22, 1300; 440, G
64; 22, 1280; 440, G
66; 22, 1320; 440, G
68; 22, 1360; 440, G
69; 22, 1380; 440, G
70; 22, 1400; 440, G
71; 22, 1420; 440, G
72; 22, 1440; 440, G
73; 22, 1460; 440, R
74; 22, 1480; 440, G
75; 22, 1500; 440, G
76; 22, 1520; 440, G
77; 22, 1540; 440, G
78; 22, 1560; 440, G
79; 22, 1580; 440, G
80; 22, 1600; 440, G
81; 22, 1620; 440, G
82; 22, 1640; 440, G
84; 27, 1680; 540, G
86; 27, 1720; 540, G
87; 27, 1740; 540, G
88; 27, 1760; 540, G
89; 27, 1780; 540, G
90; 27, 1800; 540, G
91; 27, 1820; 540, G
92; 27, 1840; 540, G
85; 27, 1700; 540, G
83; 22, 1660; 440, G
87; 22, 1740; 440, G
89; 22, 1780; 440, G
92; 22, 1840; 440, G
91; 22, 1820; 440, G
90; 22, 1800; 440, G
88; 22, 1760; 440, G
86; 22, 1720; 440, G
85; 22, 1700; 440, G
84; 22, 1680; 440, R
29; 56, 580; 1120, G
28; 56, 560; 1120, G
28; 57, 560; 1140, G
29; 57, 580; 1140, G
29; 58, 580; 1160, G
28; 58, 560; 1160, G
27; 58, 540; 1160, G
26; 58, 520; 1160, G
25; 58, 500; 1160, G
24; 58, 480; 1160, G
11; 55, 220; 1100, G
11; 56, 220; 1120, G
11; 57, 220; 1140, G
19; 58, 380; 1160, G
21; 58, 420; 1160, G
23; 58, 460; 1160, G
22; 58, 440; 1160, G
20; 58, 400; 1160, G
18; 58, 360; 1160, G
17; 58, 340; 1160, G
16; 58, 320; 1160, G
15; 58, 300; 1160, G
14; 58, 280; 1160, G
13; 58, 260; 1160, G
12; 58, 240; 1160, G
11; 58, 220; 1160, G
30; 57, 600; 1140, G
31; 56, 620; 1120, G
30; 58, 600; 1160, G
31; 57, 620; 1140, G
32; 56, 640; 1120, G
33; 55, 660; 1100, G
34; 54, 680; 1080, G
35; 53, 700; 1060, G
18; 57, 360; 1140, G
18; 56, 360; 1120, G
18; 54, 360; 1080, G| front
18; 53, 360; 1070, G
18; 55, 360; 1100, G
19; 57, 380; 1140, G
19; 56, 380; 1120, G
19; 55, 380; 1100, G
19; 54, 380; 1080, G| front
19; 53, 380; 1070, G
21; 40, 420; 800, G
22; 40, 440; 800, G
23; 40, 460; 800, G
20; 40, 400; 800, G
32; 49, 640; 980, G
31; 49, 620; 980, G
34; 44, 680; 890, G
36; 44, 720; 880, G
37; 44, 740; 880, G
38; 43, 760; 860, G
39; 43, 780; 860, G
76; 34, 1520; 680, G
76; 33, 1520; 660, G
67; 43, 1350; 860, G
#spikes
18; 42, 360; 840, 1
17; 42, 340; 840, 1
16; 42, 320; 840, 1
45; 45, 900; 900, 1
46; 45, 920; 900, 1
47; 45, 940; 900, 1
48; 45, 960; 900, 1
49; 45, 980; 900, 1
50; 45, 1000; 900, 1
51; 45, 1020; 900, 1
52; 45, 1040; 900, 1
53; 45, 1060; 900, 1
54; 45, 1080; 900, 1
63; 45, 1260; 900, 1
64; 45, 1280; 900, 1
65; 45, 1300; 900, 1
66; 45, 1320; 900, 1
67; 45, 1340; 900, 1
68; 45, 1360; 900, 1
69; 45, 1380; 900, 1
70; 45, 1400; 900, 1
71; 45, 1420; 900, 1
72; 45, 1440; 900, 1
73; 45, 1460; 900, 1
74; 45, 1480; 900, 1
75; 45, 1500; 900, 1
76; 45, 1520; 900, 1
77; 45, 1540; 900, 1
78; 45, 1560; 900, 1
79; 45, 1580; 900, 1
80; 45, 1600; 900, 1
81; 45, 1620; 900, 1
82; 45, 1640; 900, 1
83; 45, 1660; 900, 1
71; 32, 1420; 640, 1
68; 31, 1360; 620, 1
64; 32, 1280; 640, 2
62; 35, 1240; 700, 1
80; 33, 1600; 660, 1
61; 35, 1220; 700, 1
60; 35, 1200; 700, 1
59; 35, 1180; 700, 1
50; 35, 1000; 700, 1
51; 35, 1020; 700, 1
52; 35, 1040; 700, 1
53; 35, 1060; 700, 1
46; 32, 920; 640, 1
64; 28, 1280; 560, 2
63; 28, 1260; 560, 2
62; 28, 1240; 560, 2
61; 28, 1220; 560, 2
60; 29, 1200; 580, 2
59; 30, 1180; 600, 2
58; 31, 1160; 620, 2
40; 38, 800; 760, 1
39; 38, 780; 760, 1
38; 38, 760; 760, 1
37; 38, 740; 760, 1
36; 38, 720; 760, 1
35; 38, 700; 760, 1
34; 38, 680; 760, 1
33; 38, 660; 760, 1
32; 38, 640; 760, 1
31; 38, 620; 760, 1
30; 38, 600; 760, 1
29; 38, 580; 760, 1
28; 38, 560; 760, 1
27; 38, 540; 760, 1
26; 38, 520; 760, 1
24; 38, 480; 760, 1
25; 38, 500; 760, 1
24; 30, 480; 600, 1
26; 26, 520; 520, 2
28; 26, 560; 520, 1
28; 23, 560; 460, 2
29; 26, 580; 520, 1
30; 26, 600; 520, 1
35; 28, 700; 560, 1
36; 28, 720; 560, 1
37; 28, 740; 560, 1
38; 28, 760; 560, 1
47; 28, 940; 560, 1
48; 29, 960; 580, 1
49; 30, 980; 600, 1
50; 30, 1000; 600, 1
51; 30, 1020; 600, 1
52; 30, 1040; 600, 1
53; 30, 1060; 600, 1
54; 30, 1080; 600, 1
55; 30, 1100; 600, 1
56; 30, 1120; 600, 1
57; 30, 1140; 600, 1
59; 28, 1180; 560, 1
58; 29, 1160; 580, 1
60; 26, 1200; 540, 1
46; 26, 920; 540, 1
66; 23, 1320; 460, 2
67; 23, 1340; 460, 2
68; 23, 1360; 460, 2
69; 23, 1380; 460, 2
70; 23, 1400; 460, 2
71; 23, 1420; 460, 2
72; 23, 1440; 460, 2
73; 23, 1460; 460, 2| move, 5.0, 1460; 540, player, 1458; 471; 20; 74
74; 23, 1480; 460, 2
75; 23, 1500; 460, 2
76; 23, 1520; 460, 2
77; 23, 1540; 460, 2
78; 23, 1560; 460, 2
79; 23, 1580; 460, 2
80; 23, 1600; 460, 2
81; 23, 1620; 460, 2
82; 23, 1640; 460, 2
83; 23, 1660; 460, 2
84; 23, 1680; 460, 2| move, 5.5, 1680; 540, player, 1680; 468; 20; 80
85; 23, 1700; 460, 2
86; 23, 1720; 460, 2
87; 23, 1740; 460, 2
88; 23, 1760; 460, 2
89; 23, 1780; 460, 2
90; 23, 1800; 460, 2
91; 23, 1820; 460, 2
92; 23, 1840; 460, 2
76; 32, 1520; 640, 1
#words
60; 600; 260; 160+ 105; 105; 105+ Use WASD to move, and the spacebar to jump. Hold it longer to jump higher. You can change your controls from the pause menu.
300; 720; 160; 100+ 105; 105; 105+ This is a checkpoint. You will return here when you die.
240; 960; 380; 200+ 105; 105; 105+ Press the jump button again when in the air to double jump. (Hold down longer to jump higher)
800; 800; 340; 140+ 105; 105; 105+ Press the jump button after falling off of a block to perform a fall jump.
1200; 780; 120; 80+ 105; 105; 105+ Use a double jump.
1260; 580; 40; 40+ 105; 105; 105+ Use a fall jump.
1300; 420; 240; 120+ 105; 105; 105+ Quickly move between left and right to change direction and evade falling spikes.