#misc
area, 2
checkpoint, 75; 19
checkpoint, 77; 27
checkpoint, 63; 27
checkpoint, 55; 18
checkpoint, 86; 38
checkpoint, 25; 18
checkpoint, 27; 28
checkpoint, 17; 29
exit, 270; 545, 0; 578; 2; 40, 3, TransitionToHub, 2, 3
size, 1840, 900
spawn, 1786, 549, 0
name, DUNGEON 2
exitP, Exit Dungeon, Area2Select, 12
index, 24
music, 2
mittens, 10, 1720, 760
mittens, 11, 1700, 240
mittens, 12, 1220, 360
mittens, 13, 1500, 340
mittens, 14, 760, 290
mittens, 15, 600, 360
mittens, 16, 480, 540
mittens, 17, 380, 580
mittens, 18, 40, 580
lockM, 11, 1600, 530, B
lockM, 13, 1160, 350, B
lockM, 15, 560, 350, B
lockM, 18, 0, 580, B
#blocks
89; 28, 1780; 560, B
90; 28, 1800; 560, B
88; 28, 1760; 560, B
91; 28, 1820; 560, B
91; 24, 1820; 480, B
90; 24, 1800; 480, B
89; 24, 1780; 480, B
88; 24, 1760; 480, B
87; 28, 1740; 560, B
83; 28, 1660; 560, B
82; 28, 1640; 560, B
85; 23, 1700; 460, B
88; 23, 1760; 460, B
88; 22, 1760; 440, B
82; 24, 1640; 480, B
82; 23, 1640; 460, B
82; 22, 1640; 440, B
82; 21, 1640; 420, B
82; 20, 1640; 400, B
82; 19, 1640; 380, B
88; 21, 1760; 420, B
88; 17, 1760; 340, B
88; 20, 1760; 400, B
88; 19, 1760; 380, B
88; 18, 1760; 360, B
82; 18, 1640; 360, B
82; 17, 1640; 340, B
85; 18, 1700; 360, B
85; 13, 1700; 260, B
82; 16, 1640; 320, B
82; 15, 1640; 300, B
82; 14, 1640; 280, B
82; 13, 1640; 260, B
82; 12, 1640; 240, B
82; 11, 1640; 220, B
82; 10, 1640; 200, B
83; 10, 1660; 200, B
84; 10, 1680; 200, B
85; 10, 1700; 200, B
86; 10, 1720; 200, B
87; 10, 1740; 200, B
88; 10, 1760; 200, B
88; 11, 1760; 220, B
88; 12, 1760; 240, B
88; 13, 1760; 260, B
88; 14, 1760; 280, B
88; 15, 1760; 300, B
88; 16, 1760; 320, B
81; 28, 1620; 555, B
79; 28, 1580; 555, B
78; 28, 1560; 560, B
85; 35, 1700; 700, B
83; 35, 1660; 700, B
83; 34, 1660; 680, B
83; 33, 1660; 660, B
83; 32, 1660; 640, B
83; 31, 1660; 620, B
83; 30, 1660; 600, B
83; 29, 1660; 580, B
87; 29, 1740; 580, B
87; 30, 1740; 600, B
87; 31, 1740; 620, B
87; 32, 1740; 640, B
87; 33, 1740; 660, B
87; 34, 1740; 680, B
87; 35, 1740; 700, B
87; 36, 1740; 720, B
83; 36, 1660; 720, B
83; 37, 1660; 740, B
83; 38, 1660; 760, B
83; 39, 1660; 780, B
87; 39, 1740; 780, B
87; 38, 1740; 760, B
87; 37, 1740; 740, B
77; 28, 1540; 560, B
86; 39, 1720; 780, B| move, 1.5, 1720; 560, player, 1723; 763; 14; 14| front
85; 39, 1700; 780, B| move, 1.5, 1700; 560, player, 1723; 763; 14; 14| front
84; 39, 1680; 780, B| move, 1.5, 1680; 560, player, 1723; 763; 14; 14| front
85; 32, 1700; 640, B
76; 28, 1520; 560, B
75; 28, 1500; 560, B
74; 28, 1480; 560, B
73; 28, 1460; 560, B
72; 28, 1440; 560, B
76; 25, 1520; 500, B
75; 25, 1500; 500, B
74; 25, 1480; 500, B
73; 25, 1460; 500, B
72; 25, 1440; 500, B
70; 25, 1400; 500, B
69; 25, 1380; 500, B
68; 25, 1360; 500, B
69; 28, 1380; 560, B
68; 28, 1360; 560, B
67; 28, 1340; 560, B
70; 28, 1400; 560, B
71; 28, 1420; 560, R
71; 25, 1420; 500, R
66; 28, 1320; 560, B
67; 25, 1340; 500, B
66; 25, 1320; 500, B
63; 25, 1260; 500, B
62; 25, 1240; 500, B
72; 24, 1440; 480, B| teleport, 1440; 540, player, 1427; 517; 8; 44
72; 23, 1440; 460, B| teleport, 1440; 520, player, 1427; 517; 8; 44
65; 28, 1300; 560, B
77; 25, 1540; 500, B
78; 25, 1560; 500, B
79; 25, 1580; 505, B
80; 25, 1600; 510, B
65; 25, 1300; 500, B
65; 24, 1300; 480, B
65; 23, 1300; 460, B
62; 22, 1240; 440, B
65; 22, 1300; 440, B
64; 28, 1280; 560, B
63; 28, 1260; 560, B
62; 28, 1240; 560, B
63; 19, 1260; 380, B
62; 21, 1240; 420, B
62; 20, 1240; 400, B
62; 19, 1240; 380, B
65; 21, 1300; 420, B
65; 20, 1300; 400, B
65; 19, 1300; 380, B
65; 18, 1300; 360, B
65; 16, 1300; 320, B
64; 16, 1280; 320, B
63; 16, 1260; 320, B
62; 16, 1240; 320, B
61; 19, 1220; 380, B
60; 19, 1200; 380, B
59; 19, 1180; 375, B
61; 16, 1220; 320, B
60; 16, 1200; 320, B
59; 16, 1180; 325, B
68; 18, 1360; 360, B
69; 18, 1380; 360, B
66; 16, 1320; 320, B
67; 16, 1340; 320, B
68; 16, 1360; 320, B
69; 16, 1380; 320, B
67; 18, 1340; 360, B
70; 16, 1400; 320, B
71; 16, 1420; 320, B
72; 16, 1440; 320, B
73; 16, 1460; 320, B
74; 16, 1480; 320, B
70; 18, 1400; 360, B
71; 18, 1420; 360, B
72; 18, 1440; 360, B
73; 18, 1460; 360, B
74; 20, 1480; 400, B
73; 20, 1460; 400, B
72; 20, 1440; 400, B
71; 20, 1420; 400, B
70; 20, 1400; 400, B
69; 20, 1380; 400, B
68; 20, 1360; 400, B
67; 20, 1340; 400, B
66; 20, 1320; 400, B
75; 20, 1500; 400, B
74; 18, 1480; 360, B
76; 20, 1520; 400, B
76; 19, 1520; 380, B
76; 17, 1520; 340, B
76; 16, 1520; 320, B
75; 16, 1500; 320, B
76; 18, 1520; 360, B
58; 19, 1160; 370, B
58; 16, 1160; 330, B
80; 28, 1600; 550, B
81; 25, 1620; 505, B
57; 19, 1140; 375, B
56; 19, 1120; 380, B
57; 16, 1140; 325, B
56; 16, 1120; 320, B
82; 25, 1640; 500, B
61; 27, 1240; 540, B
61; 26, 1240; 520, B
55; 19, 1100; 380, B
55; 16, 1100; 320, B
54; 19, 1080; 380, B
54; 16, 1080; 320, B
53; 15, 1060; 300, B
52; 14, 1040; 280, B
51; 13, 1020; 260, B
56; 20, 1120; 400, B
55; 21, 1100; 420, B
54; 22, 1080; 440, B
53; 22, 1060; 440, B
52; 22, 1040; 440, B
51; 22, 1020; 440, B
50; 22, 1000; 440, B
49; 22, 980; 440, B
48; 22, 960; 440, B
47; 22, 940; 440, B
46; 22, 920; 440, B
45; 22, 900; 440, B
35; 22, 700; 440, B
36; 22, 720; 440, B
37; 22, 740; 440, B
38; 22, 760; 440, B
39; 22, 780; 440, B
40; 22, 800; 440, B
41; 22, 820; 440, B
42; 22, 840; 440, B
43; 22, 860; 440, B
44; 22, 880; 440, B
50; 13, 1000; 260, B
49; 13, 980; 260, B
48; 13, 960; 260, B
47; 13, 940; 260, B
46; 13, 920; 260, B
45; 13, 900; 260, B
44; 13, 880; 260, B
43; 13, 860; 260, B
42; 13, 840; 260, B
41; 13, 820; 260, B
40; 13, 800; 260, B
39; 13, 780; 260, B
37; 13, 740; 260, B
36; 13, 720; 260, B
35; 13, 700; 260, B
62; 24, 1240; 480, B
62; 23, 1240; 460, B
64; 22, 1280; 440, B| move, 0.7, 1240; 480, player, 1263; 498; 14; 2
38; 13, 760; 260, B
34; 22, 680; 440, B
33; 21, 660; 420, B
32; 20, 640; 400, B
31; 19, 620; 380, B
29; 19, 580; 375, B
30; 19, 600; 380, B
34; 13, 680; 260, B
28; 19, 560; 370, B
33; 14, 660; 280, B
32; 15, 640; 300, B
31; 16, 620; 320, B
30; 16, 600; 320, B
29; 16, 580; 325, B
28; 16, 560; 330, B
27; 19, 540; 375, B
27; 16, 540; 325, B
26; 16, 520; 320, B
26; 19, 520; 380, B
25; 19, 500; 380, B
25; 16, 500; 320, B
24; 16, 480; 320, B
51; 19, 1020; 380, B| alternate, 1020; 380, 940; 380, 860; 380, 760; 380, 760; 310, 760; 380, 700; 380, 1.0, player, 1023; 378; 14; 2| teleport, 700; 380, 51; 19, 700; 380; 20; 20
24; 19, 480; 380, B
23; 19, 460; 380, B
22; 19, 440; 380, B
21; 19, 420; 380, B
21; 18, 420; 360, B
21; 17, 420; 340, B
23; 15, 460; 300, B
22; 14, 440; 280, B
21; 13, 420; 260, B
20; 14, 400; 280, B
22; 22, 440; 440, B
21; 22, 420; 440, B
20; 22, 400; 440, B
19; 22, 380; 440, B
19; 21, 380; 420, B
19; 20, 380; 400, B
19; 19, 380; 380, B
19; 18, 380; 360, B
19; 17, 380; 340, B
19; 16, 380; 320, B
19; 15, 380; 300, B
23; 22, 460; 440, B
26; 20, 520; 400, B
26; 22, 520; 440, B
26; 23, 520; 460, B
26; 21, 520; 420, B
23; 23, 460; 460, B
23; 24, 460; 480, B
26; 24, 520; 480, B
23; 25, 460; 500, B
23; 26, 460; 520, B
26; 25, 520; 500, B
26; 26, 520; 520, B
23; 27, 460; 540, B
25; 29, 500; 580, B
26; 29, 520; 580, B
27; 29, 540; 580, B
27; 26, 540; 520, B
28; 26, 560; 520, B
29; 26, 580; 520, B
28; 29, 560; 580, B
31; 28, 620; 560, B
31; 29, 620; 580, B
31; 30, 620; 600, B
31; 31, 620; 620, B
30; 27, 600; 540, B
24; 28, 480; 560, B
30; 32, 600; 640, B
26; 33, 520; 660, B
25; 33, 500; 660, B
27; 33, 540; 660, B
28; 33, 560; 660, B
29; 33, 580; 660, B
28; 31, 570; 643, B| alternate, 570; 643, 550; 643, 530; 643, 510; 643, 490; 643, 470; 643, 450; 643, 0.8, player, 570; 641; 20; 2| teleport, 450; 643, 28; 31, 440; 640; 20; 20
24; 33, 480; 660, B
23; 33, 460; 660, B
22; 33, 440; 660, B
21; 33, 420; 660, B
21; 32, 420; 640, B
21; 31, 420; 620, B
21; 30, 420; 600, B
20; 30, 400; 600, B
19; 30, 380; 600, B
18; 30, 360; 600, B
16; 30, 320; 600, B
17; 30, 340; 600, B
15; 31, 300; 620, B
14; 32, 280; 640, B
13; 32, 260; 640, B
7; 32, 140; 640, B
12; 32, 240; 640, B
11; 32, 220; 640, B
10; 32, 200; 640, B
9; 32, 180; 640, B
8; 32, 160; 640, B
18; 22, 360; 440, B
17; 22, 340; 440, B
16; 22, 320; 440, B
15; 22, 300; 440, B
14; 22, 280; 440, B
13; 22, 260; 440, B
12; 22, 240; 440, B
11; 22, 220; 440, B
10; 22, 200; 440, B
9; 22, 180; 440, B
8; 22, 160; 440, B
7; 23, 140; 460, B
6; 24, 120; 480, B
5; 25, 100; 500, B
4; 26, 80; 520, B
3; 27, 60; 540, B
2; 28, 40; 560, B
1; 28, 20; 560, B
0; 28, 0; 560, B
0; 31, 0; 620, B
2; 31, 40; 620, B
1; 31, 20; 620, B
4; 30, 80; 600, B
5; 30, 100; 600, B
3; 31, 60; 620, B
6; 31, 120; 620, B
14; 30, 280; 600, O, X| move, 0.5, -22; 600, player, 263; 598; 32; 2| front
13; 30, 260; 600, O, X| move, 0.5, -42; 600, player, 263; 598; 32; 2| front
63; 22, 1260; 440, B
#spikes
84; 26, 1680; 520, 3
86; 26, 1720; 520, 4
85; 27, 1700; 540, 2
85; 25, 1700; 500, 1
85; 17, 1700; 340, 1| alternate, 1700; 340; 1, 1720; 360; 4, 1700; 380; 2, 1680; 360; 3, 0.4, 85; 18, 1700; 360; 20; 20
85; 14, 1700; 280, 2| alternate, 1700; 280; 2, 1680; 260; 3, 1700; 240; 1, 1720; 260; 4, 0.3, 85; 13, 1700; 260; 20; 20
84; 32, 1680; 640, 4
86; 36, 1720; 720, 3
86; 29, 1720; 580, 3
84; 38, 1680; 760, 4| teleport, 1700; 640, player, 1723; 763; 14; 14
85; 34, 1700; 680, 1
84; 37, 1680; 760, 4
50; 27, 935; 540, 1| largeNudge| move, 3.0, 1660; 540, player, 1426; 517; 8; 44
53; 27, 1060; 540, 1| move, 3.0, 1720; 540, player, 1426; 517; 8; 44
56; 27, 1120; 540, 1| move, 3.0, 1780; 540, player, 1426; 517; 8; 44
50; 26, 935; 520, 2| largeNudge| move, 3.0, 1660; 520, player, 1426; 517; 8; 44
59; 26, 1180; 520, 2| move, 3.0, 1840; 520, player, 1426; 517; 8; 44
62; 26, 1240; 520, 2| move, 3.0, 1900; 520, player, 1426; 517; 8; 44
65; 27, 1300; 540, 1| move, 3.0, 1960; 540, player, 1426; 517; 8; 44
63; 23, 1260; 460, 2
63; 20, 1260; 400, 2
67; 17, 1340; 340, 1| alternate, 1340; 340; 1, 1360; 340; 1, 1380; 340; 1, 0.3, 67; 18, 1340; 360; 20; 20
70; 17, 1400; 340, 1| alternate, 1400; 340; 1, 1420; 340; 1, 1440; 340; 1, 0.3, 70; 18, 1400; 360; 20; 20
73; 17, 1460; 340, 1| alternate, 1460; 340; 1, 1480; 340; 1, 1500; 360; 4, 0.3, 74; 18, 1480; 360; 20; 20
74; 19, 1480; 380, 2| alternate, 1480; 380; 2, 1460; 380; 2, 1440; 380; 2, 0.3, 74; 18, 1480; 360; 20; 20
71; 19, 1420; 380, 2| alternate, 1420; 380; 2, 1400; 380; 2, 1380; 380; 2, 0.3, 71; 18, 1420; 360; 20; 20
68; 19, 1360; 380, 2| alternate, 1360; 380; 2, 1340; 380; 2, 1320; 360; 3, 0.3, 69; 18, 1380; 360; 20; 20
73; 27, 1460; 540, 1
75; 27, 1500; 540, 1| move, 3.0, 1460; 540, player, 1480; 558; 20; 2
54; 21, 1080; 420, 1
49; 21, 980; 420, 1
48; 21, 960; 420, 1
47; 21, 940; 420, 1
46; 21, 920; 420, 1
45; 21, 900; 420, 1
44; 21, 880; 420, 1
50; 21, 1000; 420, 1
51; 21, 1020; 420, 1
52; 21, 1040; 420, 1
53; 21, 1060; 420, 1
55; 20, 1100; 400, 1
43; 21, 860; 420, 1
42; 21, 840; 420, 1
41; 21, 820; 420, 1
40; 21, 800; 420, 1
39; 21, 780; 420, 1
38; 21, 760; 420, 1
37; 21, 740; 420, 1
36; 21, 720; 420, 1
35; 21, 700; 420, 1
64; 23, 1280; 460, 2| move, 0.7, 1240; 500, player, 1263; 498; 14; 2
34; 21, 680; 420, 1
33; 20, 660; 400, 1
32; 19, 640; 380, 1
21; 16, 420; 320, 1
22; 18, 440; 370, 1
22; 15, 440; 285, 2
20; 15, 400; 285, 2
21; 14, 420; 265, 2
20; 21, 400; 430, 1
21; 21, 420; 430, 1
20; 19, 413; 375, 3
30; 28, 600; 560, 3
30; 29, 600; 580, 3
30; 30, 600; 600, 3
30; 31, 600; 620, 3
29; 27, 580; 540, 2
28; 27, 560; 540, 2
27; 27, 540; 540, 2
26; 27, 520; 540, 2
29; 32, 580; 640, 1
28; 32, 560; 640, 1
27; 32, 540; 640, 1
26; 32, 520; 640, 1
25; 32, 500; 640, 1
24; 32, 480; 640, 1
23; 32, 460; 640, 1
22; 32, 440; 640, 1
21; 29, 420; 580, 1
23; 28, 460; 560, 2
24; 29, 480; 580, 2
7; 27, 148; 540, 1
7; 28, 148; 560, 2
7; 31, 140; 620, 1
8; 31, 160; 620, 1
9; 31, 180; 620, 1
10; 31, 200; 620, 1
11; 31, 220; 620, 1
12; 31, 240; 620, 1
13; 31, 260; 620, 1
14; 31, 280; 620, 1
15; 30, 300; 600, 1
0; 30, 0; 600, 1
1; 30, 20; 600, 1
2; 30, 40; 600, 1
4; 29, 80; 580, 1
5; 29, 100; 580, 1
3; 30, 60; 600, 1
6; 30, 120; 600, 1
10; 27, 192; 540, 1
10; 28, 192; 560, 2
8; 28, 170; 560, 1
8; 29, 170; 580, 2
25; 22, 500; 440, 3| alternate, 500; 440; 3, 500; 490; 3, 0.6, 26; 22, 520; 440; 20; 20
24; 22, 480; 440, 4| alternate, 480; 440; 4, 480; 490; 4, 0.6, 26; 22, 520; 440; 20; 20
84; 36, 1680; 760, 4| teleport, 1700; 700; 1, player, 1723; 763; 14; 14