#misc
area, 2
checkpoint, 15; 25
exit, 1180; 460, 1170; 0; 40; 2, 1, decor, 1
exit, 1100; 460, 1090; 0; 40; 2, 1, decor, 1
exit, 1020; 460, 1010; 0; 40; 2, 1, decor, 1
exit, 940; 460, 930; 0; 40; 2, 1, decor, 1
exit, 860; 460, 850; 0; 40; 2, 1, decor, 1
exit, 780; 460, 770; 0; 40; 2, 1, decor, 1
exit, 700; 460, 690; 0; 40; 2, 1, decor, 1
exit, 620; 460, 610; 0; 40; 2, 1, decor, 1
exit, 540; 460, 530; 0; 40; 2, 1, decor, 1
exit, 460; 460, 450; 0; 40; 2, 1, decor, 1
exit, 160; 340, 0; 279; 2; 82, 3, Area2Dungeon, 1
exit, 1360; 420, 1420; 430; 2; 100, 4, MainHub, 3
size, 1420, 580
spawn, 1366, 509, 0
spawn, 1186, 509, 0
spawn, 1106, 509, 0
spawn, 1026, 509, 0
spawn, 946, 509, 0
spawn, 866, 509, 0
spawn, 786, 509, 0
spawn, 706, 509, 0
spawn, 626, 509, 0
spawn, 546, 509, 0
spawn, 466, 509, 0
spawn, 366, 509, 0
name, Level Select
exitP, To Area Select, MainHub, 3
special, 4
music, 2
#blocks
21; 26, 420; 520, B
16; 21, 320; 420, B
17; 21, 340; 420, B
18; 21, 360; 420, B
19; 21, 380; 420, B
20; 21, 400; 420, B
21; 21, 420; 420, B
22; 21, 440; 420, B| largeNudge
23; 21, 460; 420, B| largeNudge
21; 22, 420; 440, B
21; 23, 420; 460, B
24; 21, 480; 420, B| largeNudge
25; 21, 500; 420, B
25; 22, 500; 440, B
25; 23, 500; 460, B
26; 21, 520; 420, B| largeNudge
27; 21, 540; 420, B| largeNudge
28; 21, 560; 420, B| largeNudge
29; 21, 580; 420, B
29; 23, 580; 460, B
29; 22, 580; 440, B
16; 22, 320; 440, B
17; 23, 340; 460, B
18; 24, 360; 480, B
19; 25, 380; 500, B
20; 26, 400; 520, B
22; 22, 440; 440, B
23; 23, 460; 460, B
24; 24, 480; 480, B
25; 25, 500; 500, B
30; 21, 600; 420, B| largeNudge
31; 21, 620; 420, B| largeNudge
32; 21, 640; 420, B| largeNudge
33; 21, 660; 420, B
34; 21, 680; 420, B| largeNudge
35; 21, 700; 420, B| largeNudge
36; 21, 720; 420, B| largeNudge
37; 21, 740; 420, B
38; 21, 760; 420, B| largeNudge
39; 21, 780; 420, B| largeNudge
40; 21, 800; 420, B| largeNudge
41; 21, 820; 420, B
42; 21, 840; 420, B| largeNudge
33; 22, 660; 440, B
33; 23, 660; 460, B
37; 22, 740; 440, B
37; 23, 740; 460, B
41; 22, 820; 440, B
41; 23, 820; 460, B
26; 22, 520; 440, B
27; 23, 540; 460, B
28; 24, 560; 480, B
29; 25, 580; 500, B
30; 22, 600; 440, B
31; 23, 620; 460, B
32; 24, 640; 480, B
33; 25, 660; 500, B
34; 22, 680; 440, B
35; 23, 700; 460, B
36; 24, 720; 480, B
37; 25, 740; 500, B
38; 22, 760; 440, B
39; 23, 780; 460, B
40; 24, 800; 480, B
41; 25, 820; 500, B
43; 21, 860; 420, B| largeNudge
44; 21, 880; 420, B| largeNudge
45; 21, 900; 420, B
46; 21, 920; 420, B| largeNudge
47; 21, 940; 420, B| largeNudge
48; 21, 960; 420, B| largeNudge
49; 21, 980; 420, B
50; 21, 1000; 420, B| largeNudge
51; 21, 1020; 420, B| largeNudge
52; 21, 1040; 420, B| largeNudge
53; 21, 1060; 420, B
54; 21, 1080; 420, B| largeNudge
55; 21, 1100; 420, B| largeNudge
56; 21, 1120; 420, B| largeNudge
45; 22, 900; 440, B
45; 23, 900; 460, B
49; 22, 980; 440, B
49; 23, 980; 460, B
53; 22, 1060; 440, B
53; 23, 1060; 460, B
57; 21, 1140; 420, B
57; 22, 1140; 440, B
57; 23, 1140; 460, B
58; 21, 1160; 420, B| largeNudge
59; 21, 1180; 420, B| largeNudge
60; 21, 1200; 420, B| largeNudge
61; 22, 1220; 440, B
61; 23, 1220; 460, B
42; 22, 840; 440, B
43; 23, 860; 460, B
44; 24, 880; 480, B
45; 25, 900; 500, B
46; 22, 920; 440, B
47; 23, 940; 460, B
48; 24, 960; 480, B
49; 25, 980; 500, B
50; 22, 1000; 440, B
51; 23, 1020; 460, B
52; 24, 1040; 480, B
53; 25, 1060; 500, B
54; 22, 1080; 440, B
56; 24, 1120; 480, B
57; 25, 1140; 500, B
58; 22, 1160; 440, B
59; 23, 1180; 460, B
60; 24, 1200; 480, B
61; 25, 1220; 500, B
62; 26, 1240; 520, B
63; 26, 1260; 520, B
64; 26, 1280; 520, B
65; 26, 1300; 520, B
66; 26, 1320; 520, B
61; 21, 1220; 420, B
62; 21, 1240; 420, B
63; 21, 1260; 420, B
64; 21, 1280; 420, B
65; 21, 1300; 420, B
66; 21, 1320; 420, B
67; 21, 1340; 420, B
67; 26, 1340; 520, B
68; 26, 1360; 520, B
69; 26, 1380; 520, B
68; 21, 1360; 420, B
69; 21, 1380; 420, B
70; 21, 1400; 420, B
70; 26, 1400; 520, B
55; 23, 1100; 460, B
14; 26, 280; 520, B
15; 26, 300; 520, B
13; 25, 260; 500, B
12; 24, 240; 480, B
11; 23, 220; 460, B
15; 21, 300; 420, B
14; 21, 280; 420, B
13; 20, 260; 400, B
12; 19, 240; 380, B
11; 18, 220; 360, B
10; 19, 200; 380, B
10; 24, 200; 480, B
9; 23, 180; 460, B
8; 22, 160; 440, B
7; 23, 140; 460, B
6; 22, 120; 440, B
9; 18, 180; 360, B
8; 17, 160; 340, B
7; 18, 140; 360, B
6; 17, 120; 340, B
5; 16, 100; 320, B
5; 21, 100; 420, B
4; 17, 80; 340, B
3; 16, 60; 320, B
2; 15, 40; 300, B
4; 22, 80; 440, B
3; 21, 60; 420, B
2; 20, 40; 400, B
1; 19, 20; 380, B
1; 14, 20; 280, B
0; 18, 0; 360, B
0; 13, 0; 260, B
#spikes
0; 14, 0; 280, 2| teleport, 0; 340; 1, player, 5; 289; 10; 68
1; 15, 20; 300, 2
2; 16, 40; 320, 2
3; 17, 60; 340, 2
4; 18, 80; 360, 2
5; 17, 100; 340, 2
6; 18, 120; 360, 2
7; 19, 140; 380, 2
8; 18, 160; 360, 2
9; 19, 180; 380, 2
10; 20, 200; 400, 2
11; 19, 220; 380, 2
12; 20, 240; 400, 2
13; 21, 260; 420, 2
14; 22, 280; 440, 2
15; 22, 300; 440, 2
0; 19, 0; 380, 2
1; 20, 20; 400, 2
2; 21, 40; 420, 2
3; 22, 60; 440, 2
4; 23, 80; 460, 2
5; 22, 100; 440, 2
6; 23, 120; 460, 2
7; 24, 140; 480, 2| teleport, 140; 440; 1, player, 140; 454; 20; 8
8; 23, 160; 460, 2
9; 24, 180; 480, 2
10; 25, 200; 500, 2
11; 24, 220; 480, 2
12; 25, 240; 500, 2
13; 26, 260; 520, 2
14; 27, 280; 540, 2
15; 27, 300; 540, 2