#misc
area, 2
checkpoint, 100; 45
checkpoint, 82; 41
checkpoint, 54; 56
checkpoint, 64; 58
checkpoint, 78; 58
checkpoint, 67; 35
exit, 1830; 865, 1810; 0; 40; 2, 1, decor, 1
exit, 1460; 730, 0; 730; 2; 40, 3, decor, 1
exit, 240; 640, 0; 612; 2; 112, 3, Area2Select, 1
exit, 2280; 800, 2360; 793; 2; 136, 4, MainHub, 3
size, 2360, 1480
spawn, 2306, 909, 0
key, 2180, 940, X
key, 1560, 900, X
key, 1860, 740
key, 1060, 1120, X
key, 1520, 1160, X
name, Area 2
exitP, To Area Select, MainHub, 3
index, 13
music, 2
#blocks
117; 39, 2340; 780, B
117; 46, 2340; 920, B
116; 46, 2320; 920, B
115; 46, 2300; 920, B
113; 46, 2260; 920, B
112; 46, 2240; 920, B
111; 46, 2220; 920, B
110; 46, 2200; 920, B
114; 46, 2280; 920, B
116; 39, 2320; 780, B
115; 39, 2300; 780, B
114; 40, 2280; 800, B
113; 40, 2260; 800, B
112; 40, 2240; 800, B
109; 46, 2180; 920, B| teleport, 2640; 1920, 107; 54, 2140; 901; 20; 20
108; 46, 2160; 920, B
111; 40, 2220; 800, B
110; 40, 2200; 800, B
109; 40, 2180; 800, B
108; 40, 2160; 800, B
107; 40, 2140; 800, B
106; 40, 2120; 800, B
105; 40, 2100; 800, B
104; 40, 2080; 800, B
103; 40, 2060; 800, B
102; 40, 2040; 800, B
102; 46, 2040; 920, B
101; 46, 2020; 920, B
101; 40, 2020; 800, B
104; 46, 2080; 920, B
106; 46, 2120; 920, B
105; 46, 2100; 920, B
104; 49, 2080; 980, B
106; 49, 2120; 980, B
103; 50, 2060; 1010, B
107; 50, 2140; 1010, B
102; 47, 2040; 940, B
102; 48, 2040; 960, B
102; 49, 2040; 980, B
102; 50, 2040; 1000, B
102; 51, 2040; 1020, B
108; 47, 2160; 940, B
108; 48, 2160; 960, B
108; 49, 2160; 980, B
108; 50, 2160; 1000, B
108; 51, 2160; 1020, B
102; 52, 2040; 1040, B
102; 53, 2040; 1060, B
108; 52, 2160; 1040, B
108; 53, 2160; 1060, B
102; 54, 2040; 1080, B
103; 54, 2060; 1080, B| move, 1, 2060; 920, player, 2061; 1078; 98; 2| front
104; 54, 2080; 1080, B
105; 54, 2100; 1080, B| move, 1, 2100; 920, player, 2061; 1078; 98; 2| front
106; 54, 2120; 1080, B
108; 54, 2160; 1080, B
107; 54, 2140; 1080, B| move, 1, 2140; 920, player, 2061; 1078; 98; 2| front
100; 46, 2000; 920, B
99; 46, 1980; 920, B
109; 48, 2180; 960, B
110; 47, 2200; 940, B
110; 48, 2200; 960, B
103; 55, 2060; 1080, B
105; 55, 2100; 1080, B
107; 55, 2140; 1080, B
100; 41, 2000; 820, B
99; 42, 1980; 840, B
98; 46, 1960; 920, B
98; 42, 1960; 840, B
97; 42, 1940; 840, B
97; 46, 1940; 920, B
95; 45, 1900; 910, B
95; 43, 1900; 850, B
96; 46, 1920; 920, B
95; 46, 1900; 920, B| front
94; 46, 1880; 920, B
93; 46, 1860; 920, B
96; 42, 1920; 840, B
95; 42, 1900; 840, B| front
94; 42, 1880; 840, B
93; 42, 1860; 840, B
92; 46, 1840; 920, B
91; 46, 1820; 920, B
90; 46, 1800; 920, B
90; 44, 1800; 880, B
90; 43, 1800; 860, B
90; 42, 1800; 840, B
89; 44, 1780; 880, B
88; 44, 1760; 880, B
87; 44, 1740; 880, B
86; 44, 1720; 880, B
88; 46, 1760; 920, B
87; 46, 1740; 920, B
86; 46, 1720; 920, B
85; 44, 1700; 880, B
84; 44, 1680; 880, B
84; 46, 1680; 920, B
83; 46, 1660; 920, B
82; 46, 1640; 920, B
83; 44, 1660; 880, B
82; 44, 1640; 880, B
81; 44, 1620; 880, B
80; 44, 1600; 880, B
79; 46, 1580; 920, B
80; 46, 1600; 920, B
78; 46, 1560; 920, B
77; 46, 1540; 920, B
77; 45, 1540; 900, B
77; 44, 1540; 880, B
78; 44, 1560; 880, B
79; 44, 1580; 880, B
81; 47, 1620; 920, B
85; 47, 1700; 920, B
89; 47, 1780; 920, B
93; 41, 1860; 820, B
93; 40, 1860; 800, B
93; 39, 1860; 780, B
93; 38, 1860; 760, B
92; 38, 1840; 760, B
91; 38, 1820; 760, B
90; 38, 1800; 760, B
89; 38, 1780; 760, B
88; 38, 1760; 760, B
87; 38, 1740; 760, B
89; 42, 1780; 840, B
88; 42, 1760; 840, B
87; 42, 1740; 840, B
86; 42, 1720; 840, B
85; 42, 1700; 840, B
84; 42, 1680; 840, B
86; 38, 1720; 760, B
85; 38, 1700; 760, B
83; 42, 1660; 840, B
82; 42, 1640; 840, B
81; 42, 1620; 840, B
83; 38, 1660; 760, B
82; 38, 1640; 760, B
81; 38, 1620; 760, B
83; 37, 1660; 740, B
83; 36, 1660; 720, B
84; 35, 1680; 700, B
85; 35, 1700; 700, B
86; 35, 1720; 700, B
87; 35, 1740; 700, B
90; 37, 1800; 740, B
91; 37, 1820; 740, B
94; 38, 1880; 760, B
93; 32, 1860; 640, B
92; 32, 1840; 640, B
91; 32, 1820; 640, B
90; 32, 1800; 640, B
89; 32, 1780; 640, B
88; 34, 1760; 680, B
88; 33, 1760; 660, B
94; 32, 1880; 640, B
95; 33, 1900; 660, B
95; 34, 1900; 680, B
95; 35, 1900; 700, B
95; 36, 1900; 720, B
95; 37, 1900; 740, B
80; 42, 1600; 840, B
79; 41, 1580; 820, B
78; 40, 1560; 800, B
80; 37, 1600; 740, B
79; 36, 1580; 720, B
78; 35, 1560; 700, B
77; 41, 1540; 820, B
76; 40, 1520; 800, B
75; 39, 1500; 780, B
77; 36, 1540; 720, B
76; 35, 1520; 700, B
75; 34, 1500; 680, B
74; 33, 1480; 660, B
72; 38, 1440; 760, B
73; 34, 1460; 680, B
71; 37, 1420; 740, B
70; 36, 1400; 720, B
72; 33, 1440; 660, B
71; 32, 1420; 640, B
69; 37, 1380; 740, B
69; 33, 1380; 660, B
70; 32, 1400; 640, B
68; 36, 1360; 720, B
68; 32, 1360; 640, B
72; 39, 1440; 780, B
72; 40, 1440; 800, B
72; 41, 1440; 820, B
72; 42, 1440; 840, B
72; 43, 1440; 860, B
72; 44, 1440; 880, B
72; 45, 1440; 900, B
74; 47, 1480; 940, B
72; 46, 1440; 920, B
71; 47, 1420; 940, B
70; 48, 1400; 960, B
74; 48, 1480; 960, B
74; 49, 1480; 980, B
69; 49, 1380; 980, B
73; 53, 1460; 1060, B
74; 54, 1480; 1080, B
74; 55, 1480; 1100, B
74; 56, 1480; 1120, B
74; 53, 1480; 1060, B
69; 50, 1380; 1000, B
69; 56, 1380; 1120, B
69; 55, 1380; 1100, B
69; 54, 1380; 1080, B
69; 53, 1380; 1060, B
69; 52, 1380; 1040, B
69; 51, 1380; 1020, B
74; 52, 1480; 1040, B
74; 51, 1480; 1020, B
74; 50, 1480; 1000, B
74; 57, 1480; 1140, B
74; 59, 1480; 1180, B
73; 59, 1460; 1180, B| move, 0.5, 1480; 1180, player, 1486; 1160; 8; 20| front| teleport, 2040; 1080, 72; 60, 1440; 1120; 20; 20
72; 59, 1440; 1180, B| move, 0.5, 1420; 1180, player, 1486; 1160; 8; 20| front
71; 59, 1420; 1180, B
70; 59, 1400; 1180, B
69; 59, 1380; 1180, B
72; 60, 1450; 1180, B| move, 1.5, 1450; 760, 73; 59, 1499; 1180; 20; 20| teleport, 1460; 760, 72; 60, 1447; 741; 8; 20| front
69; 57, 1380; 1140, B
68; 59, 1360; 1180, B
67; 59, 1340; 1180, B
68; 57, 1360; 1140, B
67; 57, 1340; 1140, B
66; 59, 1320; 1180, B
65; 59, 1300; 1180, B
64; 59, 1280; 1180, B
66; 57, 1320; 1140, B
65; 57, 1300; 1140, B
65; 56, 1300; 1120, B
65; 55, 1300; 1100, B
63; 56, 1260; 1120, B
63; 55, 1260; 1100, B
63; 57, 1260; 1140, B
62; 57, 1240; 1140, B
65; 54, 1300; 1080, B
65; 53, 1300; 1060, B
65; 52, 1300; 1040, B
64; 52, 1280; 1040, B
63; 52, 1260; 1040, B
62; 52, 1240; 1040, B
61; 57, 1220; 1140, B
60; 57, 1200; 1140, B
59; 57, 1180; 1140, B
61; 52, 1220; 1040, B
60; 52, 1200; 1040, B
59; 52, 1180; 1040, B
75; 57, 1500; 1140, B
76; 57, 1520; 1140, B
77; 57, 1540; 1140, B
75; 59, 1500; 1180, B
76; 59, 1520; 1180, B
77; 59, 1540; 1180, B
78; 57, 1560; 1140, B
79; 57, 1580; 1140, B
80; 57, 1600; 1140, B
80; 58, 1600; 1160, B
80; 59, 1600; 1180, B
78; 60, 1560; 1200, B
78; 61, 1560; 1220, B
78; 59, 1560; 1180, B
80; 60, 1600; 1200, B
80; 61, 1600; 1220, B
61; 53, 1220; 1060, B
58; 57, 1160; 1140, B
58; 52, 1160; 1040, B
59; 55, 1180; 1100, B
58; 55, 1160; 1100, B
58; 56, 1160; 1120, B
59; 56, 1180; 1120, B
57; 57, 1140; 1140, B
56; 57, 1120; 1140, B
57; 52, 1140; 1040, B
56; 52, 1120; 1040, B
55; 53, 1100; 1060, B
54; 54, 1080; 1080, B
53; 55, 1060; 1100, B
53; 57, 1060; 1140, B
52; 56, 1040; 1120, B
54; 57, 1080; 1140, B
55; 57, 1100; 1140, B
63; 59, 1260; 1180, B
62; 59, 1240; 1180, B| alternate, 1240; 1180, 1240; 1240, 1240; 1320, 1320; 1320, 1340; 1300, 1360; 1320, 1400; 1260, 1380; 1340, 1440; 1380, 1500; 1320, 1480; 1340, 1580; 1340, 1640; 1280, 1580; 1280, 2300; 920, 1.0, player, 1240; 1160; 20; 20
61; 58, 1220; 1160, B
61; 59, 1220; 1180, B
74; 46, 1480; 920, B
74; 45, 1480; 900, B
74; 44, 1480; 880, B
74; 43, 1480; 860, B
74; 42, 1480; 840, B
74; 40, 1480; 800, B
74; 39, 1480; 780, B
74; 38, 1480; 760, B
74; 41, 1480; 820, B
67; 36, 1340; 720, B
66; 36, 1320; 720, B
67; 32, 1340; 640, B
66; 32, 1320; 640, B
65; 31, 1300; 620, B
64; 30, 1280; 600, B
63; 29, 1260; 580, B
62; 29, 1240; 580, B
61; 29, 1220; 580, B
60; 29, 1200; 580, B
59; 29, 1180; 580, B
58; 29, 1160; 580, B
57; 29, 1140; 580, B
56; 29, 1120; 580, B
55; 29, 1100; 580, B
54; 29, 1080; 580, B
53; 29, 1060; 580, B
52; 29, 1040; 580, B
51; 29, 1020; 580, B
50; 29, 1000; 580, B
49; 29, 980; 580, B
48; 30, 960; 600, B
47; 31, 940; 620, B
46; 32, 920; 640, B
44; 32, 880; 640, B
45; 32, 900; 640, B
43; 32, 860; 640, B
42; 32, 840; 640, B
41; 32, 820; 640, B
40; 32, 800; 640, B
39; 32, 780; 640, B
38; 32, 760; 640, B
37; 32, 740; 640, B
36; 32, 720; 640, B
35; 32, 700; 640, B
34; 32, 680; 640, B
33; 32, 660; 640, B
32; 32, 640; 640, B
31; 32, 620; 640, B
29; 32, 580; 640, B
22; 32, 440; 640, B
25; 32, 500; 640, B
26; 32, 520; 640, B
28; 32, 560; 640, B
27; 32, 540; 640, B
24; 32, 480; 640, B
23; 32, 460; 640, B
21; 32, 420; 640, B
20; 32, 400; 640, B
30; 32, 600; 640, B
19; 32, 380; 640, B
18; 32, 360; 640, B
17; 32, 340; 640, B
16; 32, 320; 640, B
15; 32, 300; 640, B
14; 32, 280; 640, B
13; 32, 260; 640, B
12; 32, 240; 640, B
11; 32, 220; 640, B
10; 32, 200; 640, B
9; 32, 180; 640, B
8; 32, 160; 640, B
7; 32, 140; 640, B
6; 32, 120; 640, B
5; 32, 100; 640, B
4; 32, 80; 640, B
2; 31, 40; 620, B
1; 30, 20; 600, B
0; 30, 0; 600, B
3; 31, 60; 620, B
65; 36, 1300; 720, B| move, 1.0, 43; 720, player, 1262; 719; 56; 2| move, 7.0, -20; 720, 63; 36, 867; 720; 20; 20
64; 36, 1280; 720, B| move, 1.0, 23; 720, player, 1262; 719; 56; 2| move, 7.0, -40; 720, 63; 36, 867; 720; 20; 20
63; 36, 1260; 720, B| move, 1.0, 3; 720, player, 1262; 719; 56; 2| move, 7.0, -60; 720, 63; 36, 867; 720; 20; 20
#spikes
107; 43, 2140; 860, 1
107; 44, 2140; 880, 2
105; 44, 2100; 880, 1
105; 45, 2100; 900, 2
103; 43, 2060; 860, 1
103; 44, 2060; 880, 2
105; 41, 2100; 820, 2
106; 48, 2120; 960, 1
104; 48, 2080; 960, 1
105; 47, 2100; 935, 2
107; 49, 2140; 990, 1
103; 49, 2060; 990, 1
106; 50, 2120; 1000, 2
104; 50, 2080; 1000, 2
103; 51, 2060; 1030, 2
107; 51, 2140; 1030, 2
96; 43, 1920; 850, 4
96; 45, 1920; 910, 4
85; 46, 1700; 920, 1| move, 0.5, 1700; 880, player, 1707; 900; 8; 20
89; 46, 1780; 920, 1| move, 0.5, 1780; 880, player, 1789; 900; 8; 20
81; 46, 1620; 920, 1| move, 0.5, 1620; 880, player, 1611; 900; 8; 20
90; 41, 1800; 820, 1
87; 41, 1740; 820, 1
85; 41, 1700; 820, 1
86; 41, 1720; 840, 1| move, 1.0, 1720; 820, player, 1720; 830; 20; 8
85; 37, 1700; 740, 1
86; 36, 1720; 715, 2
84; 36, 1680; 715, 2
90; 36, 1800; 720, 1
91; 36, 1820; 720, 1
90; 33, 1800; 660, 2
91; 33, 1820; 660, 2
89; 33, 1780; 660, 2
92; 33, 1840; 660, 2
93; 33, 1860; 660, 2
94; 33, 1880; 660, 2
80; 38, 1600; 760, 2
79; 37, 1580; 740, 2
78; 36, 1560; 720, 2
77; 37, 1540; 740, 2
76; 36, 1520; 720, 2
71; 33, 1420; 660, 2
72; 34, 1440; 680, 2
73; 35, 1460; 700, 2
74; 34, 1480; 680, 2
75; 35, 1500; 700, 2
69; 34, 1380; 680, 2
70; 33, 1400; 660, 2
69; 36, 1380; 739, 2
68; 33, 1360; 660, 2
72; 53, 1440; 1060, 3
73; 54, 1460; 1080, 3
73; 55, 1460; 1100, 3
73; 56, 1460; 1120, 3
70; 49, 1400; 980, 4
70; 50, 1400; 1000, 4
70; 51, 1400; 1020, 4
70; 52, 1400; 1040, 4
70; 53, 1400; 1060, 4
70; 54, 1400; 1080, 4
70; 56, 1400; 1120, 4
70; 55, 1400; 1100, 4
73; 52, 1460; 1040, 3
73; 51, 1460; 1020, 3
73; 50, 1460; 1000, 3
63; 54, 1260; 1080, 1| alternate, 1260; 1080; 1, 1280; 1100; 4, 0.7, 63; 54, 1260; 1080; 20; 20
74; 58, 1480; 1160, 2| teleport, 1480; 1140, player, 1500; 1160; 20; 20
73; 57, 1460; 1140, 3
62; 56, 1240; 1120, 3| alternate, 1240; 1120; 3, 1240; 1100; 3, 0.7, 62; 56, 1240; 1120; 20; 20
61; 54, 1220; 1080, 2
59; 54, 1180; 1085, 1
58; 54, 1160; 1085, 1
55; 54, 1100; 1080, 2| move, 4.0, 1100; 1140, player, 1109; 1120; 2; 20
56; 53, 1120; 1060, 2
54; 55, 1080; 1100, 2
67; 33, 1340; 660, 2
66; 33, 1320; 660, 2
62; 36, 1240; 720, 1
61; 36, 1220; 720, 1
60; 35, 1200; 700, 1
59; 35, 1180; 700, 1
58; 36, 1160; 720, 1
57; 36, 1140; 720, 1
56; 35, 1120; 700, 1
55; 35, 1100; 700, 1
54; 35, 1080; 700, 1
53; 36, 1060; 720, 1
52; 36, 1040; 720, 1
51; 35, 1020; 700, 1
50; 36, 1000; 720, 1
49; 35, 980; 700, 1
60; 36, 1200; 720, 2
61; 37, 1220; 740, 2
62; 37, 1240; 740, 2
59; 36, 1180; 720, 2
58; 37, 1160; 740, 2
57; 37, 1140; 740, 2
56; 36, 1120; 720, 2
55; 36, 1100; 720, 2
54; 36, 1080; 720, 2
53; 37, 1060; 740, 2
52; 37, 1040; 740, 2
51; 36, 1020; 720, 2
50; 37, 1000; 740, 2
49; 36, 980; 720, 2
63; 37, 1260; 740, 2
64; 37, 1280; 740, 2
65; 37, 1300; 740, 2
65; 32, 1300; 640, 2
64; 31, 1280; 620, 2
63; 30, 1260; 600, 2
62; 30, 1240; 600, 2
61; 30, 1220; 600, 2
60; 30, 1200; 600, 2
59; 30, 1180; 600, 2
58; 30, 1160; 600, 2
57; 30, 1140; 600, 2
56; 30, 1120; 600, 2
55; 30, 1100; 600, 2
53; 30, 1060; 600, 2
52; 30, 1040; 600, 2
51; 30, 1020; 600, 2
50; 30, 1000; 600, 2
49; 30, 980; 600, 2
54; 30, 1080; 600, 2
47; 32, 940; 640, 2
48; 31, 960; 620, 2
46; 33, 920; 660, 2
45; 33, 900; 660, 2
44; 33, 880; 660, 2
47; 36, 940; 720, 1
46; 36, 920; 720, 1
45; 36, 900; 720, 1
44; 36, 880; 720, 1
48; 36, 960; 720, 1
48; 37, 960; 740, 2
47; 37, 940; 740, 2
46; 37, 920; 740, 2
45; 37, 900; 740, 2
44; 37, 880; 740, 2
43; 36, 860; 720, 1
32; 36, 640; 720, 1
33; 36, 660; 720, 1
34; 36, 680; 720, 1
35; 36, 700; 720, 1
36; 36, 720; 720, 1
37; 36, 740; 720, 1
38; 36, 760; 720, 1
39; 36, 780; 720, 1
40; 36, 800; 720, 1
41; 36, 820; 720, 1
42; 36, 840; 720, 1
43; 37, 860; 740, 2
30; 37, 600; 740, 2
31; 37, 620; 740, 2
32; 37, 640; 740, 2
33; 37, 660; 740, 2
34; 37, 680; 740, 2
35; 37, 700; 740, 2
36; 37, 720; 740, 2
37; 37, 740; 740, 2
38; 37, 760; 740, 2
39; 37, 780; 740, 2
40; 37, 800; 740, 2
42; 37, 840; 740, 2
41; 37, 820; 740, 2
31; 36, 620; 720, 1
30; 36, 600; 720, 1
29; 36, 580; 720, 1
28; 36, 560; 720, 1
27; 36, 540; 720, 1
26; 36, 520; 720, 1
25; 36, 500; 720, 1
24; 36, 480; 720, 1
23; 36, 460; 720, 1
22; 36, 440; 720, 1
21; 36, 420; 720, 1
20; 36, 400; 720, 1
19; 36, 380; 720, 1
18; 36, 360; 720, 1
17; 36, 340; 720, 1
16; 36, 320; 720, 1
14; 36, 280; 720, 1
14; 37, 280; 740, 2
15; 37, 300; 740, 2
16; 37, 320; 740, 2
26; 37, 520; 740, 2
29; 37, 580; 740, 2
28; 37, 560; 740, 2
27; 37, 540; 740, 2
25; 37, 500; 740, 2
24; 37, 480; 740, 2
23; 37, 460; 740, 2
22; 37, 440; 740, 2
21; 37, 420; 740, 2
20; 37, 400; 740, 2
19; 37, 380; 740, 2
18; 37, 360; 740, 2
17; 37, 340; 740, 2
15; 36, 300; 720, 1
13; 36, 260; 720, 1
11; 36, 220; 720, 1
9; 36, 180; 720, 1
8; 36, 160; 720, 1
7; 36, 140; 720, 1
6; 36, 120; 720, 1
5; 36, 100; 720, 1
4; 36, 80; 720, 1
3; 36, 60; 720, 1
2; 36, 40; 720, 1
10; 36, 200; 720, 1
12; 36, 240; 720, 1
13; 37, 260; 740, 2
12; 37, 240; 740, 2
11; 37, 220; 740, 2
10; 37, 200; 740, 2
9; 37, 180; 740, 2
8; 37, 160; 740, 2
7; 37, 140; 740, 2
6; 37, 120; 740, 2
5; 37, 100; 740, 2
4; 37, 80; 740, 2
3; 37, 60; 740, 2
2; 37, 40; 740, 2
43; 33, 860; 660, 2
42; 33, 840; 660, 2
41; 33, 820; 660, 2
40; 33, 800; 660, 2
39; 33, 780; 660, 2
38; 33, 760; 660, 2
37; 33, 740; 660, 2
36; 33, 720; 660, 2
35; 33, 700; 660, 2
34; 33, 680; 660, 2
33; 33, 660; 660, 2
32; 33, 640; 660, 2
31; 33, 620; 660, 2
30; 33, 600; 660, 2
29; 33, 580; 660, 2
28; 33, 560; 660, 2
27; 33, 540; 660, 2
26; 33, 520; 660, 2
25; 33, 500; 660, 2
24; 33, 480; 660, 2
23; 33, 460; 660, 2
22; 33, 440; 660, 2
20; 33, 400; 660, 2
19; 33, 380; 660, 2
18; 33, 360; 660, 2
21; 33, 420; 660, 2
17; 33, 340; 660, 2
10; 33, 200; 660, 2
8; 33, 160; 660, 2
13; 33, 260; 660, 2
14; 33, 280; 660, 2
16; 33, 320; 660, 2
15; 33, 300; 660, 2
12; 33, 240; 660, 2
11; 33, 220; 660, 2
9; 33, 180; 660, 2
7; 33, 140; 660, 2
6; 33, 120; 660, 2
5; 33, 100; 660, 2
4; 33, 80; 660, 2
3; 32, 60; 640, 2
2; 32, 40; 640, 2
1; 31, 20; 620, 2
0; 31, 0; 620, 2
0; 35, 0; 700, 1
0; 36, 0; 720, 2
1; 35, 20; 710, 1
1; 36, 20; 730, 2
63; 35, 1260; 720, 1
65; 35, 1300; 720, 1
64; 35, 1280; 720, 1
78; 39, 1560; 780, 1
77; 40, 1540; 819, 2
75; 38, 1500; 760, 1
71; 36, 1420; 720, 1
72; 47, 1440; 940, 2
71; 48, 1420; 960, 2