#misc
area, 2
checkpoint, 28; 32
checkpoint, 43; 32
chai, 646; 789
chai, 866; 569
chai, 986; 769
exit, 940; 700, 912; 960; 76; 2, 2, Area2Select, 5
size, 1140, 960
spawn, 326, 769, 1
name, 2 - 4
exitP, Exit Level, Area2Select, 105
index, 17
music, 2
#blocks
16; 39, 320; 780, B
15; 39, 300; 780, B
17; 39, 340; 780, B
14; 39, 280; 780, B
14; 38, 280; 760, B
14; 37, 280; 740, B
18; 37, 360; 740, B
18; 38, 360; 760, B
18; 39, 360; 780, B
14; 36, 280; 720, B
14; 35, 280; 700, B
14; 34, 280; 680, B
14; 33, 280; 660, B
15; 33, 300; 660, B
16; 33, 320; 660, B
17; 33, 340; 660, B
18; 33, 360; 660, B
19; 33, 380; 660, B
20; 33, 400; 660, B
21; 34, 420; 680, B
21; 35, 420; 700, B
21; 36, 420; 720, B
22; 40, 440; 800, B
18; 40, 360; 800, B
18; 41, 360; 820, B
18; 42, 360; 840, B
19; 42, 380; 840, B
20; 42, 400; 840, B
21; 42, 420; 840, B
22; 42, 440; 840, B
22; 41, 440; 820, B
23; 40, 460; 800, B
24; 40, 480; 800, B
25; 40, 500; 800, B
26; 40, 520; 800, B
22; 36, 440; 720, B
23; 36, 460; 720, B
27; 39, 540; 780, B
27; 38, 540; 760, B
27; 37, 540; 740, B
27; 36, 540; 720, B
27; 35, 540; 700, B
27; 34, 540; 680, B
27; 33, 540; 660, B
28; 33, 560; 660, B
29; 33, 580; 660, B
21; 33, 420; 660, B
21; 32, 420; 640, B
21; 31, 420; 620, B
21; 30, 420; 600, B
21; 29, 420; 580, B
22; 29, 440; 580, B
23; 29, 460; 580, B
24; 29, 480; 580, B
25; 29, 500; 580, B
26; 29, 520; 580, B
27; 29, 540; 580, B
28; 29, 560; 580, B
27; 40, 540; 800, B
29; 29, 580; 580, B
30; 30, 600; 600, B
30; 32, 600; 640, B
31; 30, 620; 600, B
32; 30, 640; 600, B
33; 30, 660; 600, B
34; 32, 680; 640, B
34; 30, 680; 600, B
35; 33, 700; 660, B
35; 29, 700; 580, B
36; 33, 720; 660, B
32; 35, 640; 700, B
30; 34, 600; 680, B
30; 35, 600; 700, B
30; 36, 600; 720, B
30; 37, 600; 740, B
30; 33, 600; 660, B
34; 35, 680; 700, B
34; 36, 680; 720, B
34; 37, 680; 740, B
34; 38, 680; 760, B
30; 38, 600; 760, B
30; 40, 600; 800, B
31; 40, 620; 800, B
32; 40, 640; 800, B
33; 40, 660; 800, B
34; 40, 680; 800, B
30; 39, 600; 780, B
37; 33, 740; 660, B
36; 29, 720; 580, B
42; 33, 840; 660, B
43; 33, 860; 660, B
44; 33, 880; 660, B
42; 29, 840; 580, B
43; 29, 860; 580, B
44; 29, 880; 580, B
45; 29, 900; 580, B
37; 35, 740; 700, B
36; 34, 720; 680, B
40; 36, 800; 720, B
41; 36, 820; 720, B
42; 35, 840; 700, B
43; 34, 860; 680, B
39; 36, 780; 720, B
38; 36, 760; 720, B
45; 28, 900; 560, B
45; 27, 900; 540, B
45; 26, 900; 520, B
44; 26, 880; 520, B
43; 26, 860; 520, B
42; 26, 840; 520, B
41; 26, 820; 520, B
40; 26, 800; 520, B
39; 26, 780; 520, B
38; 26, 760; 520, B
37; 26, 740; 520, B
37; 27, 740; 540, B
37; 28, 740; 560, B
37; 29, 740; 580, B
45; 35, 900; 700, B
45; 36, 900; 720, B
45; 34, 900; 680, B
45; 33, 900; 660, B
48; 28, 960; 560, B
47; 28, 940; 560, B
46; 28, 920; 560, B
49; 28, 980; 560, B
49; 29, 980; 580, B
49; 30, 980; 600, B
49; 31, 980; 620, B
49; 32, 980; 640, B
49; 33, 980; 660, B
49; 34, 980; 680, B
49; 35, 980; 700, B
49; 36, 980; 720, B
49; 37, 980; 740, B
49; 39, 980; 780, B
49; 40, 980; 800, B
45; 37, 900; 740, B
45; 39, 900; 780, B
45; 40, 900; 800, B
45; 38, 900; 760, B
50; 39, 1000; 780, B
50; 37, 1000; 740, B
50; 38, 1000; 760, B
49; 41, 980; 820, B
45; 41, 900; 820, B
34; 39, 680; 780, B
45; 42, 900; 840, B
45; 43, 900; 860, B
45; 44, 900; 880, B
45; 45, 900; 900, B
45; 46, 900; 920, B
49; 42, 980; 840, B
49; 43, 980; 860, B
49; 44, 980; 880, B
49; 45, 980; 900, B
49; 46, 980; 920, B
45; 47, 900; 940, B
49; 47, 980; 940, B
34; 34, 680; 680, B
34; 33, 680; 660, B
33; 32, 660; 640, B
31; 32, 620; 640, B
#spikes
18; 36, 360; 720, 1
21; 37, 420; 740, 2
22; 39, 440; 780, 1
19; 41, 380; 820, 1
20; 41, 400; 820, 1
21; 41, 420; 820, 1
23; 35, 460; 700, 1| move, 1.0, 440; 700, player, 440; 717; 20; 2
32; 36, 640; 720, 2
31; 39, 620; 780, 1
33; 39, 660; 780, 1
38; 33, 760; 660, 4
38; 29, 760; 580, 4
41; 29, 820; 580, 3
41; 33, 820; 660, 3
37; 34, 740; 680, 1
38; 35, 760; 700, 1
39; 35, 780; 700, 1
40; 35, 800; 700, 1
41; 35, 820; 700, 1
42; 34, 840; 680, 1
47; 30, 940; 600, 1
47; 31, 940; 620, 2
47; 32, 940; 640, 1
47; 33, 940; 660, 2
46; 33, 920; 660, 1
46; 34, 920; 680, 2
48; 36, 960; 720, 1
48; 37, 960; 740, 2
48; 40, 960; 790, 1
48; 41, 960; 810, 2
47; 43, 940; 860, 1
47; 44, 940; 880, 2
48; 47, 960; 940, 3
46; 47, 920; 940, 4
39; 28, 780; 570, 1| move, 0.5, 800; 570, 39; 28, 761; 580; 20; 20| move, 0.5, 780; 570, 39; 28, 819; 580; 20; 20
39; 29, 780; 590, 2| move, 0.5, 800; 590, 39; 28, 761; 580; 20; 20| move, 0.5, 780; 590, 39; 28, 819; 580; 20; 20
33; 35, 660; 700, 4| alternate, 660; 700; 4, 620; 700; 3, 0.5, 32; 35, 640; 700; 20; 20
29; 30, 580; 600, 2
35; 32, 700; 640, 1
45; 30, 900; 600, 2