#misc
area, 2
checkpoint, 32; 8
checkpoint, 45; 20
chai, 586; 109
chai, 606; 9
chai, 966; 109
exit, 1160; 360, 1240; 256; 2; 166, 4, Area2Select, 8
size, 1240, 520
spawn, 506, 229, 1
name, 2 - 7
exitP, Exit Level, Area2Select, 108
lock, 3, 580, 20, B
index, 20
music, 2
#blocks
25; 12, 500; 240, B
26; 12, 520; 240, B
24; 12, 480; 240, B
24; 11, 480; 220, B
24; 10, 480; 200, B
24; 9, 480; 180, B
25; 9, 500; 180, B
26; 9, 520; 180, B
27; 9, 540; 180, B
28; 9, 560; 180, B
27; 12, 540; 240, B
28; 12, 560; 240, B
29; 12, 580; 240, B
30; 12, 600; 240, B
30; 11, 600; 220, B
30; 10, 600; 200, B
30; 9, 600; 180, B
29; 6, 580; 120, B
27; 6, 540; 120, B
30; 5, 600; 100, B
30; 4, 600; 80, B
30; 3, 600; 60, B
28; 3, 560; 60, B
27; 3, 540; 60, B
26; 3, 520; 60, B
25; 3, 500; 60, B
25; 4, 500; 80, B
25; 5, 500; 100, B
25; 6, 500; 120, B
25; 7, 500; 140, B
25; 8, 500; 160, B
28; 6, 560; 120, B| move, 0.5, 560; 140, 28; 6, 560; 101; 20; 20| move, 0.5, 560; 120, 28; 7, 560; 179; 20; 20
30; 6, 600; 120, B| move, 0.5, 600; 120, 30; 7, 600; 179; 20; 20| move, 0.5, 600; 140, 30; 6, 600; 101; 20; 20
28; 2, 560; 40, B
28; 1, 560; 20, B
30; 1, 600; 20, B
30; 2, 600; 40, B
28; 0, 560; 0, B
32; 2, 640; 40, B
32; 1, 640; 20, B
32; 0, 640; 0, B
32; 3, 640; 60, B
32; 4, 640; 80, B
32; 5, 640; 100, B
32; 6, 640; 120, B
31; 9, 620; 180, B
32; 9, 640; 180, B
33; 9, 660; 180, B
33; 6, 660; 120, B
34; 6, 680; 120, B
34; 9, 680; 180, B
35; 9, 700; 180, B
36; 9, 720; 180, B
37; 9, 740; 180, B
38; 9, 760; 180, B
35; 6, 700; 120, B
36; 6, 720; 120, B
37; 6, 740; 120, B
38; 5, 760; 100, B
39; 4, 780; 80, B
40; 4, 800; 80, B
41; 5, 820; 100, B
42; 6, 840; 120, B
42; 7, 840; 140, B
42; 8, 840; 160, B
39; 9, 780; 180, B
42; 9, 840; 180, B
42; 10, 840; 200, B
42; 11, 840; 220, B
42; 12, 840; 240, B
42; 13, 840; 260, B
42; 14, 840; 280, B
41; 14, 820; 280, B
40; 14, 800; 280, B
38; 10, 760; 200, B
38; 11, 760; 220, B
38; 12, 760; 240, B
38; 13, 760; 260, B
38; 14, 760; 280, B
38; 15, 760; 300, B
38; 16, 760; 320, B
38; 17, 760; 340, B
38; 18, 760; 360, B
38; 19, 760; 380, B
38; 20, 760; 400, B
39; 20, 780; 400, B
40; 20, 800; 400, B
41; 21, 820; 420, B
42; 21, 840; 420, B
43; 21, 860; 420, B
40; 21, 800; 420, B
44; 21, 880; 420, B
45; 21, 900; 420, B
46; 21, 920; 420, B
47; 21, 940; 420, B
48; 21, 960; 420, B
48; 16, 960; 320, B
48; 11, 960; 220, B
48; 6, 960; 120, B
42; 5, 840; 100, B
43; 4, 860; 80, B
44; 3, 880; 60, B
45; 2, 900; 40, B
46; 1, 920; 20, B
47; 0, 940; 0, B
49; 21, 980; 420, B
50; 21, 1000; 420, B
51; 21, 1020; 420, B
52; 21, 1040; 420, B
53; 21, 1060; 420, B
55; 21, 1100; 420, B
56; 21, 1120; 420, B
57; 21, 1140; 420, B
54; 21, 1080; 420, B
58; 21, 1160; 420, B
59; 21, 1180; 420, B
60; 21, 1200; 420, B
61; 21, 1220; 420, B
49; 17, 980; 340, B
49; 18, 980; 360, B
49; 19, 980; 380, B
49; 20, 980; 400, B
#spikes
27; 11, 540; 220, 1
28; 11, 560; 240, 1| move, 1.0, 560; 220, player, 560; 239; 20; 2
29; 7, 580; 140, 2
27; 7, 540; 140, 2
26; 8, 520; 165, 1
27; 5, 540; 100, 1
28; 7, 560; 140, 2| move, 0.5, 560; 160, 28; 6, 560; 101; 20; 20| move, 0.5, 560; 140, 28; 7, 560; 179; 20; 20
30; 7, 600; 140, 2| move, 0.5, 600; 140, 30; 7, 600; 179; 20; 20| move, 0.5, 600; 160, 30; 6, 600; 101; 20; 20
29; 2, 600; 40, 3| move, 0.5, 590; 40, 29; 2, 619; 40; 20; 20| move, 0.5, 600; 40, 29; 2, 571; 40; 20; 20
27; 2, 560; 40, 4| move, 0.5, 560; 40, 27; 2, 589; 40; 20; 20| move, 0.5, 570; 40, 27; 2, 541; 40; 20; 20
32; 7, 640; 140, 2
33; 8, 660; 170, 1
34; 7, 680; 130, 2
35; 8, 700; 170, 1
36; 7, 720; 130, 2
37; 8, 740; 170, 1
39; 8, 780; 160, 1
39; 10, 780; 200, 2
40; 13, 800; 260, 1
41; 13, 820; 260, 1
40; 15, 800; 300, 2
41; 15, 820; 300, 2
41; 20, 820; 400, 1
42; 20, 840; 400, 1
40; 19, 800; 390, 1
39; 19, 780; 385, 1
48; 7, 960; 130, 2
49; 6, 970; 120, 4
47; 6, 950; 120, 3
31; 5, 600; 100, 1
50; 20, 1000; 400, 1
51; 20, 1020; 400, 1
52; 20, 1040; 400, 1
48; 17, 960; 340, 2| alternate, 960; 340; 2, 940; 320; 3, 960; 300; 1, 980; 320; 4, 0.3, 48; 16, 960; 320; 20; 20
47; 11, 940; 220, 3| alternate, 940; 220; 3, 960; 200; 1, 980; 220; 4, 960; 240; 2, 0.2, 48; 11, 960; 220; 20; 20
53; 20, 1060; 405, 1
54; 20, 1080; 410, 1
52; 19, 1040; 380, 2
52; 18, 1040; 360, 1
52; 15, 1040; 300, 2
52; 14, 1040; 280, 1
52; 13, 1040; 260, 2
52; 12, 1040; 240, 1
52; 11, 1040; 220, 2
52; 10, 1040; 200, 1
52; 9, 1040; 180, 2
52; 8, 1040; 160, 1
52; 7, 1040; 140, 2
52; 6, 1040; 120, 1
52; 5, 1040; 100, 2
52; 4, 1040; 80, 1
52; 3, 1040; 60, 2
52; 2, 1040; 40, 1
52; 1, 1040; 20, 2
52; 0, 1040; 0, 1