#misc
area, 2
checkpoint, 54; 46
checkpoint, 48; 43
checkpoint, 39; 51
chai, 1126; 969
chai, 1106; 969
chai, 746; 1029
exit, 560; 870, 538; 1200; 64; 2, 2, Area2Select, 3
size, 1320, 1200
spawn, 1006, 1049, 1
name, 2 - 2
exitP, Exit Level, Area2Select, 103
index, 15
music, 2
#blocks
50; 53, 1000; 1060, B
51; 53, 1020; 1060, B
49; 53, 980; 1060, B
52; 52, 1040; 1040, B
48; 52, 960; 1040, B
52; 51, 1040; 1020, B
48; 51, 960; 1020, B
53; 50, 1060; 1000, B
47; 49, 940; 980, B
48; 48, 960; 960, B
48; 47, 960; 940, B
52; 47, 1040; 940, B
52; 48, 1040; 960, B
53; 49, 1060; 980, B
48; 46, 960; 920, B
48; 45, 960; 900, B
48; 44, 960; 880, B
49; 44, 980; 880, B
51; 44, 1020; 880, B
52; 44, 1040; 880, B
53; 44, 1060; 880, B
54; 44, 1080; 880, B
50; 44, 1000; 870, B
46; 49, 920; 980, B
46; 50, 920; 1000, B
46; 51, 920; 1020, B
46; 52, 920; 1040, B
48; 53, 960; 1060, B
46; 53, 920; 1060, B
46; 54, 920; 1080, B
46; 55, 920; 1100, B
47; 55, 940; 1100, B
48; 55, 960; 1100, B
52; 55, 1040; 1100, B
53; 54, 1060; 1080, B
54; 53, 1080; 1060, B
54; 52, 1080; 1040, B
55; 51, 1100; 1020, B
55; 50, 1100; 1000, B
55; 49, 1100; 980, B
54; 47, 1080; 940, B
55; 47, 1100; 940, B
56; 47, 1120; 940, B
57; 47, 1140; 940, B
53; 47, 1060; 940, B
53; 48, 1060; 960, B
56; 49, 1120; 980, B
57; 49, 1140; 980, B
57; 48, 1140; 960, B
58; 47, 1160; 940, B
58; 46, 1160; 920, B
58; 45, 1160; 900, B
58; 44, 1160; 880, B
58; 43, 1160; 860, B
58; 42, 1160; 840, B
58; 41, 1160; 820, B
57; 41, 1140; 820, B
56; 41, 1120; 820, B
55; 41, 1100; 820, B
54; 41, 1080; 820, B
53; 41, 1060; 820, B
51; 41, 1020; 820, B
50; 41, 1000; 830, B
49; 41, 980; 820, B
50; 43, 1000; 850, B| move, 0.5, 1000; 830, player, 1180; 761; 20; 62
51; 40, 1020; 800, B
51; 39, 1020; 780, B
51; 38, 1020; 760, B
51; 37, 1020; 740, B
52; 37, 1040; 740, B
54; 37, 1080; 740, B
55; 37, 1100; 740, B
56; 37, 1120; 740, B
57; 37, 1140; 740, B
58; 37, 1160; 740, B
53; 37, 1060; 740, B
59; 37, 1180; 740, B
60; 40, 1200; 800, B
60; 39, 1200; 780, B
60; 38, 1200; 760, B
59; 41, 1180; 820, R
47; 44, 940; 880, B
46; 44, 920; 880, B
48; 41, 960; 820, B
47; 41, 940; 820, B
46; 41, 920; 820, B
45; 45, 900; 900, B
44; 46, 880; 920, B
43; 46, 860; 920, B
42; 46, 840; 920, B
45; 40, 900; 800, B
40; 46, 800; 920, B
44; 39, 880; 780, B
43; 39, 860; 780, B
42; 39, 840; 780, B
41; 39, 820; 780, B
40; 39, 800; 780, B
39; 39, 780; 780, B
38; 39, 760; 780, B
37; 39, 740; 780, B
36; 39, 720; 780, B
35; 39, 700; 780, B
37; 46, 740; 920, B
47; 48, 940; 960, B
35; 46, 700; 920, B
34; 46, 680; 920, B| teleport, 640; 920, player, 721; 1000; 20; 38
33; 46, 660; 920, B
34; 39, 680; 780, B
33; 39, 660; 780, B
32; 45, 640; 900, B
31; 44, 620; 880, B
32; 40, 640; 800, B
31; 41, 620; 820, B
30; 41, 600; 820, B
29; 41, 580; 820, B
41; 46, 820; 920, B
36; 46, 720; 920, B
38; 49, 760; 978, B
39; 49, 780; 978, B
40; 49, 800; 980, B
40; 48, 800; 960, B
40; 47, 800; 940, B
37; 49, 740; 978, B
36; 49, 720; 978, B
35; 49, 700; 978, B
33; 51, 660; 1020, B
32; 47, 640; 940, B
32; 48, 640; 960, B
32; 49, 640; 980, B
32; 50, 640; 1000, B
34; 52, 680; 1040, B
35; 52, 700; 1040, B
36; 52, 720; 1040, B
37; 52, 740; 1040, B
38; 52, 760; 1040, B
39; 52, 780; 1040, B
40; 51, 800; 1020, B
40; 50, 800; 1000, B
28; 41, 560; 820, B
30; 44, 600; 880, B
27; 41, 540; 820, B
26; 41, 520; 820, B
26; 43, 520; 860, B
26; 44, 520; 880, B
26; 45, 520; 900, B
26; 46, 520; 920, B
26; 47, 520; 940, B
26; 42, 520; 840, B
30; 45, 600; 900, B
30; 46, 600; 920, B
30; 47, 600; 940, B
30; 48, 600; 960, B
30; 49, 600; 980, B
30; 50, 600; 1000, B
30; 51, 600; 1020, B
26; 48, 520; 960, B
26; 49, 520; 980, B
30; 52, 600; 1040, B
30; 53, 600; 1060, B
30; 54, 600; 1080, B
30; 55, 600; 1100, B
30; 56, 600; 1120, B
26; 50, 520; 1000, B
26; 51, 520; 1020, B
26; 55, 520; 1100, B
26; 56, 520; 1120, B
26; 54, 520; 1080, B
26; 53, 520; 1060, B
26; 52, 520; 1040, B
30; 58, 600; 1160, B
30; 57, 600; 1140, B
26; 57, 520; 1140, B
26; 58, 520; 1160, B
30; 59, 600; 1180, B
26; 59, 520; 1180, B
53; 55, 1060; 1100, B
54; 54, 1080; 1080, B
55; 52, 1100; 1040, B
39; 46, 780; 920, B| teleport, 780; 978, player, 719; 900; 20; 20
38; 46, 760; 920, B| teleport, 760; 978, player, 719; 900; 20; 20
51; 55, 1020; 1100, B
50; 55, 1000; 1100, B
49; 55, 980; 1100, B
#spikes
51; 51, 1020; 1020, 3
52; 49, 1040; 980, 3
51; 47, 1030; 940, 3
48; 49, 960; 980, 4
49; 51, 980; 1020, 4
49; 52, 980; 1040, 4
51; 52, 1020; 1040, 3| front
49; 47, 970; 940, 4
47; 51, 930; 1020, 4
47; 53, 950; 1060, 3
48; 54, 955; 1098, 1| move, 3.0, 1035; 1098, 48; 54, 936; 1100; 20; 20| move, 3.0, 955; 1098, 48; 54, 1050; 1100; 20; 20| teleport, 995; 1100, player, 1100; 960; 20; 20
53; 52, 1070; 1040, 3
52; 53, 1036; 1042, 2
54; 49, 1062; 980, 4
54; 50, 1098; 1000, 3
55; 44, 1097; 880, 4
57; 46, 1140; 930, 1
56; 46, 1120; 930, 1
56; 42, 1120; 830, 2
57; 42, 1140; 830, 2
53; 40, 1060; 800, 1
40; 42, 795; 840, 1
40; 43, 795; 860, 2
40; 44, 795; 880, 1
40; 45, 795; 900, 2
42; 42, 845; 840, 1
42; 43, 845; 860, 2
42; 44, 845; 880, 1
42; 45, 845; 900, 2
37; 42, 745; 840, 1
37; 43, 745; 860, 2
37; 44, 745; 880, 1
37; 45, 745; 900, 2
41; 40, 820; 800, 2
38; 40, 770; 800, 2
35; 42, 695; 840, 1
35; 43, 695; 860, 2
35; 44, 695; 880, 1
35; 45, 695; 900, 2
36; 40, 720; 800, 2
33; 47, 660; 940, 4
33; 48, 657; 960, 4
33; 49, 655; 980, 4
34; 51, 680; 1020, 1
35; 51, 700; 1020, 1
31; 54, 620; 1080, 4
31; 56, 620; 1120, 4
31; 58, 620; 1160, 4
25; 58, 500; 1160, 3
25; 56, 500; 1120, 3
25; 54, 500; 1080, 3
31; 52, 620; 1040, 4
25; 52, 500; 1040, 3
25; 50, 500; 1000, 3
25; 48, 500; 960, 3
25; 46, 500; 920, 3
25; 44, 500; 880, 3
25; 42, 500; 840, 3
27; 40, 540; 800, 1
29; 40, 580; 800, 1
28; 42, 560; 840, 2
27; 43, 540; 860, 4
27; 45, 540; 900, 4
27; 47, 540; 940, 4
27; 49, 540; 980, 4
27; 51, 540; 1020, 4
27; 53, 540; 1060, 4
27; 55, 540; 1100, 4
27; 57, 540; 1140, 4
27; 59, 540; 1180, 4
29; 59, 580; 1180, 3
29; 57, 580; 1140, 3
29; 55, 580; 1100, 3
29; 53, 580; 1060, 3
29; 51, 580; 1020, 3
29; 49, 580; 980, 3
29; 47, 580; 940, 3
29; 45, 580; 900, 3
30; 43, 600; 865, 1
55; 40, 1108; 803, 1
57; 40, 1156; 800, 1
54; 38, 1084; 757, 2
56; 38, 1132; 757, 2