#misc
area, 2
checkpoint, 42; 22
checkpoint, 64; 28
checkpoint, 30; 22
checkpoint, 56; 22
chai, 566; 249
chai, 586; 209
chai, 706; 149
exit, 1130; 840, 1112; 1000; 52; 2, 2, Area2Select, 10
size, 1560, 1000
spawn, 586, 449, 1
name, 2 - 9
exitP, Exit Level, Area2Select, 110
lock, 5, 580, 320, B
index, 22
music, 2
#blocks
30; 23, 600; 460, B
29; 23, 580; 460, B
28; 23, 560; 460, B
27; 23, 540; 460, B
27; 22, 540; 440, B
27; 21, 540; 420, B
31; 23, 620; 460, B
32; 21, 640; 420, B
32; 22, 640; 440, B
32; 23, 640; 460, B
33; 23, 660; 460, B
34; 20, 680; 400, B
34; 21, 680; 420, B
34; 22, 680; 440, B
34; 23, 680; 460, B
35; 23, 700; 460, B
36; 22, 720; 440, B
36; 23, 720; 460, B
37; 23, 740; 460, B
38; 23, 760; 460, B
38; 22, 760; 440, B
38; 21, 760; 420, B
27; 20, 540; 400, B
27; 17, 540; 340, B
27; 16, 540; 320, B
28; 16, 560; 320, B
30; 16, 600; 320, B
36; 16, 720; 320, B
35; 16, 700; 320, B
34; 16, 680; 320, B
33; 16, 660; 320, B
32; 16, 640; 320, B
31; 16, 620; 320, B
37; 16, 740; 320, B
38; 16, 760; 320, B
39; 16, 780; 320, B
40; 16, 800; 320, B
40; 22, 800; 440, B
40; 23, 800; 460, B
41; 23, 820; 460, B
42; 23, 840; 460, B
36; 17, 720; 340, B
40; 17, 800; 340, B
27; 19, 540; 380, B
26; 19, 520; 380, B
25; 19, 500; 380, B
25; 18, 500; 360, B
25; 17, 500; 340, B
25; 16, 500; 320, B
25; 15, 500; 300, B
25; 14, 500; 280, B
26; 14, 520; 280, B
28; 15, 560; 300, B
28; 14, 560; 280, B
28; 13, 560; 260, B
26; 11, 520; 220, B
27; 11, 540; 220, B
28; 11, 560; 220, B
30; 11, 600; 220, B
30; 12, 600; 240, B
30; 13, 600; 260, B
30; 14, 600; 280, B
29; 11, 580; 220, B
30; 15, 600; 300, B
24; 14, 480; 280, B
23; 14, 460; 280, B
23; 13, 460; 260, B
23; 12, 460; 240, B
23; 11, 460; 220, B
23; 10, 460; 200, B
23; 9, 460; 180, B
23; 8, 460; 160, B
24; 8, 480; 160, B
25; 8, 500; 160, B
26; 8, 520; 160, B
27; 8, 540; 160, B
28; 8, 560; 160, B
30; 8, 600; 160, B
30; 9, 600; 180, B
30; 10, 600; 200, B
40; 18, 800; 360, B
38; 17, 760; 340, B
36; 18, 720; 360, B
32; 17, 640; 340, B
28; 7, 560; 140, B
28; 6, 560; 120, B
28; 5, 560; 100, B
29; 5, 580; 100, B
30; 5, 600; 100, B
31; 5, 620; 100, B
32; 5, 640; 100, B
33; 5, 660; 100, B
34; 5, 680; 100, B
31; 8, 620; 160, B
32; 8, 640; 160, B
33; 8, 660; 160, B
34; 8, 680; 160, B
35; 8, 700; 160, B
36; 6, 720; 120, B
36; 5, 720; 100, B
35; 5, 700; 100, B
36; 8, 720; 160, B
36; 7, 720; 140, B
43; 23, 860; 460, B
41; 16, 820; 320, B
42; 16, 840; 320, B
43; 16, 860; 320, B
44; 16, 880; 320, B
44; 23, 880; 460, B
46; 22, 920; 440, B
46; 21, 920; 420, B
46; 18, 920; 360, B
46; 17, 920; 340, B
45; 16, 900; 320, B
46; 16, 920; 320, B
45; 23, 900; 460, B
46; 23, 920; 460, B
47; 23, 940; 460, B
48; 23, 960; 460, B
49; 23, 980; 460, B
50; 22, 1000; 440, B
50; 21, 1000; 420, B
50; 20, 1000; 400, B
50; 23, 1000; 460, B
47; 16, 940; 320, B
48; 16, 960; 320, B
49; 16, 980; 320, B
50; 16, 1000; 320, B
51; 16, 1020; 320, B
52; 16, 1040; 320, B
53; 16, 1060; 320, B
54; 16, 1080; 320, B
54; 17, 1080; 340, B
54; 18, 1080; 360, B
51; 23, 1020; 460, B
52; 23, 1040; 460, B
53; 23, 1060; 460, B
54; 23, 1080; 460, B
54; 20, 1080; 400, B| teleport, 1080; 440, player, 1059; 381; 2; 80
54; 19, 1080; 380, B| teleport, 1080; 420, player, 1059; 381; 2; 80
55; 23, 1100; 460, B
57; 23, 1140; 460, B
56; 23, 1120; 460, B
55; 16, 1100; 320, B
56; 16, 1120; 320, B
57; 16, 1140; 320, B
58; 23, 1160; 460, B
59; 23, 1180; 460, B
60; 23, 1200; 460, B
61; 23, 1220; 460, B
58; 16, 1160; 320, B
59; 16, 1180; 320, B
60; 16, 1200; 320, B
61; 16, 1220; 320, B
62; 23, 1240; 460, B
62; 16, 1240; 320, B
63; 16, 1260; 320, B
64; 16, 1280; 320, B
65; 16, 1300; 320, B
65; 17, 1300; 340, B
65; 18, 1300; 360, B
65; 19, 1300; 380, B
65; 20, 1300; 400, B
65; 21, 1300; 420, B
65; 22, 1300; 440, B
65; 23, 1300; 460, B
65; 24, 1300; 480, B
63; 23, 1260; 460, B
63; 24, 1260; 480, B
63; 25, 1260; 500, B
63; 26, 1260; 520, B
63; 22, 1250; 440, B
65; 25, 1300; 500, B
65; 26, 1300; 520, B
61; 29, 1220; 580, B
62; 29, 1240; 580, B
64; 29, 1280; 580, B
65; 29, 1300; 580, B
66; 29, 1320; 580, B
67; 29, 1340; 580, B
63; 29, 1260; 580, B
62; 26, 1240; 520, B
61; 26, 1220; 520, B
60; 26, 1200; 520, B
59; 26, 1180; 520, B
59; 27, 1180; 540, B
58; 27, 1160; 540, B
58; 28, 1160; 560, B
58; 29, 1160; 580, B
58; 30, 1160; 600, B
58; 31, 1160; 620, B
66; 26, 1320; 520, B
67; 26, 1340; 520, B
68; 26, 1360; 520, B
69; 26, 1380; 520, B
69; 27, 1380; 540, B
70; 27, 1400; 540, B
70; 28, 1400; 560, B
70; 29, 1400; 580, B
70; 30, 1400; 600, B
70; 31, 1400; 620, B
70; 32, 1400; 640, B
58; 32, 1160; 640, B
67; 30, 1340; 600, B
67; 31, 1340; 620, B
67; 32, 1340; 640, B
61; 30, 1220; 600, B
61; 31, 1220; 620, B
61; 32, 1220; 640, B
67; 33, 1340; 660, B
67; 34, 1340; 680, B
67; 35, 1340; 700, B
67; 36, 1340; 720, B
67; 37, 1340; 740, B
67; 38, 1340; 760, B
67; 39, 1340; 780, B
70; 39, 1400; 780, B
70; 38, 1400; 760, B
70; 37, 1400; 740, B
70; 36, 1400; 720, B
70; 35, 1400; 700, B
70; 34, 1400; 680, B
70; 33, 1400; 660, B
61; 33, 1220; 660, B
61; 34, 1220; 680, B
61; 35, 1220; 700, B
58; 33, 1160; 660, B
58; 34, 1160; 680, B
58; 35, 1160; 700, B
58; 36, 1160; 720, B
58; 37, 1160; 740, B
58; 38, 1160; 760, B
58; 39, 1160; 780, B
58; 40, 1160; 800, B
61; 36, 1220; 720, B
61; 37, 1220; 740, B
61; 39, 1220; 780, B
61; 40, 1220; 800, B
61; 38, 1220; 760, B
58; 45, 1160; 900, B
60; 45, 1200; 900, B
61; 45, 1220; 900, B
61; 44, 1220; 880, B
61; 43, 1220; 860, B
61; 42, 1220; 840, B
61; 41, 1220; 820, B
59; 45, 1180; 900, B
58; 44, 1160; 880, B
57; 40, 1140; 800, B
56; 40, 1120; 800, B
55; 40, 1100; 800, B
55; 41, 1100; 820, B
55; 42, 1100; 840, B
55; 43, 1100; 860, B
55; 44, 1100; 880, B
55; 45, 1100; 900, B
55; 46, 1100; 920, B
55; 47, 1100; 940, B
58; 46, 1160; 920, B
58; 47, 1160; 940, B
58; 48, 1160; 960, B
55; 49, 1100; 980, B
55; 48, 1100; 960, B
58; 49, 1160; 980, B
50; 19, 1000; 380, B| move, 1.0, 1000; 340, 50; 19, 1000; 399; 20; 20| move, 1.0, 1000; 380, 50; 19, 1000; 321; 20; 20
39; 23, 780; 460, B
67; 40, 1340; 800, B
67; 41, 1340; 820, B
67; 42, 1340; 840, B
67; 43, 1340; 860, B
67; 44, 1340; 880, B
67; 45, 1340; 900, B
70; 45, 1400; 900, B
70; 44, 1400; 880, B
70; 43, 1400; 860, B
70; 42, 1400; 840, B
70; 41, 1400; 820, B
70; 40, 1400; 800, B
67; 46, 1340; 920, B
70; 46, 1400; 920, B
67; 47, 1340; 940, B
68; 47, 1360; 940, B
69; 47, 1380; 940, B
70; 47, 1400; 940, B
#spikes
32; 20, 640; 400, 1
34; 19, 680; 380, 1
36; 21, 720; 420, 1
38; 20, 760; 400, 1
40; 21, 800; 420, 1
26; 18, 520; 360, 4| alternate, 520; 360; 4, 520; 340; 4, 520; 320; 4, 520; 300; 4, 0.5, 25; 18, 500; 360; 20; 20
26; 13, 520; 260, 1
24; 15, 480; 280, 1| teleport, 540; 300, player, 500; 243; 20; 38
25; 11, 500; 220, 3
24; 13, 480; 260, 1
24; 9, 480; 180, 2
26; 9, 520; 180, 2
27; 10, 540; 203, 1
29; 12, 580; 220, 2| move, 0.5, 580; 320, player, 580; 312; 20; 8
40; 19, 800; 370, 2
32; 18, 640; 350, 2
36; 19, 720; 370, 2
38; 18, 760; 350, 2
34; 17, 680; 330, 2
30; 7, 600; 143, 1
31; 6, 620; 115, 2
33; 7, 660; 159, 2
34; 7, 680; 143, 1
45; 22, 900; 440, 3
45; 21, 900; 420, 3
45; 18, 900; 360, 3
45; 17, 900; 340, 3
49; 19, 980; 380, 3| move, 1.0, 980; 340, 50; 19, 1000; 399; 20; 20| move, 1.0, 980; 380, 50; 19, 1000; 321; 20; 20
49; 20, 980; 400, 3
49; 21, 980; 420, 3
49; 22, 980; 440, 3
53; 18, 1060; 360, 3
53; 17, 1060; 340, 3
53; 20, 1060; 400, 3| teleport, 1060; 440, player, 1059; 381; 2; 80
53; 19, 1060; 380, 3| teleport, 1060; 420, player, 1059; 381; 2; 80
59; 20, 1180; 400, 3
60; 19, 1200; 380, 1
60; 21, 1200; 420, 2
61; 20, 1220; 400, 4
63; 21, 1250; 430, 1
62; 22, 1230; 450, 1
64; 24, 1290; 480, 3
64; 22, 1270; 440, 4
60; 32, 1200; 640, 3
59; 36, 1180; 720, 4
60; 40, 1200; 800, 3
60; 44, 1200; 880, 1
59; 44, 1180; 880, 1
58; 43, 1160; 860, 1
50; 18, 1000; 380, 1| move, 1.0, 1000; 340, 50; 19, 1000; 399; 20; 20| move, 1.0, 1000; 380, 50; 19, 1000; 321; 20; 20
39; 24, 780; 460, 1| move, 1.0, 780; 440, player, 780; 412; 20; 20
68; 46, 1360; 920, 1
69; 46, 1380; 920, 1
58; 22, 1150; 440, 1