#misc
area, 2
checkpoint, 40; 20
checkpoint, 39; 17
checkpoint, 51; 27
chai, 606; 329
chai, 846; 269
chai, 706; 249
exit, 1000; 800, 990; 980; 40; 2, 2, Area2Select, 2
size, 1320, 980
spawn, 606, 409, 1
name, 2 - 1
exitP, Exit Level, Area2Select, 102
index, 14
music, 2
#blocks
31; 23, 620; 460, B
30; 23, 600; 460, B
29; 23, 580; 460, B
32; 23, 640; 460, B
33; 23, 660; 460, B
32; 18, 640; 360, B
33; 18, 660; 360, B
28; 22, 560; 440, B
28; 21, 560; 420, B
28; 20, 560; 400, B
28; 19, 560; 380, B
29; 18, 580; 360, B
30; 18, 600; 360, B
31; 18, 620; 360, B
30; 21, 600; 420, B
34; 23, 680; 460, B
35; 23, 700; 460, B
34; 18, 680; 360, B
35; 18, 700; 360, B
38; 18, 760; 360, B
39; 23, 780; 460, B
38; 23, 760; 460, B
37; 23, 740; 460, B
36; 23, 720; 460, B
33; 21, 660; 420, B
36; 21, 720; 420, B
37; 17, 740; 340, B
37; 16, 740; 320, B
36; 15, 720; 300, B
35; 15, 700; 300, B
34; 15, 680; 300, B
33; 15, 660; 300, B
32; 15, 640; 300, B
31; 15, 620; 300, B
30; 17, 600; 340, B
29; 16, 580; 320, B
30; 15, 600; 300, B
39; 18, 780; 360, B
37; 18, 740; 360, B
39; 21, 780; 420, B
40; 23, 800; 460, B
40; 21, 800; 420, B
41; 21, 820; 420, B
40; 18, 800; 360, B
41; 23, 820; 460, B
43; 16, 860; 320, B
42; 15, 840; 300, B
41; 14, 820; 280, B
40; 14, 800; 280, B
39; 14, 780; 280, B
38; 14, 760; 280, B
37; 12, 740; 240, B
38; 12, 760; 240, B
39; 12, 780; 240, B
40; 12, 800; 240, B
41; 12, 820; 240, B
42; 14, 840; 280, B
42; 12, 840; 240, B
43; 13, 860; 260, B
36; 14, 720; 280, B
35; 13, 700; 260, B
36; 11, 720; 220, B
34; 12, 680; 240, B
35; 11, 700; 220, B
44; 17, 880; 340, B
44; 18, 880; 360, B
44; 19, 880; 380, B
44; 20, 880; 400, B
44; 21, 880; 420, B
44; 22, 880; 440, B
44; 23, 880; 460, B
44; 24, 880; 480, B
44; 25, 880; 500, B
44; 26, 880; 520, B
41; 24, 820; 480, B
41; 25, 820; 500, B
41; 26, 820; 520, B
41; 27, 820; 540, B
41; 28, 820; 560, B
42; 28, 840; 560, B
43; 28, 860; 560, B
44; 28, 880; 560, B
45; 28, 900; 560, B
46; 26, 920; 516, B
45; 26, 900; 518, B
47; 28, 940; 560, B
46; 28, 920; 560, B
48; 28, 960; 560, B
49; 27, 980; 540, B
50; 26, 1000; 522, B
47; 25, 940; 496, B
48; 24, 960; 476, B
49; 23, 980; 456, B
50; 22, 1000; 436, B
49; 28, 980; 560, B
51; 23, 1020; 456, B
51; 28, 1020; 560, B
52; 28, 1040; 556, B
52; 27, 1040; 536, B
52; 26, 1040; 516, B
52; 25, 1040; 496, B
52; 24, 1040; 476, B
49; 29, 980; 580, B
49; 30, 980; 600, B
49; 31, 980; 620, B
49; 32, 980; 640, B
51; 29, 1020; 580, B
51; 30, 1020; 600, B
51; 31, 1020; 620, B
51; 32, 1020; 640, B
48; 33, 960; 660, B
52; 33, 1040; 660, B
47; 34, 940; 680, B
53; 34, 1060; 680, B
49; 37, 980; 740, B
49; 38, 980; 760, B
51; 37, 1020; 740, B
51; 38, 1020; 760, B
49; 39, 980; 780, B
50; 39, 1000; 780, B
47; 35, 940; 700, B
47; 36, 940; 720, B
47; 37, 940; 740, B
47; 38, 940; 760, B
47; 39, 940; 780, B
53; 35, 1060; 700, B
53; 36, 1060; 720, B
53; 37, 1060; 740, B
53; 38, 1060; 760, B
53; 39, 1060; 780, B
51; 39, 1020; 780, B
51; 40, 1020; 800, B
51; 41, 1020; 820, B
49; 40, 980; 800, B
49; 41, 980; 820, B
50; 42, 1000; 840, B
50; 43, 1000; 860, B
53; 40, 1060; 800, B
53; 41, 1060; 820, B
53; 42, 1060; 840, B
53; 43, 1060; 860, B
53; 44, 1060; 880, B
47; 40, 940; 800, B
47; 41, 940; 820, B
47; 42, 940; 840, B
47; 43, 940; 860, B
47; 44, 940; 880, B
47; 45, 940; 900, B
47; 46, 940; 920, B
53; 45, 1060; 900, B
53; 46, 1060; 920, B
48; 47, 960; 940, B
49; 48, 980; 960, B
51; 48, 1020; 960, B
52; 47, 1040; 940, B
50; 41, 1000; 820, B
#spikes
29; 22, 580; 440, 1
30; 22, 600; 440, 1
31; 22, 620; 440, 1
32; 22, 640; 440, 1
33; 22, 660; 440, 1
34; 22, 680; 440, 1
35; 22, 700; 440, 1
36; 22, 720; 443, 1
37; 22, 740; 445, 1
38; 22, 760; 445, 1
39; 22, 780; 443, 1
35; 17, 700; 340, 1| teleport, 740; 300, player, 700; 240; 20; 20| teleport, 700; 340, player, 840; 260; 20; 20
33; 17, 660; 340, 1| move, 1.0, 640; 340, player, 643; 348; 14; 8
31; 17, 620; 357, 2
40; 22, 800; 440, 1
41; 22, 820; 440, 1
37; 19, 740; 380, 2
38; 19, 760; 380, 2
39; 19, 780; 380, 2
40; 19, 800; 380, 2
41; 18, 820; 360, 4
40; 17, 800; 340, 1
41; 15, 820; 300, 2
42; 16, 840; 320, 2
43; 17, 860; 340, 2
38; 13, 760; 260, 1| alternate, 760; 260; 1, 780; 260; 1, 800; 260; 1, 820; 260; 1, 0.5, player, 780; 340; 20; 20| alternate, 800; 260; 1, 780; 260; 1, 760; 260; 1, 820; 260; 1, 0.5, player, 840; 260; 20; 20
42; 21, 840; 420, 4
43; 23, 860; 470, 3
42; 27, 840; 540, 1
49; 26, 980; 520, 1
50; 25, 1000; 502, 1
49; 36, 980; 720, 1
51; 36, 1020; 720, 1
50; 38, 1000; 760, 1
48; 34, 960; 680, 2
49; 33, 980; 660, 2
51; 33, 1020; 660, 2
52; 34, 1040; 680, 2
51; 42, 1020; 840, 2
49; 42, 980; 840, 2
50; 44, 1000; 880, 2
52; 46, 1040; 920, 1
51; 47, 1020; 940, 1
49; 47, 980; 940, 1
48; 46, 960; 920, 1