#misc
area, 2
checkpoint, 44; 29
checkpoint, 75; 33
checkpoint, 94; 33
chai, 1326; 589
chai, 1366; 549
chai, 2066; 549
exit, 2010; 650, 2120; 629; 2; 58, 4, Area2Select, 11
size, 2120, 840
spawn, 886, 389, 0
name, 2 - 10
exitP, Exit Level, Area2Select, 111
index, 23
music, 2
#blocks
43; 20, 860; 400, B
42; 20, 840; 400, B
40; 19, 800; 380, B
44; 20, 880; 400, B
45; 20, 900; 400, B
46; 20, 920; 400, B
48; 19, 960; 380, B
45; 23, 900; 460, B
45; 24, 900; 480, B
43; 23, 860; 460, B
43; 24, 860; 480, B
41; 18, 820; 360, B
42; 18, 840; 360, B
43; 18, 860; 360, B
44; 18, 880; 360, B
45; 18, 900; 360, B
46; 18, 920; 360, B
47; 18, 940; 360, B
40; 20, 800; 400, B
40; 21, 800; 420, B
40; 22, 800; 440, B
40; 23, 800; 460, B
41; 24, 820; 480, B
48; 20, 960; 400, B
48; 21, 960; 420, B
48; 22, 960; 440, B
48; 23, 960; 460, B
47; 24, 940; 480, B
42; 25, 840; 500, B
46; 25, 920; 500, B
42; 26, 840; 520, B
42; 27, 840; 540, B
42; 28, 840; 560, B
42; 29, 840; 580, B
46; 26, 920; 520, B
46; 27, 920; 540, B
46; 28, 920; 560, B
46; 29, 920; 580, B
42; 30, 840; 600, B
46; 30, 920; 600, B
43; 36, 860; 720, B
42; 35, 840; 700, B
42; 34, 840; 680, B
42; 33, 840; 660, B
42; 32, 840; 640, B
42; 31, 840; 620, B
44; 36, 880; 720, B
45; 36, 900; 720, B
46; 36, 920; 720, B
47; 36, 940; 720, B
48; 35, 960; 700, B
49; 34, 980; 680, B
50; 35, 1000; 700, B
51; 36, 1020; 720, B
52; 36, 1040; 720, B
53; 36, 1060; 720, B
54; 35, 1080; 700, B
55; 34, 1100; 680, B
56; 35, 1120; 700, B
57; 36, 1140; 720, B
58; 36, 1160; 720, B
47; 30, 940; 600, B
48; 30, 960; 600, B
49; 30, 980; 600, B
50; 30, 1000; 600, B
51; 30, 1020; 600, B
45; 30, 900; 600, B| teleport, 900; 360, player, 883; 580; 14; 20
44; 30, 880; 600, B| move, 1.0, 880; 680, player, 883; 580; 14; 20| move, 1.0, 1460; 680, 44; 30, 880; 699; 20; 20| front
43; 30, 860; 600, B| teleport, 860; 360, player, 883; 580; 14; 20
59; 36, 1180; 720, B
60; 35, 1200; 700, B
61; 34, 1220; 680, B
62; 35, 1240; 700, B
63; 36, 1260; 720, B
64; 36, 1280; 720, B
68; 36, 1360; 720, B
53; 30, 1060; 600, B
54; 30, 1080; 600, B
55; 30, 1100; 600, B
56; 30, 1120; 600, B
57; 30, 1140; 600, B
58; 30, 1160; 600, B
59; 30, 1180; 600, B
60; 30, 1200; 600, B
61; 30, 1220; 600, B
62; 30, 1240; 600, B
63; 30, 1260; 600, B
64; 30, 1280; 600, B
65; 30, 1300; 600, B
65; 36, 1300; 720, B
66; 36, 1320; 720, B
67; 36, 1340; 720, B
51; 29, 1020; 580, B
55; 28, 1100; 560, B
52; 28, 1040; 560, B
53; 28, 1060; 560, B
54; 28, 1080; 560, B
56; 28, 1120; 560, B
57; 28, 1140; 560, B
58; 28, 1160; 560, B
59; 28, 1180; 560, B
60; 28, 1200; 560, B
61; 28, 1220; 560, B
62; 28, 1240; 560, B
63; 28, 1260; 560, B
64; 28, 1280; 560, B
69; 36, 1380; 720, B
70; 36, 1400; 720, B
71; 36, 1420; 720, B
72; 36, 1440; 720, B
68; 30, 1360; 600, B
69; 30, 1380; 600, B
70; 30, 1400; 600, B
71; 30, 1420; 600, B
72; 30, 1440; 600, B
73; 35, 1460; 700, B
73; 30, 1460; 600, B
74; 34, 1480; 680, B
75; 34, 1500; 680, B
76; 34, 1520; 680, B
74; 30, 1480; 600, B
68; 29, 1360; 580, B
65; 28, 1300; 560, B
66; 30, 1320; 600, B
68; 28, 1360; 560, B
67; 28, 1340; 560, B
65; 27, 1300; 540, B
65; 26, 1300; 520, B
66; 25, 1320; 500, B
67; 25, 1340; 500, B
68; 25, 1360; 500, B
69; 28, 1380; 560, B
69; 27, 1380; 540, B
69; 26, 1380; 520, B
51; 28, 1020; 560, B
77; 34, 1540; 680, B
78; 34, 1560; 680, B
75; 29, 1500; 580, B
76; 28, 1520; 560, B
77; 28, 1540; 560, B
78; 28, 1560; 560, B
79; 28, 1580; 560, B
80; 28, 1600; 560, B
81; 28, 1620; 560, B
79; 34, 1580; 680, B
80; 34, 1600; 680, B
81; 34, 1620; 680, B
82; 34, 1640; 680, B
83; 34, 1660; 680, B
82; 28, 1640; 560, B
83; 28, 1660; 560, B
84; 34, 1680; 680, B
85; 34, 1700; 680, B
86; 34, 1720; 680, B
87; 34, 1740; 680, B
88; 34, 1760; 680, B
89; 34, 1780; 680, B
90; 34, 1800; 680, B
84; 28, 1680; 560, B
85; 28, 1700; 560, B
86; 28, 1720; 560, B
87; 28, 1740; 560, B
88; 28, 1760; 560, B
91; 34, 1820; 680, B
92; 34, 1840; 680, B
93; 34, 1860; 680, B
94; 34, 1880; 680, B
95; 34, 1900; 680, B
95; 28, 1900; 560, B
94; 28, 1880; 560, B
93; 28, 1860; 560, B
92; 28, 1840; 560, B
91; 28, 1820; 560, B
90; 28, 1800; 560, B
89; 28, 1780; 560, B
101; 28, 2020; 560, B
98; 28, 1960; 560, B
97; 28, 1940; 560, B
96; 28, 1920; 560, B
96; 34, 1920; 680, B
97; 34, 1940; 680, B
98; 34, 1960; 680, B
99; 34, 1980; 680, B
100; 34, 2000; 680, B
101; 34, 2020; 680, B
69; 25, 1380; 500, B
65; 25, 1300; 500, B
100; 29, 2000; 580, B
98; 27, 1960; 540, B
99; 26, 1980; 520, B
100; 25, 2000; 500, B
101; 25, 2020; 500, B
102; 25, 2040; 500, B
103; 25, 2060; 500, B
102; 28, 2040; 560, B
103; 28, 2060; 560, B
104; 28, 2080; 560, B
104; 27, 2080; 540, B
104; 26, 2080; 520, B
104; 25, 2080; 500, B
101; 30, 2020; 600, B
102; 31, 2040; 620, B
103; 31, 2060; 620, B
104; 31, 2080; 620, B
105; 31, 2100; 620, B
102; 34, 2040; 680, B
103; 34, 2060; 680, B
104; 34, 2080; 680, B
105; 34, 2100; 680, B
#spikes
47; 23, 940; 460, 1
41; 23, 820; 460, 1
46; 24, 920; 480, 1
42; 24, 840; 480, 1
43; 22, 860; 450, 1
45; 22, 900; 450, 1
46; 21, 920; 420, 2
44; 21, 880; 420, 2
42; 21, 840; 420, 2
45; 25, 900; 500, 2
43; 25, 860; 500, 2
44; 27, 880; 540, 1
44; 28, 880; 560, 2
43; 35, 860; 700, 1
44; 35, 880; 700, 1
45; 35, 900; 700, 1
46; 35, 920; 700, 1
47; 35, 940; 700, 1
48; 34, 960; 680, 1
49; 33, 980; 660, 1
50; 34, 1000; 680, 1
51; 35, 1020; 700, 1
52; 35, 1040; 700, 1
53; 35, 1060; 700, 1
54; 34, 1080; 680, 1
55; 33, 1100; 660, 1
56; 34, 1120; 680, 1
57; 35, 1140; 700, 1
58; 35, 1160; 700, 1
59; 35, 1180; 700, 1
60; 34, 1200; 680, 1
61; 33, 1220; 660, 1
62; 34, 1240; 680, 1
63; 35, 1260; 700, 1
64; 35, 1280; 700, 1
68; 35, 1360; 700, 1
65; 35, 1300; 700, 1
66; 35, 1320; 700, 1
67; 35, 1340; 700, 1
53; 29, 1060; 580, 1| alternate, 1060; 580; 1, 1080; 580; 1, 1100; 580; 1, 0.3, 53; 28, 1060; 560; 20; 20
56; 29, 1120; 580, 1| alternate, 1120; 580; 1, 1140; 580; 1, 1160; 580; 1, 0.3, 56; 28, 1120; 560; 20; 20
59; 29, 1180; 580, 1| alternate, 1180; 580; 1, 1200; 580; 1, 1220; 580; 1, 0.3, 59; 28, 1180; 560; 20; 20
62; 29, 1240; 580, 1| alternate, 1240; 580; 1, 1260; 580; 1, 1280; 580; 1, 0.3, 63; 30, 1260; 600; 20; 20
69; 35, 1380; 700, 1
70; 35, 1400; 700, 1
71; 35, 1420; 700, 1
72; 35, 1440; 700, 1
73; 34, 1460; 680, 1| teleport, 1460; 660, 44; 30, 1479; 680; 20; 20
66; 26, 1320; 517, 2
67; 27, 1340; 543, 1
68; 26, 1360; 517, 2
67; 31, 1340; 620, 2| move, 0.5, 1360; 620, player, 1300; 580; 20; 20
77; 33, 1540; 660, 2| move, 3.0, 1640; 660, 76; 32, 1501; 640; 20; 20| move, 3.0, 1540; 660, 78; 32, 1679; 640; 20; 20
78; 32, 1560; 640, 4| move, 3.0, 1660; 640, 76; 32, 1501; 640; 20; 20| move, 3.0, 1560; 640, 78; 32, 1679; 640; 20; 20
77; 31, 1540; 620, 1| move, 3.0, 1640; 620, 76; 32, 1501; 640; 20; 20| move, 3.0, 1540; 620, 78; 32, 1679; 640; 20; 20
76; 32, 1520; 640, 3| move, 3.0, 1620; 640, 76; 32, 1501; 640; 20; 20| move, 3.0, 1520; 640, 78; 32, 1679; 640; 20; 20
90; 31, 1800; 620, 1| move, 3.0, 1700; 620, 91; 32, 1839; 640; 20; 20| move, 3.0, 1800; 620, 89; 32, 1661; 640; 20; 20
90; 33, 1800; 660, 2| move, 3.0, 1700; 660, 91; 32, 1839; 640; 20; 20| move, 3.0, 1800; 660, 89; 32, 1661; 640; 20; 20
89; 32, 1780; 640, 3| move, 3.0, 1680; 640, 91; 32, 1839; 640; 20; 20| move, 3.0, 1780; 640, 89; 32, 1661; 640; 20; 20
91; 32, 1820; 640, 4| move, 3.0, 1720; 640, 91; 32, 1839; 640; 20; 20| move, 3.0, 1820; 640, 89; 32, 1661; 640; 20; 20
100; 28, 2000; 560, 1| alternate, 2000; 560; 1, 2020; 580; 4, 2000; 600; 2, 1980; 580; 3, 0.3, 101; 28, 2020; 560; 20; 20
100; 26, 2000; 520, 2
101; 26, 2020; 520, 2
102; 26, 2040; 520, 2
103; 26, 2060; 520, 2
97; 30, 1935; 600, 1
97; 32, 1935; 640, 1
97; 33, 1935; 660, 2
97; 31, 1935; 620, 2
99; 33, 1980; 660, 1
101; 31, 2020; 620, 2
102; 33, 2040; 660, 1
104; 33, 2080; 660, 1| teleport, 2080; 640; 2, player, 2080; 639; 2; 44