#misc
area, 2
checkpoint, 26; 53
checkpoint, 11; 56
checkpoint, 3; 50
chai, 406; 929
chai, 286; 989
chai, 266; 989
exit, 70; 1100, 0; 1078; 2; 64, 3, Area2Select, 6
size, 880, 1240
spawn, 526, 769, 0
name, 2 - 5
exitP, Exit Level, Area2Select, 106
lock, 2, 0, 1055, B
index, 18
music, 2
#blocks
26; 39, 520; 780, B
27; 39, 540; 780, B
25; 39, 500; 780, B
24; 38, 480; 760, B
28; 38, 560; 760, B
21; 38, 420; 760, B
21; 39, 420; 780, B
21; 40, 420; 800, B
31; 40, 620; 800, B
31; 39, 620; 780, B
31; 38, 620; 760, B
31; 37, 620; 740, B
29; 34, 580; 680, B
24; 34, 480; 680, B
25; 34, 500; 680, B
26; 34, 520; 680, B
27; 34, 540; 680, B
28; 34, 560; 680, B
24; 43, 480; 860, B
28; 43, 560; 860, B
21; 42, 420; 840, B
21; 41, 420; 820, B
22; 43, 440; 860, B
30; 43, 600; 860, B
31; 42, 620; 840, B
31; 41, 620; 820, B
29; 45, 580; 900, B
22; 44, 440; 880, B
24; 44, 480; 880, B
28; 44, 560; 880, B
30; 44, 600; 880, B
23; 45, 460; 900, B
29; 46, 580; 920, B
23; 46, 460; 920, B
29; 47, 580; 940, B
23; 47, 460; 940, B
24; 48, 480; 960, B
28; 48, 560; 960, B
25; 49, 500; 980, B
27; 49, 540; 980, B
29; 48, 580; 960, B
29; 49, 580; 980, B
29; 50, 580; 1000, B
29; 51, 580; 1020, B
29; 52, 580; 1040, B
29; 53, 580; 1060, B
29; 54, 580; 1080, B
28; 54, 560; 1080, B
27; 54, 540; 1080, B
26; 54, 520; 1080, B
25; 54, 500; 1080, B
24; 54, 480; 1080, B
23; 54, 460; 1080, B
22; 54, 440; 1080, B
22; 53, 440; 1060, B
22; 52, 440; 1040, B
22; 51, 440; 1020, B
21; 47, 420; 940, B
21; 46, 420; 920, B
21; 45, 420; 900, B
21; 44, 420; 880, B
21; 43, 420; 860, B
21; 54, 420; 1080, B
20; 54, 400; 1080, B
18; 54, 360; 1080, B
18; 53, 360; 1060, B
18; 52, 360; 1040, B
18; 51, 360; 1020, B
18; 50, 360; 1000, B
18; 49, 360; 980, B
20; 48, 400; 960, B
20; 47, 400; 940, B
19; 47, 380; 940, B
18; 47, 360; 940, B
20; 55, 400; 1100, B
16; 49, 320; 980, B
17; 49, 340; 980, B
15; 49, 300; 980, B
15; 48, 300; 960, B
15; 47, 300; 940, B
15; 46, 300; 920, B
15; 45, 300; 900, B
16; 45, 320; 900, B
17; 45, 340; 900, B
18; 45, 360; 900, B
19; 45, 380; 900, B
20; 45, 400; 900, B
20; 56, 400; 1120, B
20; 57, 400; 1140, B
19; 57, 380; 1140, B
18; 57, 360; 1140, B
17; 57, 340; 1140, B
16; 57, 320; 1140, B
15; 57, 300; 1140, B
14; 57, 280; 1140, B
13; 57, 260; 1140, B
12; 57, 240; 1140, B
11; 57, 220; 1140, B
10; 57, 200; 1140, B
9; 57, 180; 1140, B
8; 57, 160; 1140, B
7; 57, 140; 1140, B
6; 57, 120; 1140, B
5; 57, 100; 1140, B
4; 57, 80; 1140, B
3; 57, 60; 1140, B
2; 57, 40; 1140, B
1; 57, 20; 1140, B
0; 57, 0; 1140, B
17; 53, 340; 1055, B
16; 53, 320; 1055, B
15; 53, 300; 1055, B
14; 53, 280; 1055, B
13; 53, 260; 1055, B
12; 53, 240; 1055, B
11; 53, 220; 1055, B
10; 53, 200; 1055, B
9; 53, 180; 1055, B
8; 53, 160; 1055, B
1; 53, 20; 1055, B
2; 53, 40; 1055, B
3; 53, 60; 1055, B
4; 53, 80; 1055, B
5; 53, 100; 1055, B
6; 53, 120; 1055, B
7; 53, 140; 1055, B
31; 36, 620; 720, B
21; 37, 420; 740, B
21; 36, 420; 720, B
30; 35, 600; 700, B
22; 35, 440; 700, B
23; 34, 460; 680, B
1; 52, 20; 1035, B
2; 51, 40; 1020, B
3; 51, 60; 1020, B
4; 51, 80; 1020, B
6; 51, 120; 1020, B
0; 49, 0; 980, B
1; 48, 20; 960, B
2; 48, 40; 960, B
5; 47, 100; 940, B
4; 47, 80; 940, B
3; 47, 60; 940, B
6; 47, 120; 940, B
7; 47, 140; 940, B
9; 47, 180; 940, B
8; 47, 160; 940, B
10; 47, 200; 940, B
11; 47, 220; 940, B
12; 47, 240; 940, B
13; 50, 260; 1000, B
14; 50, 280; 1000, B
14; 47, 280; 940, B
13; 47, 260; 940, B
7; 50, 140; 1000, B
8; 50, 160; 1000, B
9; 50, 180; 1000, B
10; 50, 200; 1000, B
11; 50, 220; 1000, B
12; 50, 240; 1000, B
#spikes
27; 40, 540; 800, 2
25; 40, 500; 800, 2
26; 40, 520; 800, 2
24; 39, 480; 780, 2
28; 39, 560; 780, 2
28; 37, 560; 740, 1
24; 37, 480; 740, 1
29; 35, 580; 700, 2
23; 35, 460; 700, 2
28; 42, 560; 840, 1
24; 42, 480; 840, 1
22; 38, 440; 760, 4
22; 39, 440; 780, 4
22; 40, 440; 800, 4
22; 37, 440; 740, 4
30; 37, 600; 740, 3
30; 38, 600; 760, 3
30; 39, 600; 780, 3
30; 40, 600; 800, 3
25; 35, 500; 700, 2
26; 35, 520; 700, 2
27; 35, 540; 700, 2
22; 42, 440; 840, 4
22; 41, 440; 820, 4
30; 42, 600; 840, 3
30; 41, 600; 820, 3
23; 44, 460; 880, 1
29; 44, 580; 880, 1
24; 45, 480; 900, 2
22; 45, 440; 900, 2
28; 45, 560; 900, 2
30; 45, 600; 900, 2
31; 43, 620; 860, 2
28; 47, 560; 940, 1
25; 48, 500; 960, 1
24; 47, 480; 940, 1
27; 48, 540; 960, 1
28; 49, 560; 980, 2
23; 48, 460; 960, 2
24; 49, 480; 980, 2
27; 50, 540; 1000, 2
25; 50, 500; 1000, 2
22; 50, 440; 1000, 1
21; 48, 420; 960, 2
23; 53, 460; 1060, 1
21; 53, 420; 1060, 1
19; 53, 380; 1060, 1| move, 1.5, 400; 1060, player, 400; 1078; 20; 2
19; 49, 380; 980, 2| move, 1.5, 400; 980, player, 400; 1078; 20; 2
17; 51, 360; 1020, 4| move, 1.5, 380; 1020, player, 400; 1078; 20; 2
16; 48, 330; 967, 1
16; 46, 320; 913, 2
10; 55, 200; 1100, 1
10; 56, 200; 1120, 2
12; 55, 240; 1100, 1
12; 56, 240; 1120, 2
14; 55, 280; 1100, 1
14; 56, 280; 1120, 2
16; 55, 320; 1100, 1
16; 56, 320; 1120, 2
9; 55, 180; 1100, 1| move, 0.5, 160; 1100, 9; 55, 199; 1100; 20; 20| move, 0.5, 180; 1100, 9; 55, 141; 1100; 20; 20
9; 56, 180; 1120, 2| move, 0.5, 160; 1120, 9; 55, 199; 1100; 20; 20| move, 0.5, 180; 1120, 9; 55, 141; 1100; 20; 20
6; 55, 120; 1100, 1| move, 0.5, 140; 1100, 6; 55, 101; 1100; 20; 20| move, 0.5, 120; 1100, 6; 55, 159; 1100; 20; 20
6; 56, 120; 1120, 2| move, 0.5, 140; 1120, 6; 55, 101; 1100; 20; 20| move, 0.5, 120; 1120, 6; 55, 159; 1100; 20; 20
5; 55, 100; 1100, 1| move, 0.5, 80; 1100, 9; 55, 199; 1100; 20; 20| move, 0.5, 100; 1100, 9; 55, 141; 1100; 20; 20| front
5; 56, 100; 1120, 2| move, 0.5, 80; 1120, 9; 55, 199; 1100; 20; 20| move, 0.5, 100; 1120, 9; 55, 141; 1100; 20; 20
2; 55, 40; 1100, 1| move, 0.5, 60; 1100, 6; 55, 101; 1100; 20; 20| move, 0.5, 40; 1100, 6; 55, 159; 1100; 20; 20| front
2; 56, 40; 1120, 2| move, 0.5, 60; 1120, 6; 55, 101; 1100; 20; 20| move, 0.5, 40; 1120, 6; 55, 159; 1100; 20; 20
22; 36, 440; 720, 4
30; 36, 600; 720, 3
4; 50, 80; 1000, 1
5; 48, 100; 960, 2
2; 52, 40; 1035, 1
3; 52, 60; 1035, 1
4; 52, 80; 1035, 1
5; 52, 100; 1035, 1
6; 52, 120; 1035, 1
7; 52, 140; 1035, 1
6; 50, 120; 1000, 3
8; 52, 160; 1035, 1
9; 52, 180; 1035, 1
10; 52, 200; 1035, 1
11; 52, 220; 1035, 1
12; 52, 240; 1035, 1
13; 52, 260; 1035, 1
14; 52, 280; 1035, 1
15; 52, 300; 1035, 1
16; 52, 320; 1035, 1
17; 52, 340; 1035, 1
7; 48, 140; 941, 1
8; 48, 160; 941, 1
9; 48, 180; 941, 1
10; 48, 200; 941, 1
11; 48, 220; 941, 1
12; 48, 240; 941, 1
13; 48, 260; 941, 1
14; 48, 280; 941, 1
6; 48, 120; 941, 1
17; 47, 351; 940, 3
12; 49, 240; 998, 1
11; 49, 220; 998, 1
10; 49, 200; 998, 1
9; 49, 180; 998, 1
8; 49, 160; 998, 1
7; 49, 140; 998, 1