#misc
area, 2
checkpoint, 11; 25
chai, 366; 309
chai, 406; 309
chai, 426; 309
exit, 100; 680, 0; 615; 2; 124, 3, Area2Select, 9
size, 760, 820
spawn, 706, 389, 0
name, 2 - 8
exitP, Exit Level, Area2Select, 109
lock, 4, 380, 300, B
index, 21
music, 2
#blocks
34; 20, 680; 400, B
35; 20, 700; 400, B
36; 20, 720; 400, B
37; 20, 740; 400, B
37; 19, 740; 380, B
37; 18, 740; 360, B
37; 17, 740; 340, B
37; 16, 740; 320, B
36; 16, 720; 320, B
35; 16, 700; 320, B
34; 16, 680; 320, B
33; 20, 660; 400, B
32; 20, 640; 400, B
33; 16, 660; 320, B
32; 16, 640; 320, B
31; 16, 620; 320, B
30; 16, 600; 320, B
29; 16, 580; 320, B
28; 16, 560; 320, B
27; 16, 540; 320, B
26; 16, 520; 320, B
25; 16, 500; 320, B
24; 16, 480; 320, B
23; 16, 460; 320, B
22; 16, 440; 320, B
31; 20, 620; 400, B
30; 20, 600; 400, B
29; 20, 580; 400, B
27; 20, 540; 400, B
26; 20, 520; 400, B
24; 20, 480; 400, B
23; 20, 460; 400, B
19; 20, 380; 400, B
18; 20, 360; 400, B
17; 20, 340; 400, B
21; 16, 420; 320, B
20; 16, 400; 320, B
19; 16, 380; 320, B
18; 16, 360; 320, B
17; 16, 340; 320, B
16; 16, 320; 320, B
15; 16, 300; 320, B
14; 16, 280; 320, B
13; 18, 260; 360, B
13; 19, 260; 380, B
13; 20, 260; 400, B
13; 21, 260; 420, B
17; 21, 340; 420, B
17; 22, 340; 440, B
17; 23, 340; 460, B
17; 24, 340; 480, B
28; 21, 560; 420, B
25; 21, 500; 420, B
22; 20, 440; 400, B
21; 21, 420; 420, B
20; 20, 400; 400, B
12; 18, 240; 360, B
12; 17, 240; 340, B
12; 16, 240; 320, B
12; 15, 240; 300, B
12; 14, 240; 280, B
13; 14, 260; 280, B
14; 14, 280; 280, B
15; 14, 300; 280, B
16; 14, 320; 280, B
17; 14, 340; 280, B
18; 14, 360; 280, B
19; 14, 380; 280, B
20; 14, 400; 280, B
21; 14, 420; 280, B
22; 14, 440; 280, B
22; 15, 440; 300, B
13; 26, 260; 520, B
14; 27, 280; 540, B
15; 27, 300; 540, B
16; 26, 320; 520, B
17; 25, 340; 500, B
12; 26, 240; 520, B
11; 26, 220; 520, B
10; 26, 200; 520, B
9; 26, 180; 520, B
9; 25, 180; 500, B
8; 21, 160; 420, B
9; 21, 180; 420, B
10; 21, 200; 420, B
11; 21, 220; 420, B
12; 21, 240; 420, B
7; 21, 140; 420, B
7; 22, 140; 440, B
7; 23, 140; 460, B
7; 24, 140; 480, B
7; 25, 140; 500, B
7; 26, 140; 520, B
7; 27, 140; 540, B
7; 28, 140; 560, B
7; 29, 140; 580, B
7; 30, 140; 600, B
7; 31, 140; 620, B
8; 31, 160; 620, B
9; 31, 180; 620, B
11; 30, 220; 600, B
11; 29, 220; 580, B
11; 28, 220; 560, B
11; 27, 220; 540, B
11; 31, 220; 620, B
11; 32, 220; 640, B
11; 33, 220; 660, B
11; 34, 220; 680, B
11; 35, 220; 700, B
11; 36, 220; 720, B
11; 37, 220; 740, B
10; 37, 200; 740, B
7; 37, 140; 740, B
6; 37, 120; 740, B
2; 37, 40; 740, B| teleport, 60; 740, player, 21; 738; 38; 2| teleport, 40; 740, player, 3; 739; 14; 2
1; 37, 20; 740, B| teleport, 20; 740, player, 3; 739; 14; 2| teleport, 0; 740, player, 21; 738; 38; 2
0; 40, 0; 800, B
1; 40, 20; 800, B
2; 40, 40; 800, B
3; 40, 60; 800, B
4; 40, 80; 800, B
5; 40, 100; 800, B
6; 40, 120; 800, B
7; 40, 140; 800, B
8; 40, 160; 800, B
9; 40, 180; 800, B
10; 40, 200; 800, B
11; 40, 220; 800, B
11; 39, 220; 780, B
11; 38, 220; 760, B
#spikes
33; 18, 660; 360, 4| move, 7.0, 380; 360, 33; 18, 679; 360; 20; 20| move, 7.0, 660; 360, 31; 18, 321; 360; 20; 20
31; 18, 620; 360, 3| move, 7.0, 340; 360, 33; 18, 679; 360; 20; 20| move, 7.0, 620; 360, 31; 18, 321; 360; 20; 20
32; 19, 640; 380, 2| move, 7.0, 360; 380, 33; 18, 679; 360; 20; 20| move, 7.0, 640; 380, 31; 18, 321; 360; 20; 20
32; 17, 640; 340, 1| move, 7.0, 360; 340, 33; 18, 679; 360; 20; 20| move, 7.0, 640; 340, 31; 18, 321; 360; 20; 20
13; 17, 260; 358, 4| move, 5.0, 292; 280; 2, player, 280; 319; 10; 2
13; 16, 270; 320, 3
15; 13, 300; 280, 2| move, 4.0, 300; 320, player, 306; 300; 8; 20
16; 25, 320; 500, 1
15; 26, 300; 520, 1
14; 26, 280; 520, 1
13; 25, 260; 500, 1
13; 22, 260; 440, 2
9; 24, 180; 480, 1
10; 22, 200; 440, 2
8; 22, 160; 440, 2
9; 29, 180; 585, 2
9; 28, 180; 565, 1
0; 39, 0; 780, 1
1; 39, 20; 780, 1
2; 39, 40; 780, 1
3; 39, 60; 780, 1
4; 39, 80; 780, 1
5; 39, 100; 780, 1
6; 39, 120; 780, 1
7; 39, 140; 780, 1
8; 39, 160; 780, 1
9; 39, 180; 780, 1
10; 39, 200; 780, 1
8; 30, 160; 600, 1