#misc
area, 2
checkpoint, 28; 36
checkpoint, 19; 36
checkpoint, 49; 33
chai, 446; 749
chai, 426; 689
chai, 406; 729
exit, 1000; 725, 990; 960; 40; 2, 2, Area2Select, 4
exit, 605; 680, 1040; 670; 2; 40, 4, decor, 1
size, 1200, 960
spawn, 646, 849, 0
name, 2 - 3
exitP, Exit Level, Area2Select, 104
lock, 1, 400, 700, B
index, 16
music, 2
#blocks
33; 43, 660; 860, B
34; 43, 680; 860, B
32; 43, 640; 860, B
31; 43, 620; 860, B
30; 43, 600; 860, B
29; 43, 580; 860, B
28; 43, 560; 860, B
28; 42, 560; 840, B
27; 38, 540; 760, B
28; 37, 560; 740, B
29; 38, 580; 760, B
30; 38, 600; 760, B
31; 38, 620; 760, B
32; 38, 640; 760, B
33; 38, 660; 760, B
35; 42, 700; 840, B
35; 41, 700; 820, B
35; 40, 700; 800, B
35; 39, 700; 780, B
34; 38, 680; 760, B
27; 43, 540; 860, B
26; 42, 520; 840, B
26; 43, 520; 860, B
25; 43, 500; 860, B
25; 38, 500; 760, B
26; 37, 520; 740, B
24; 43, 480; 860, B
23; 43, 460; 860, B
23; 42, 460; 840, B
23; 41, 460; 820, B
23; 40, 460; 800, B
23; 39, 460; 780, B
23; 38, 460; 760, B
24; 35, 480; 700, B
23; 35, 460; 700, B
22; 35, 440; 700, B
22; 38, 440; 760, B
21; 37, 420; 740, B
21; 36, 420; 720, B
27; 37, 540; 740, B
27; 36, 540; 720, B
25; 34, 500; 680, B
26; 33, 520; 660, B
28; 33, 560; 660, B
27; 33, 540; 669, B
32; 36, 640; 720, B
24; 31, 480; 615, B
26; 30, 520; 600, B
25; 30, 500; 595, B
23; 31, 460; 620, B| move, 1.0, 460; 600, 23; 32, 460; 659; 20; 20| move, 1.0, 460; 640, 23; 31, 460; 581; 20; 20
21; 35, 420; 700, B
19; 33, 380; 660, B
19; 32, 380; 640, B
19; 31, 380; 620, B
20; 30, 400; 600, B
21; 30, 420; 600, B
22; 30, 440; 600, B
23; 30, 460; 600, B
28; 30, 560; 600, B
29; 30, 580; 600, B
30; 30, 600; 600, B
31; 30, 620; 600, B
32; 30, 640; 600, B
33; 30, 660; 600, B
34; 30, 680; 600, B
27; 30, 540; 600, B
19; 34, 380; 680, B
19; 35, 380; 700, B
20; 37, 400; 740, B
19; 37, 380; 740, B
18; 36, 360; 720, B
37; 34, 740; 680, B
41; 30, 820; 600, B
40; 30, 800; 600, B
39; 30, 780; 600, B
38; 30, 760; 600, B
37; 30, 740; 600, B
36; 30, 720; 600, B
35; 30, 700; 600, B
35; 38, 700; 760, B
36; 38, 720; 760, B
37; 38, 740; 760, B
38; 38, 760; 760, B
39; 38, 780; 760, B
40; 38, 800; 760, B
41; 38, 820; 760, B
41; 35, 820; 700, B
45; 33, 896; 668, B
46; 38, 920; 760, B
45; 38, 900; 760, B
44; 38, 880; 760, B
43; 38, 860; 760, B
42; 38, 840; 760, B
48; 38, 960; 760, B
47; 38, 940; 760, B
49; 30, 980; 600, B
48; 30, 960; 600, B
47; 30, 940; 600, B
46; 30, 920; 600, B
45; 30, 900; 600, B
44; 30, 880; 600, B
43; 30, 860; 600, B
42; 30, 840; 600, B
49; 34, 980; 680, B
50; 30, 1000; 600, B
50; 31, 1000; 620, B
50; 32, 1000; 640, B
50; 33, 1000; 660, B
50; 34, 1000; 680, B
51; 34, 1020; 680, B
51; 35, 1020; 700, B
51; 36, 1020; 720, B
51; 38, 1020; 760, B
51; 37, 1020; 740, B
49; 38, 980; 760, B
49; 39, 980; 780, B
49; 40, 980; 800, B
49; 41, 980; 820, B
49; 42, 980; 840, B
49; 43, 980; 860, B
49; 44, 980; 880, B
49; 45, 980; 900, B
51; 39, 1020; 780, B
51; 41, 1020; 820, B
51; 42, 1020; 840, B
51; 43, 1020; 860, B
51; 44, 1020; 880, B
51; 45, 1020; 900, B
51; 40, 1020; 800, B
49; 47, 980; 940, B
51; 47, 1020; 940, B
51; 46, 1020; 920, B
49; 46, 980; 920, B
35; 43, 700; 860, B
#spikes
28; 41, 560; 820, 1
29; 39, 580; 780, 2
27; 39, 540; 780, 2
28; 38, 560; 760, 2
30; 39, 600; 780, 2
31; 39, 620; 780, 2
32; 39, 640; 780, 2
33; 39, 660; 780, 2
34; 39, 680; 780, 2
27; 42, 540; 850, 1
26; 41, 520; 820, 1
26; 38, 520; 760, 2
25; 39, 500; 780, 2
23; 37, 460; 743, 1
24; 36, 480; 720, 2
25; 35, 500; 700, 2
26; 34, 520; 680, 2
27; 34, 540; 689, 2
28; 34, 560; 680, 2
27; 32, 540; 649, 1
29; 37, 580; 740, 1
30; 37, 600; 740, 1
31; 37, 620; 740, 1
32; 37, 640; 740, 1
33; 37, 660; 740, 1
34; 37, 680; 740, 1
26; 31, 520; 620, 2
25; 33, 503; 660, 3
25; 31, 500; 615, 2
24; 32, 480; 635, 2
23; 34, 460; 680, 1
23; 32, 460; 640, 2| move, 1.0, 460; 620, 23; 32, 460; 659; 20; 20| move, 1.0, 460; 660, 23; 31, 460; 581; 20; 20
35; 37, 700; 740, 1
36; 37, 720; 740, 1
37; 37, 740; 740, 1
39; 37, 780; 740, 1
40; 37, 800; 740, 1
41; 37, 820; 740, 1
35; 31, 700; 620, 2
36; 31, 720; 620, 2
37; 31, 740; 620, 2
38; 31, 760; 620, 2
39; 31, 780; 620, 2
40; 31, 800; 620, 2
41; 31, 820; 620, 2
28; 31, 560; 620, 2
29; 31, 580; 620, 2
30; 31, 600; 620, 2
31; 31, 620; 620, 2
32; 31, 640; 620, 2
33; 31, 660; 620, 2
34; 31, 680; 620, 2
42; 37, 840; 740, 1
43; 37, 860; 740, 1
44; 37, 880; 740, 1
45; 37, 900; 740, 1
46; 37, 920; 740, 1
47; 37, 940; 740, 1
48; 37, 960; 747, 1
49; 37, 980; 751, 1
49; 31, 980; 620, 2
48; 31, 960; 619, 2
47; 31, 940; 617, 2
46; 31, 920; 619, 2
45; 31, 900; 620, 2
44; 31, 880; 620, 2
43; 31, 860; 620, 2
42; 31, 840; 620, 2
48; 33, 947; 680, 1
48; 34, 947; 700, 2
38; 37, 760; 740, 1
49; 35, 980; 691, 2
50; 35, 1000; 691, 2
50; 47, 1012; 940, 3
50; 43, 988; 860, 4
50; 38, 1012; 780, 3