#misc
area, 2
checkpoint, 41; 32
chai, 746; 449
chai, 906; 529
chai, 646; 489
exit, 640; 700, 615; 880; 70; 2, 2, Area2Select, 7
size, 1040, 880
spawn, 486, 369, 1
name, 2 - 6
exitP, Exit Level, Area2Select, 107
index, 19
music, 2
#blocks
24; 19, 480; 380, B
25; 19, 500; 380, B
23; 19, 460; 380, B
22; 19, 440; 380, B
22; 18, 440; 360, B
22; 17, 440; 340, B
22; 16, 440; 320, B
22; 15, 440; 300, B
22; 14, 440; 280, B
23; 14, 460; 280, B
24; 14, 480; 280, B
25; 14, 500; 280, B
26; 14, 520; 280, B
27; 14, 540; 280, B
28; 14, 560; 280, B
27; 19, 540; 380, B| front| move, 1.0, 740; 380, player, 542; 378; 56; 2
28; 19, 560; 380, B| front| move, 1.0, 760; 380, player, 542; 378; 56; 2
29; 19, 580; 380, B| front| move, 1.0, 780; 380, player, 542; 378; 56; 2
26; 20, 520; 400, B
27; 21, 540; 400, B
28; 21, 560; 400, B
30; 19, 600; 380, B
31; 19, 620; 380, B
32; 20, 640; 400, B
33; 19, 660; 380, B
34; 19, 680; 380, B
35; 19, 700; 380, B
36; 20, 720; 400, B
37; 19, 740; 380, B
38; 19, 760; 380, B
39; 19, 780; 380, B
43; 19, 860; 380, B
29; 14, 580; 280, B
30; 14, 600; 280, B
31; 14, 620; 280, B
32; 14, 640; 280, B
33; 14, 660; 280, B
34; 14, 680; 280, B
35; 14, 700; 280, B
36; 14, 720; 280, B
37; 14, 740; 280, B
38; 14, 760; 280, B
39; 14, 780; 280, B
40; 14, 800; 280, B
41; 14, 820; 280, B
42; 14, 840; 280, B
43; 14, 860; 280, B
43; 15, 860; 300, B
43; 16, 860; 320, B
43; 17, 860; 340, B
43; 18, 860; 360, B
39; 23, 780; 460, B
38; 23, 760; 460, B
37; 23, 740; 460, B
36; 23, 720; 460, B
36; 22, 720; 440, B
36; 21, 720; 420, B
43; 20, 860; 400, B
43; 21, 860; 420, B
43; 22, 860; 440, B
43; 23, 860; 460, B
39; 24, 780; 480, B
39; 25, 780; 500, B
39; 26, 780; 520, B
43; 27, 860; 540, B
43; 28, 860; 560, B
44; 27, 880; 540, B
45; 27, 900; 540, B
46; 26, 920; 520, B
46; 25, 920; 500, B
46; 24, 920; 480, B
45; 23, 900; 460, B
44; 23, 880; 460, B
43; 29, 860; 580, B
43; 30, 860; 600, B
43; 31, 860; 620, B
43; 32, 860; 640, B
43; 33, 860; 660, B
42; 33, 840; 660, B
41; 33, 820; 660, B
40; 33, 800; 660, B
39; 33, 780; 660, B
38; 33, 760; 660, B
37; 33, 740; 660, B
39; 27, 780; 540, B
39; 28, 780; 560, B
36; 33, 720; 660, B
34; 33, 680; 660, B
33; 33, 660; 660, B
32; 33, 640; 660, B
31; 33, 620; 660, B
30; 33, 600; 660, B
33; 28, 660; 560, B
31; 28, 620; 560, B
34; 27, 680; 540, B
35; 26, 700; 520, B
30; 27, 600; 540, B
29; 26, 580; 520, B
29; 25, 580; 500, B
29; 24, 580; 480, B
30; 20, 580; 400, B
32; 25, 640; 500, B
31; 22, 620; 440, B
32; 22, 640; 440, B
33; 22, 660; 440, B
35; 25, 700; 500, B
35; 24, 700; 480, B
30; 23, 600; 460, B
34; 23, 680; 460, B
36; 34, 720; 680, B
36; 35, 720; 700, B
35; 35, 700; 700, B
34; 35, 680; 700, B
30; 35, 600; 700, B
29; 35, 580; 700, B
28; 35, 560; 700, B
28; 34, 560; 680, B
28; 33, 560; 660, B
28; 32, 560; 640, B
28; 31, 560; 620, B
28; 30, 560; 600, B
28; 29, 560; 580, B
28; 28, 560; 560, B
28; 27, 560; 540, B
30; 36, 600; 720, B
30; 37, 600; 740, B
30; 38, 600; 760, B
34; 36, 680; 720, B
34; 37, 680; 740, B
34; 38, 680; 760, B
30; 39, 600; 780, B
30; 40, 600; 800, B
30; 41, 600; 820, B
30; 42, 600; 840, B
30; 43, 600; 860, B
34; 39, 680; 780, B
34; 40, 680; 800, B
34; 41, 680; 820, B
34; 42, 680; 840, B
34; 43, 680; 860, B
#spikes
26; 19, 520; 380, 1
27; 20, 540; 380, 1
28; 20, 560; 380, 1
29; 20, 580; 380, 1
30; 18, 600; 360, 1
31; 18, 620; 360, 1
32; 19, 640; 380, 1
33; 18, 660; 360, 1
34; 18, 680; 360, 1
35; 18, 700; 360, 1
36; 19, 720; 380, 1
37; 18, 740; 360, 1
38; 18, 760; 360, 1
39; 18, 780; 360, 1
32; 15, 640; 290, 2
36; 15, 720; 290, 2
39; 21, 780; 420, 1
39; 22, 780; 440, 2
43; 24, 860; 475, 2
43; 26, 860; 525, 1
36; 30, 720; 600, 1
37; 30, 740; 600, 1
36; 31, 720; 620, 2
37; 31, 740; 620, 2
36; 32, 720; 640, 1
36; 28, 730; 545, 2
36; 27, 730; 525, 1
37; 32, 740; 640, 1
34; 30, 680; 600, 1
34; 31, 680; 620, 2
32; 30, 640; 600, 1
32; 31, 640; 620, 2
30; 30, 600; 600, 1
30; 31, 600; 620, 2
33; 29, 660; 570, 2
31; 29, 620; 570, 2
32; 26, 640; 520, 2
33; 25, 660; 500, 4
31; 25, 620; 500, 3
33; 32, 660; 650, 1
31; 32, 620; 650, 1
33; 38, 660; 760, 4| move, 0.5, 640; 760, 33; 38, 679; 760; 20; 20| move, 0.5, 660; 760, 32; 38, 601; 760; 20; 20
32; 38, 640; 760, 3| move, 0.5, 620; 760, 33; 38, 679; 760; 20; 20| move, 0.5, 640; 760, 32; 38, 601; 760; 20; 20
31; 43, 620; 860, 3| move, 0.5, 640; 860, 31; 43, 601; 860; 20; 20| move, 0.5, 620; 860, 32; 43, 679; 860; 20; 20
32; 43, 640; 860, 4| move, 0.5, 660; 860, 31; 43, 601; 860; 20; 20| move, 0.5, 640; 860, 32; 43, 679; 860; 20; 20
39; 30, 780; 600, 1
39; 31, 780; 620, 2
39; 32, 780; 640, 1
35; 33, 700; 660, 4| alternate, 700; 660; 4, 680; 680; 2, 0.8, 34; 33, 680; 660; 20; 20
29; 33, 580; 660, 3| alternate, 580; 660; 3, 600; 680; 2, 0.8, 30; 33, 600; 660; 20; 20