#misc
size, 460, 540
spawn, 0, 0, 0
name, BOSS
music, 8
#blocks
0; 6, 0; 120, O
0; 5, 0; 100, O
0; 4, 0; 80, O
0; 3, 0; 60, O
0; 2, 0; 40, O
0; 1, 0; 20, O
0; 0, 0; 0, O
1; 0, 20; 0, O
2; 0, 40; 0, O
3; 0, 60; 0, O
4; 0, 80; 0, O
5; 0, 100; 0, O
6; 0, 120; 0, O
7; 0, 140; 0, O
8; 0, 160; 0, O
9; 0, 180; 0, O
10; 0, 200; 0, O
11; 0, 220; 0, O
12; 0, 240; 0, O
13; 0, 260; 0, O
14; 0, 280; 0, O
15; 0, 300; 0, O
22; 4, 440; 80, O
22; 3, 440; 60, O
22; 2, 440; 40, O
22; 1, 440; 20, O
22; 0, 440; 0, O
21; 0, 420; 0, O
20; 0, 400; 0, O
19; 0, 380; 0, O
18; 0, 360; 0, O
17; 0, 340; 0, O
16; 0, 320; 0, O
22; 5, 440; 100, O
22; 6, 440; 120, O
22; 7, 440; 140, O
22; 8, 440; 160, O
22; 9, 440; 180, O
22; 10, 440; 200, O
22; 11, 440; 220, O
22; 12, 440; 240, O
22; 13, 440; 260, O
22; 14, 440; 280, O
22; 15, 440; 300, O
22; 16, 440; 320, O
22; 17, 440; 340, O
22; 18, 440; 360, O
22; 23, 440; 460, O
22; 22, 440; 440, O
22; 21, 440; 420, O
22; 20, 440; 400, O
22; 19, 440; 380, O
22; 24, 440; 480, O
21; 24, 420; 480, O
20; 24, 400; 480, O
19; 24, 380; 480, O
18; 24, 360; 480, O
17; 24, 340; 480, O
16; 24, 320; 480, O
15; 24, 300; 480, O
14; 24, 280; 480, O
13; 24, 260; 480, O
12; 24, 240; 480, O
11; 24, 220; 480, O
10; 24, 200; 480, O
9; 24, 180; 480, O
8; 24, 160; 480, O
7; 24, 140; 480, O
6; 24, 120; 480, O
5; 24, 100; 480, O
4; 24, 80; 480, O
3; 24, 60; 480, O
2; 24, 40; 480, O
1; 24, 20; 480, O
0; 18, 0; 360, O
0; 19, 0; 380, O
0; 20, 0; 400, O
0; 21, 0; 420, O
0; 22, 0; 440, O
0; 23, 0; 460, O
0; 24, 0; 480, O
0; 17, 0; 340, O
0; 16, 0; 320, O
0; 15, 0; 300, O
0; 14, 0; 280, O
0; 13, 0; 260, O
0; 12, 0; 240, O
0; 11, 0; 220, O
0; 10, 0; 200, O
0; 9, 0; 180, O
0; 8, 0; 160, O
0; 7, 0; 140, O
20; 22, 400; 440, O
20; 21, 400; 420, O
20; 20, 400; 400, O
19; 20, 380; 400, O
18; 20, 360; 400, O
17; 20, 340; 400, O
17; 19, 340; 380, O
17; 18, 340; 360, O
19; 17, 380; 340, O
20; 17, 400; 340, O
21; 17, 420; 340, O
2; 21, 40; 420, O
2; 22, 40; 440, O
2; 20, 40; 400, O
3; 20, 60; 400, O
4; 20, 80; 400, O
5; 20, 100; 400, O
5; 19, 100; 380, O
5; 18, 100; 360, O
1; 18, 20; 360, O
2; 18, 40; 360, O
3; 18, 60; 360, O
17; 17, 340; 340, O
5; 17, 100; 340, O
5; 16, 100; 320, O
3; 17, 60; 340, O
19; 16, 380; 320, O
19; 15, 380; 300, O
17; 16, 340; 320, O
17; 15, 340; 300, O
3; 16, 60; 320, O
5; 15, 100; 300, O
3; 15, 60; 300, O
5; 14, 100; 280, O
5; 13, 100; 260, O
5; 12, 100; 240, O
5; 11, 100; 220, O
4; 11, 80; 220, O
3; 11, 60; 220, O
2; 15, 40; 300, O
1; 15, 20; 300, O
2; 11, 40; 220, O
17; 14, 340; 280, O
20; 15, 400; 300, O
21; 15, 420; 300, O
17; 13, 340; 260, O
17; 12, 340; 240, O
17; 11, 340; 220, O
18; 11, 360; 220, O
19; 11, 380; 220, O
20; 11, 400; 220, O
17; 7, 340; 140, O
5; 7, 100; 140, O
#spikes
1; 1, 20; 20, 2
2; 1, 40; 20, 2
3; 1, 60; 20, 2
4; 1, 80; 20, 2
5; 1, 100; 20, 2
6; 1, 120; 20, 2
7; 1, 140; 20, 2
8; 1, 160; 20, 2
9; 1, 180; 20, 2
10; 1, 200; 20, 2
11; 1, 220; 20, 2
12; 1, 240; 20, 2
13; 1, 260; 20, 2
14; 1, 280; 20, 2
15; 1, 300; 20, 2
16; 1, 320; 20, 2
17; 1, 340; 20, 2
18; 1, 360; 20, 2
19; 1, 380; 20, 2
20; 1, 400; 20, 2
21; 1, 420; 20, 2
19; 18, 380; 360, 2
20; 18, 400; 360, 2
21; 18, 420; 360, 2
3; 21, 60; 420, 2
4; 21, 80; 420, 2
5; 21, 100; 420, 2
17; 21, 340; 420, 2
18; 21, 360; 420, 2
19; 21, 380; 420, 2
1; 21, 30; 420, 3
1; 20, 30; 400, 3
1; 22, 30; 440, 3
3; 12, 60; 240, 2
4; 12, 80; 240, 2
2; 12, 40; 240, 2
1; 14, 20; 280, 1
18; 12, 360; 240, 2
19; 12, 380; 240, 2
20; 12, 400; 240, 2| move, 4.5, 400; 300, player, 400; 280; 20; 20
20; 10, 400; 200, 1
17; 8, 340; 160, 2
5; 8, 100; 160, 2