#misc
size, 460, 540
spawn, 0, 0, 0
name, BOSS
music, 8
#blocks
0; 6, 0; 120, Pu
0; 5, 0; 100, Pu
0; 4, 0; 80, Pu
0; 3, 0; 60, Pu
0; 2, 0; 40, Pu
0; 1, 0; 20, Pu
0; 0, 0; 0, Pu
1; 0, 20; 0, Pu
2; 0, 40; 0, Pu
3; 0, 60; 0, Pu
4; 0, 80; 0, Pu
5; 0, 100; 0, Pu
6; 0, 120; 0, Pu
7; 0, 140; 0, Pu
8; 0, 160; 0, Pu
9; 0, 180; 0, Pu
10; 0, 200; 0, Pu
11; 0, 220; 0, Pu
12; 0, 240; 0, Pu
13; 0, 260; 0, Pu
14; 0, 280; 0, Pu
15; 0, 300; 0, Pu
22; 4, 440; 80, Pu
22; 3, 440; 60, Pu
22; 2, 440; 40, Pu
22; 1, 440; 20, Pu
22; 0, 440; 0, Pu
21; 0, 420; 0, Pu
20; 0, 400; 0, Pu
19; 0, 380; 0, Pu
18; 0, 360; 0, Pu
17; 0, 340; 0, Pu
16; 0, 320; 0, Pu
22; 5, 440; 100, Pu
22; 6, 440; 120, Pu
22; 7, 440; 140, Pu
22; 8, 440; 160, Pu
22; 9, 440; 180, Pu
22; 10, 440; 200, Pu
22; 11, 440; 220, Pu
22; 12, 440; 240, Pu
22; 13, 440; 260, Pu
22; 14, 440; 280, Pu
22; 15, 440; 300, Pu
22; 16, 440; 320, Pu
22; 17, 440; 340, Pu
22; 18, 440; 360, Pu
22; 23, 440; 460, Pu
22; 22, 440; 440, Pu
22; 21, 440; 420, Pu
22; 20, 440; 400, Pu
22; 19, 440; 380, Pu
22; 24, 440; 480, Pu
21; 24, 420; 480, Pu
20; 24, 400; 480, Pu
19; 24, 380; 480, Pu
18; 24, 360; 480, Pu
17; 24, 340; 480, Pu
16; 24, 320; 480, Pu
15; 24, 300; 480, Pu
14; 24, 280; 480, Pu
13; 24, 260; 480, Pu
12; 24, 240; 480, Pu
11; 24, 220; 480, Pu
10; 24, 200; 480, Pu
9; 24, 180; 480, Pu
8; 24, 160; 480, Pu
7; 24, 140; 480, Pu
6; 24, 120; 480, Pu
5; 24, 100; 480, Pu
4; 24, 80; 480, Pu
3; 24, 60; 480, Pu
2; 24, 40; 480, Pu
1; 24, 20; 480, Pu
0; 18, 0; 360, Pu
0; 19, 0; 380, Pu
0; 20, 0; 400, Pu
0; 21, 0; 420, Pu
0; 22, 0; 440, Pu
0; 23, 0; 460, Pu
0; 24, 0; 480, Pu
0; 17, 0; 340, Pu
0; 16, 0; 320, Pu
0; 15, 0; 300, Pu
0; 14, 0; 280, Pu
0; 13, 0; 260, Pu
0; 12, 0; 240, Pu
0; 11, 0; 220, Pu
0; 10, 0; 200, Pu
0; 9, 0; 180, Pu
0; 8, 0; 160, Pu
0; 7, 0; 140, Pu
2; 22, 40; 440, Pu
3; 22, 60; 440, Pu
4; 22, 80; 440, Pu
5; 22, 100; 440, Pu
5; 21, 100; 420, Pu
5; 20, 100; 400, Pu
5; 19, 100; 380, Pu
1; 19, 20; 380, Pu
2; 19, 40; 380, Pu
3; 19, 60; 380, Pu
19; 22, 380; 440, Pu
20; 22, 400; 440, Pu
18; 22, 360; 440, Pu
17; 22, 340; 440, Pu
17; 21, 340; 420, Pu
17; 20, 340; 400, Pu
17; 19, 340; 380, Pu
19; 19, 380; 380, Pu| front
20; 19, 400; 380, Pu| front
21; 19, 420; 380, Pu| front
19; 16, 380; 320, Pu
3; 16, 60; 320, Pu
18; 14, 360; 280, Pu
1; 14, 20; 280, Pu
18; 11, 360; 220, Pu
4; 11, 80; 220, Pu
19; 11, 380; 220, Pu
20; 11, 400; 220, Pu
21; 11, 420; 220, Pu| front
1; 11, 20; 220, Pu
2; 11, 40; 220, Pu
3; 11, 60; 220, Pu
4; 14, 80; 280, Pu
18; 9, 360; 180, Pu
17; 9, 340; 180, Pu
19; 9, 380; 180, Pu
20; 9, 400; 180, Pu
2; 9, 40; 180, Pu
5; 9, 100; 180, Pu
4; 9, 80; 180, Pu
3; 9, 60; 180, Pu
17; 7, 350; 163, Pu| front
4; 7, 90; 163, Pu| front
#spikes
1; 1, 20; 20, 2
2; 1, 40; 20, 2
3; 1, 60; 20, 2
4; 1, 80; 20, 2
5; 1, 100; 20, 2
6; 1, 120; 20, 2
7; 1, 140; 20, 2
8; 1, 160; 20, 2
9; 1, 180; 20, 2
10; 1, 200; 20, 2
11; 1, 220; 20, 2
12; 1, 240; 20, 2
13; 1, 260; 20, 2
14; 1, 280; 20, 2
15; 1, 300; 20, 2
16; 1, 320; 20, 2
17; 1, 340; 20, 2
18; 1, 360; 20, 2
19; 1, 380; 20, 2
20; 1, 400; 20, 2
21; 1, 420; 20, 2
2; 21, 40; 438, 1| move, 2.0, 90; 438, 2; 21, 21; 440; 20; 20| move, 2.0, 40; 438, 2; 21, 109; 440; 20; 20
19; 20, 380; 381, 1
20; 20, 400; 381, 1
21; 20, 420; 381, 1
18; 21, 360; 420, 1
1; 18, 20; 360, 1
2; 18, 40; 365, 1
5; 18, 100; 360, 1
17; 18, 340; 360, 1
20; 18, 400; 365, 1
21; 18, 420; 360, 1
3; 17, 60; 340, 2
19; 17, 380; 340, 2
4; 16, 80; 320, 4
18; 16, 360; 320, 3
5; 14, 100; 280, 4
17; 14, 340; 280, 3
19; 14, 380; 280, 4| alternate, 380; 280; 4, 80; 260; 1, 0.5, player, 60; 300; 20; 20
3; 14, 60; 280, 3| move, 3.5, 60; 360; 1, player, 60; 360; 20; 20
4; 15, 80; 300, 2
18; 15, 360; 300, 2
2; 14, 40; 280, 4
1; 15, 20; 300, 2
1; 13, 20; 260, 1
4; 12, 80; 240, 2
18; 12, 360; 240, 2
20; 12, 400; 240, 2
21; 12, 420; 220, 1| teleport, 424; 213, player, 418; 200; 2; 20
21; 13, 420; 240, 2
2; 12, 40; 240, 2
1; 12, 20; 240, 2
5; 8, 100; 160, 1
4; 8, 80; 160, 1
3; 8, 60; 160, 1
2; 8, 40; 160, 1
17; 8, 340; 160, 1
18; 8, 360; 160, 1
19; 8, 380; 160, 1
20; 8, 400; 160, 1