#misc
size, 460, 540
spawn, 0, 0, 0
name, BOSS
music, 8
#blocks
0; 6, 0; 120, R
0; 5, 0; 100, R
0; 4, 0; 80, R
0; 3, 0; 60, R
0; 2, 0; 40, R
0; 1, 0; 20, R
0; 0, 0; 0, R
1; 0, 20; 0, R
2; 0, 40; 0, R
3; 0, 60; 0, R
4; 0, 80; 0, R
5; 0, 100; 0, R
6; 0, 120; 0, R
7; 0, 140; 0, R
8; 0, 160; 0, R
9; 0, 180; 0, R
10; 0, 200; 0, R
11; 0, 220; 0, R
12; 0, 240; 0, R
13; 0, 260; 0, R
14; 0, 280; 0, R
15; 0, 300; 0, R
22; 4, 440; 80, R
22; 3, 440; 60, R
22; 2, 440; 40, R
22; 1, 440; 20, R
22; 0, 440; 0, R
21; 0, 420; 0, R
20; 0, 400; 0, R
19; 0, 380; 0, R
18; 0, 360; 0, R
17; 0, 340; 0, R
16; 0, 320; 0, R
22; 5, 440; 100, R
22; 6, 440; 120, R
22; 7, 440; 140, R
22; 8, 440; 160, R
22; 9, 440; 180, R
22; 10, 440; 200, R
22; 11, 440; 220, R
22; 12, 440; 240, R
22; 13, 440; 260, R
22; 14, 440; 280, R
22; 15, 440; 300, R
22; 16, 440; 320, R
22; 17, 440; 340, R
22; 18, 440; 360, R
22; 21, 440; 420, R
22; 20, 440; 400, R
22; 19, 440; 380, R
22; 24, 440; 480, R
17; 24, 340; 480, R
16; 24, 320; 480, R
15; 24, 300; 480, R
14; 24, 280; 480, R
13; 24, 260; 480, R
12; 24, 240; 480, R
11; 24, 220; 480, R
10; 24, 200; 480, R
9; 24, 180; 480, R
8; 24, 160; 480, R
7; 24, 140; 480, R
6; 24, 120; 480, R
5; 24, 100; 480, R
4; 24, 80; 480, R
3; 24, 60; 480, R
2; 24, 40; 480, R
1; 24, 20; 480, R
0; 18, 0; 360, R
0; 19, 0; 380, R
0; 20, 0; 400, R
0; 21, 0; 420, R
0; 22, 0; 440, R
0; 23, 0; 460, R
0; 24, 0; 480, R
0; 17, 0; 340, R
0; 16, 0; 320, R
0; 15, 0; 300, R
0; 14, 0; 280, R
0; 13, 0; 260, R
0; 12, 0; 240, R
0; 11, 0; 220, R
0; 10, 0; 200, R
0; 9, 0; 180, R
0; 8, 0; 160, R
0; 7, 0; 140, R
3; 21, 60; 420, R
4; 21, 80; 420, R
5; 21, 100; 420, R
20; 21, 400; 420, R
18; 21, 360; 420, R
19; 21, 380; 420, R
17; 21, 340; 420, R
5; 20, 100; 400, R
5; 19, 100; 380, R
5; 18, 100; 360, R
4; 18, 60; 360, R| teleport, 80; 360, player, 360; 346; 20; 2
3; 18, 60; 360, R
2; 18, 40; 360, R
1; 18, 20; 360, R
17; 20, 340; 400, R
17; 19, 340; 380, R
17; 18, 340; 360, R
17; 17, 340; 340, R
17; 16, 340; 320, R
17; 15, 340; 300, R
17; 14, 340; 280, R
18; 14, 360; 280, R
19; 14, 380; 280, R
20; 14, 400; 280, R
5; 14, 100; 280, R
3; 14, 60; 280, R
2; 14, 40; 280, R
5; 15, 100; 300, R
5; 16, 100; 320, R
5; 17, 100; 340, R
3; 17, 60; 340, R
1; 17, 20; 340, R
1; 11, 20; 220, R
17; 13, 340; 260, R
17; 12, 340; 240, R
17; 11, 340; 220, R
21; 11, 420; 220, R
21; 10, 420; 200, R
18; 13, 360; 260, R
5; 10, 100; 200, R
5; 13, 100; 260, R
5; 12, 100; 240, R
5; 11, 100; 220, R
4; 14, 80; 280, R
4; 13, 80; 260, R
1; 10, 20; 200, R
17; 10, 340; 200, R
17; 9, 340; 180, R
17; 8, 340; 160, R
17; 7, 340; 140, R
17; 6, 340; 120, R
5; 9, 100; 180, R
5; 8, 100; 160, R
5; 7, 100; 140, R
5; 6, 100; 120, R
17; 5, 340; 100, R
5; 5, 100; 100, R
3; 8, 60; 150, R| front
2; 7, 40; 150, R
20; 8, 400; 150, R
19; 8, 380; 150, R
20; 4, 400; 80, R
2; 4, 40; 80, R
17; 4, 340; 80, R
5; 4, 100; 80, R
17; 3, 340; 60, R
5; 3, 100; 60, R
18; 24, 360; 480, R| front| teleport, 360; 360, player, 360; 346; 20; 2
19; 24, 380; 480, R| front| teleport, 380; 360, player, 360; 346; 20; 2
20; 24, 400; 480, R| front| teleport, 400; 360, player, 360; 346; 20; 2
21; 24, 420; 480, R| front| teleport, 420; 360, player, 360; 346; 20; 2
18; 25, 360; 480, R| front
19; 25, 380; 480, R
20; 25, 400; 480, R
21; 25, 420; 480, R
22; 23, 440; 460, R
22; 22, 440; 440, R
2; 21, 40; 420, R
2; 20, 40; 420, R| teleport, 20; 420, player, 20; 407; 20; 2
3; 20, 60; 340, R| front| teleport, 420; 340, player, 360; 346; 20; 2
1; 20, 20; 340, R| front| teleport, 380; 340, player, 360; 346; 20; 2
19; 12, 360; 240, R| front| move, 1.0, 360; 190, 19; 12, 360; 259; 20; 20| move, 1.0, 360; 240, 19; 12, 360; 171; 20; 20
3; 12, 80; 240, R| front| move, 1.0, 80; 190, 3; 12, 80; 259; 20; 20| move, 1.0, 80; 240, 3; 12, 80; 171; 20; 20
#spikes
1; 1, 20; 20, 2
2; 1, 40; 20, 2
3; 1, 60; 20, 2
4; 1, 80; 20, 2
5; 1, 100; 20, 2
6; 1, 120; 20, 2
7; 1, 140; 20, 2
8; 1, 160; 20, 2
9; 1, 180; 20, 2
10; 1, 200; 20, 2
11; 1, 220; 20, 2
12; 1, 240; 20, 2
13; 1, 260; 20, 2
14; 1, 280; 20, 2
15; 1, 300; 20, 2
16; 1, 320; 20, 2
17; 1, 340; 20, 2
18; 1, 360; 20, 2
19; 1, 380; 20, 2
20; 1, 400; 20, 2
21; 1, 420; 20, 2
1; 23, 20; 460, 1
3; 23, 60; 460, 1
18; 18, 360; 360, 1| move, 1.75, 380; 360, 18; 19, 341; 380; 20; 20| move, 1.75, 360; 360, 18; 19, 399; 380; 20; 20
18; 19, 360; 380, 2| move, 1.75, 380; 380, 18; 19, 341; 380; 20; 20| move, 1.75, 360; 380, 18; 19, 399; 380; 20; 20
21; 18, 420; 360, 1| move, 1.75, 400; 360, 21; 19, 439; 380; 20; 20| move, 1.75, 420; 360, 21; 19, 381; 380; 20; 20
21; 19, 420; 380, 2| move, 1.75, 400; 380, 21; 19, 439; 380; 20; 20| move, 1.75, 420; 380, 21; 19, 381; 380; 20; 20
3; 16, 60; 320, 1
1; 16, 20; 320, 1
2; 17, 40; 340, 1| alternate, 40; 340; 1, 40; 360; 1, 0.5, 2; 18, 40; 360; 20; 20
1; 12, 20; 240, 2
18; 11, 360; 220, 4
18; 10, 360; 200, 4
20; 11, 400; 220, 3
20; 10, 400; 200, 3
21; 12, 420; 240, 2
19; 13, 380; 260, 1| move, .5, 400; 260, player, 403; 278; 14; 2
3; 13, 60; 260, 1
4; 11, 80; 220, 3
4; 10, 80; 200, 3
2; 11, 40; 220, 4
2; 10, 40; 200, 4
3; 9, 60; 160, 2
3; 7, 60; 130, 1
1; 7, 20; 150, 3
2; 5, 40; 100, 2
20; 5, 400; 100, 2
19; 4, 380; 80, 3
3; 4, 60; 80, 4
18; 23, 360; 479, 2
1; 19, 20; 320, 1| largeNudge| teleport, 380; 320, player, 360; 346; 20; 2
3; 19, 60; 320, 1| largeNudge| teleport, 420; 320, player, 360; 346; 20; 2
4; 12, 80; 240, 3
18; 12, 360; 240, 4
19; 7, 380; 130, 1