#misc
size, 460, 540
spawn, 0, 0, 0
name, BOSS
music, 8
#blocks
0; 6, 0; 120, B
0; 5, 0; 100, B
0; 4, 0; 80, B
0; 3, 0; 60, B
0; 2, 0; 40, B
0; 1, 0; 20, B
0; 0, 0; 0, B
1; 0, 20; 0, B
2; 0, 40; 0, B
3; 0, 60; 0, B
4; 0, 80; 0, B
5; 0, 100; 0, B
6; 0, 120; 0, B
7; 0, 140; 0, B
8; 0, 160; 0, B
9; 0, 180; 0, B
10; 0, 200; 0, B
11; 0, 220; 0, B
12; 0, 240; 0, B
13; 0, 260; 0, B
14; 0, 280; 0, B
15; 0, 300; 0, B
22; 4, 440; 80, B
22; 3, 440; 60, B
22; 2, 440; 40, B
22; 1, 440; 20, B
22; 0, 440; 0, B
21; 0, 420; 0, B
20; 0, 400; 0, B
19; 0, 380; 0, B
18; 0, 360; 0, B
17; 0, 340; 0, B
16; 0, 320; 0, B
22; 5, 440; 100, B
22; 6, 440; 120, B
22; 7, 440; 140, B
22; 8, 440; 160, B
22; 9, 440; 180, B
22; 10, 440; 200, B
22; 11, 440; 220, B
22; 12, 440; 240, B
22; 13, 440; 260, B
22; 14, 440; 280, B
22; 15, 440; 300, B
22; 16, 440; 320, B
22; 17, 440; 340, B
22; 18, 440; 360, B
22; 23, 440; 460, B
22; 22, 440; 440, B
22; 21, 440; 420, B
22; 20, 440; 400, B
22; 19, 440; 380, B
22; 24, 440; 480, B
21; 24, 420; 480, B| front
20; 24, 400; 480, B
19; 24, 380; 480, B
18; 24, 360; 480, B
17; 24, 340; 480, B
16; 24, 320; 480, B
15; 24, 300; 480, B
14; 24, 280; 480, B
13; 24, 260; 480, B
12; 24, 240; 480, B
11; 24, 220; 480, B
10; 24, 200; 480, B
9; 24, 180; 480, B
8; 24, 160; 480, B
7; 24, 140; 480, B
6; 24, 120; 480, B
5; 24, 100; 480, B
4; 24, 80; 480, B
3; 24, 60; 480, B
2; 24, 40; 480, B
1; 24, 20; 480, B
0; 18, 0; 360, B
0; 19, 0; 380, B
0; 20, 0; 400, B
0; 21, 0; 420, B
0; 22, 0; 440, B
0; 23, 0; 460, B
0; 24, 0; 480, B
0; 17, 0; 340, B
0; 16, 0; 320, B
0; 15, 0; 300, B
0; 14, 0; 280, B
0; 13, 0; 260, B
0; 12, 0; 240, B
0; 11, 0; 220, B
0; 10, 0; 200, B
0; 9, 0; 180, B
0; 8, 0; 160, B
0; 7, 0; 140, B
2; 21, 40; 420, B
20; 21, 400; 420, B
20; 18, 400; 360, B
2; 18, 40; 360, B
3; 21, 60; 420, B| front
19; 21, 380; 420, B
18; 15, 360; 300, B
4; 15, 80; 300, B
1; 12, 20; 240, B
21; 12, 420; 240, B
3; 10, 60; 200, B
20; 10, 400; 200, B
19; 10, 380; 200, B
17; 7, 340; 140, B
5; 7, 100; 140, B
4; 10, 80; 200, B
18; 10, 360; 200, B
2; 10, 40; 200, B
#spikes
1; 1, 20; 20, 2
2; 1, 40; 20, 2
3; 1, 60; 20, 2
4; 1, 80; 20, 2
5; 1, 100; 20, 2
6; 1, 120; 20, 2
7; 1, 140; 20, 2
8; 1, 160; 20, 2
9; 1, 180; 20, 2
10; 1, 200; 20, 2
11; 1, 220; 20, 2
12; 1, 240; 20, 2
13; 1, 260; 20, 2
14; 1, 280; 20, 2
15; 1, 300; 20, 2
16; 1, 320; 20, 2
17; 1, 340; 20, 2
18; 1, 360; 20, 2
19; 1, 380; 20, 2
20; 1, 400; 20, 2
21; 1, 420; 20, 2
2; 22, 40; 440, 2
20; 22, 400; 440, 2
20; 19, 400; 380, 2
2; 19, 40; 380, 2
21; 18, 420; 360, 4
1; 18, 20; 360, 3
3; 20, 60; 407, 1
18; 21, 360; 420, 3
19; 22, 380; 440, 2
3; 22, 60; 440, 2
4; 21, 80; 420, 4
4; 16, 80; 320, 2
18; 16, 360; 320, 2
1; 13, 20; 260, 2
21; 13, 420; 260, 2
19; 12, 380; 240, 1
19; 13, 380; 260, 2
20; 13, 400; 260, 1
20; 14, 400; 280, 2
2; 9, 40; 180, 1
19; 9, 380; 180, 1
17; 8, 340; 160, 2
5; 8, 100; 160, 2
17; 10, 340; 200, 3
5; 10, 100; 200, 4
21; 23, 420; 467, 1