#misc
size, 460, 540
spawn, 0, 0, 0
name, BOSS
music, 8
#blocks
0; 17, 0; 340, G
0; 16, 0; 320, G
0; 15, 0; 300, G
22; 18, 440; 360, G
22; 17, 440; 340, G
0; 18, 0; 360, G
0; 14, 0; 280, G
0; 7, 0; 140, G
0; 8, 0; 160, G
0; 9, 0; 180, G
0; 10, 0; 200, G
0; 11, 0; 220, G
0; 12, 0; 240, G
0; 13, 0; 260, G
22; 8, 440; 160, G
22; 9, 440; 180, G
22; 10, 440; 200, G
22; 11, 440; 220, G
22; 12, 440; 240, G
22; 13, 440; 260, G
22; 14, 440; 280, G
22; 15, 440; 300, G
22; 16, 440; 320, G
22; 7, 440; 140, G
22; 6, 440; 120, G
22; 5, 440; 100, G
22; 4, 440; 80, G
0; 6, 0; 120, G
0; 5, 0; 100, G
0; 4, 0; 80, G
0; 3, 0; 60, G
0; 2, 0; 40, G
0; 1, 0; 20, G
22; 3, 440; 60, G
22; 2, 440; 40, G
22; 1, 440; 20, G
22; 0, 440; 0, G
21; 0, 420; 0, G
20; 0, 400; 0, G
19; 0, 380; 0, G
18; 0, 360; 0, G
17; 0, 340; 0, G
16; 0, 320; 0, G
15; 0, 300; 0, G
14; 0, 280; 0, G
13; 0, 260; 0, G
12; 0, 240; 0, G
11; 0, 220; 0, G
10; 0, 200; 0, G
9; 0, 180; 0, G
8; 0, 160; 0, G
7; 0, 140; 0, G
6; 0, 120; 0, G
5; 0, 100; 0, G
4; 0, 80; 0, G
3; 0, 60; 0, G
2; 0, 40; 0, G
1; 0, 20; 0, G
0; 0, 0; 0, G
22; 19, 440; 380, G
0; 19, 0; 380, G
19; 15, 380; 300, G
19; 10, 380; 200, G
3; 10, 60; 200, G
3; 15, 60; 300, G
16; 7, 320; 140, G
6; 7, 120; 140, G
3; 20, 60; 400, G
0; 20, 0; 400, G
0; 21, 0; 420, G
0; 22, 0; 440, G
0; 23, 0; 460, G
0; 24, 0; 480, G
1; 24, 20; 480, G
2; 24, 40; 480, G
3; 24, 60; 480, G
4; 24, 80; 480, G
5; 24, 100; 480, G
6; 24, 120; 480, G
7; 24, 140; 480, G
8; 24, 160; 480, G
9; 24, 180; 480, G
10; 24, 200; 480, G
11; 24, 220; 480, G
12; 24, 240; 480, G
13; 24, 260; 480, G
14; 24, 280; 480, G
15; 24, 300; 480, G
16; 24, 320; 480, G
17; 24, 340; 480, G
18; 24, 360; 480, G
19; 24, 380; 480, G
20; 24, 400; 480, G
21; 24, 420; 480, G
22; 24, 440; 480, G
22; 23, 440; 460, G
22; 22, 440; 440, G
22; 21, 440; 420, G
22; 20, 440; 400, G
19; 20, 380; 400, G
#spikes
1; 1, 20; 20, 2
2; 1, 40; 20, 2
3; 1, 60; 20, 2
4; 1, 80; 20, 2
5; 1, 100; 20, 2
6; 1, 120; 20, 2
7; 1, 140; 20, 2
8; 1, 160; 20, 2
9; 1, 180; 20, 2
10; 1, 200; 20, 2
11; 1, 220; 20, 2
12; 1, 240; 20, 2
13; 1, 260; 20, 2
14; 1, 280; 20, 2
15; 1, 300; 20, 2
16; 1, 320; 20, 2
17; 1, 340; 20, 2
18; 1, 360; 20, 2
19; 1, 380; 20, 2
20; 1, 400; 20, 2
21; 1, 420; 20, 2
19; 11, 380; 220, 2
3; 11, 60; 220, 2
19; 16, 380; 320, 2
3; 16, 60; 320, 2
16; 8, 320; 160, 2
6; 8, 120; 160, 2
3; 21, 60; 420, 2
19; 21, 380; 420, 2