#misc
size, 460, 540
spawn, 0, 0, 0
name, BOSS
music, 8
#blocks
0; 6, 0; 120, Pi
0; 5, 0; 100, Pi
0; 4, 0; 80, Pi
0; 3, 0; 60, Pi
0; 2, 0; 40, Pi
0; 1, 0; 20, Pi
0; 0, 0; 0, Pi
1; 0, 20; 0, Pi
2; 0, 40; 0, Pi
3; 0, 60; 0, Pi
4; 0, 80; 0, Pi
5; 0, 100; 0, Pi
6; 0, 120; 0, Pi
7; 0, 140; 0, Pi
8; 0, 160; 0, Pi
9; 0, 180; 0, Pi
10; 0, 200; 0, Pi
11; 0, 220; 0, Pi
12; 0, 240; 0, Pi
13; 0, 260; 0, Pi
14; 0, 280; 0, Pi
15; 0, 300; 0, Pi
22; 4, 440; 80, Pi
22; 3, 440; 60, Pi
22; 2, 440; 40, Pi
22; 1, 440; 20, Pi
22; 0, 440; 0, Pi
21; 0, 420; 0, Pi
20; 0, 400; 0, Pi
19; 0, 380; 0, Pi
18; 0, 360; 0, Pi
17; 0, 340; 0, Pi
16; 0, 320; 0, Pi
22; 5, 440; 100, Pi
22; 6, 440; 120, Pi
22; 7, 440; 140, Pi
22; 8, 440; 160, Pi
22; 9, 440; 180, Pi
22; 10, 440; 200, Pi
22; 11, 440; 220, Pi
22; 12, 440; 240, Pi
22; 13, 440; 260, Pi
22; 14, 440; 280, Pi
22; 15, 440; 300, Pi
22; 16, 440; 320, Pi
22; 17, 440; 340, Pi
22; 18, 440; 360, Pi
22; 23, 440; 460, Pi
22; 22, 440; 440, Pi
22; 21, 440; 420, Pi
22; 20, 440; 400, Pi
22; 19, 440; 380, Pi
22; 24, 440; 480, Pi
21; 24, 420; 480, Pi
20; 24, 400; 480, Pi
19; 24, 380; 480, Pi
18; 24, 360; 480, Pi
17; 24, 340; 480, Pi
16; 24, 320; 480, Pi
15; 24, 300; 480, Pi
14; 24, 280; 480, Pi
13; 24, 260; 480, Pi
12; 24, 240; 480, Pi
11; 24, 220; 480, Pi
10; 24, 200; 480, Pi
9; 24, 180; 480, Pi
8; 24, 160; 480, Pi
7; 24, 140; 480, Pi
6; 24, 120; 480, Pi
5; 24, 100; 480, Pi
4; 24, 80; 480, Pi
3; 24, 60; 480, Pi
2; 24, 40; 480, Pi
1; 24, 20; 480, Pi
0; 18, 0; 360, Pi
0; 19, 0; 380, Pi
0; 20, 0; 400, Pi
0; 21, 0; 420, Pi
0; 22, 0; 440, Pi
0; 23, 0; 460, Pi
0; 24, 0; 480, Pi
0; 17, 0; 340, Pi
0; 16, 0; 320, Pi
0; 15, 0; 300, Pi
0; 14, 0; 280, Pi
0; 13, 0; 260, Pi
0; 12, 0; 240, Pi
0; 11, 0; 220, Pi
0; 10, 0; 200, Pi
0; 9, 0; 180, Pi
0; 8, 0; 160, Pi
0; 7, 0; 140, Pi
2; 21, 40; 420, Pi
4; 18, 80; 360, Pi
20; 21, 400; 420, Pi
18; 18, 360; 360, Pi
20; 15, 400; 300, Pi
20; 12, 400; 240, Pi
2; 15, 40; 300, Pi
2; 12, 40; 240, Pi
4; 9, 70; 180, Pi
18; 9, 370; 180, Pi
17; 6, 340; 120, Pi
5; 6, 100; 120, Pi
#spikes
1; 1, 20; 20, 2
2; 1, 40; 20, 2
3; 1, 60; 20, 2
4; 1, 80; 20, 2
5; 1, 100; 20, 2
6; 1, 120; 20, 2
7; 1, 140; 20, 2
8; 1, 160; 20, 2
9; 1, 180; 20, 2
10; 1, 200; 20, 2
11; 1, 220; 20, 2
12; 1, 240; 20, 2
13; 1, 260; 20, 2
14; 1, 280; 20, 2
15; 1, 300; 20, 2
16; 1, 320; 20, 2
17; 1, 340; 20, 2
18; 1, 360; 20, 2
19; 1, 380; 20, 2
20; 1, 400; 20, 2
21; 1, 420; 20, 2
2; 22, 40; 440, 2
1; 21, 20; 420, 3
3; 21, 60; 420, 4
4; 19, 80; 380, 2
5; 18, 100; 360, 4
3; 18, 60; 360, 3
2; 16, 40; 320, 2
1; 15, 20; 300, 3
3; 15, 60; 300, 4
20; 22, 400; 440, 2
21; 21, 420; 420, 4
19; 21, 380; 420, 3
19; 18, 380; 360, 4
18; 19, 360; 380, 2
17; 18, 340; 360, 3
19; 15, 380; 300, 3
21; 15, 420; 300, 4
20; 16, 400; 320, 2
20; 13, 400; 260, 2
2; 13, 40; 260, 2
4; 17, 80; 340, 1| alternate, 80; 340; 1, 80; 360; 1, 0.6, 4; 18, 80; 360; 20; 20
20; 14, 400; 280, 1| alternate, 400; 280; 1, 400; 300; 1, 0.6, 20; 15, 400; 300; 20; 20
18; 10, 370; 200, 2
4; 10, 70; 200, 2
17; 7, 340; 140, 2
5; 7, 100; 140, 2
19; 12, 380; 240, 3
3; 12, 60; 240, 4| alternate, 60; 240; 4, 20; 240; 3, 0.6, 2; 12, 40; 240; 20; 20