#misc
area, 4
checkpoint, 25; 11
checkpoint, 25; 10
checkpoint, 50; 10
checkpoint, 64; 10
checkpoint, 77; 19
checkpoint, 57; 27
exit, 1160; 700, 1138; 1720; 64; 2, 2, RescueCutscene, 1
size, 1740, 1620
spawn, 1146, 9, 0
name, FINAL DUNGEON
index, 77
music, 8
mittens, 59, 480, 210
mittens, 60, 1540, 420
mittens, 61, 1200, 620
lockM, 60, 1120, 280, R
lockM, 60, 1140, 280, R
lockM, 60, 1160, 280, R
#blocks
55; 0, 1100; 0, R
59; 0, 1180; 0, R
59; 1, 1180; 20, R
59; 2, 1180; 40, R
59; 3, 1180; 60, R
59; 4, 1180; 80, R
55; 4, 1100; 80, R
55; 3, 1100; 60, R
55; 2, 1100; 40, R
55; 1, 1100; 20, R
54; 5, 1080; 100, R
53; 6, 1060; 120, R
52; 7, 1040; 140, R
60; 5, 1200; 100, R
61; 6, 1220; 120, R
62; 7, 1240; 140, R
52; 11, 1040; 220, R
53; 12, 1060; 240, R
54; 13, 1080; 260, R
55; 14, 1100; 280, R
59; 14, 1180; 280, R
60; 13, 1200; 260, R
61; 12, 1220; 240, R
62; 11, 1240; 220, R
57; 9, 1140; 180, R
51; 11, 1020; 220, R
51; 7, 1020; 140, R
63; 11, 1260; 220, R
64; 11, 1280; 220, R
65; 11, 1300; 220, R
63; 7, 1260; 140, R
64; 7, 1280; 140, R
65; 7, 1300; 140, R
50; 11, 1000; 220, R
49; 11, 980; 220, R
50; 7, 1000; 140, R
49; 7, 980; 140, R
45; 11, 900; 220, R| teleport, 540; 240, 45; 11, 540; 240; 20; 20| alternate, 900; 220, 840; 220, 820; 140, 780; 200, 740; 290, 720; 280, 640; 260, 600; 220, 580; 220, 560; 220, 540; 240, 1.0, player, 900; 218; 20; 2
36; 16, 720; 320, R
37; 16, 740; 320, R
38; 16, 760; 320, R
39; 16, 780; 320, R
40; 16, 800; 320, R
41; 16, 820; 320, R
42; 16, 840; 320, R
43; 16, 860; 320, R
44; 16, 880; 320, R
45; 16, 900; 320, R
46; 15, 920; 300, R
47; 14, 940; 280, R
48; 13, 960; 260, R
37; 2, 740; 40, R
38; 2, 760; 40, R
39; 2, 780; 40, R
40; 2, 800; 40, R
41; 2, 820; 40, R
42; 2, 840; 40, R
43; 2, 860; 40, R
44; 2, 880; 40, R
45; 3, 900; 60, R
46; 4, 920; 80, R
47; 5, 940; 100, R
48; 6, 960; 120, R
35; 16, 700; 320, R
34; 16, 680; 320, R
33; 16, 660; 320, R
32; 16, 640; 320, R
31; 16, 620; 320, R
30; 15, 600; 300, R
29; 14, 580; 280, R
28; 13, 560; 260, R
27; 12, 540; 240, R
27; 9, 540; 180, R
28; 8, 560; 160, R
29; 8, 580; 160, R
30; 8, 600; 160, R
31; 8, 620; 160, R
36; 3, 720; 60, R
35; 4, 700; 80, R
34; 5, 680; 100, R
33; 6, 660; 120, R
32; 7, 640; 140, R
26; 13, 520; 260, R
26; 8, 520; 160, R
25; 12, 500; 240, R
25; 9, 500; 180, R
24; 12, 480; 230, R| move, 1.0, 690; 230, player, 480; 227; 20; 2| move, 1.0, 820; 140, 24; 12, 779; 200; 20; 20| move, 1.0, 840; 210, 24; 12, 839; 140; 20; 20| move, 1.0, 960; 200, 24; 12, 840; 229; 20; 20| move, 1.0, 1040; 200, 24; 12, 979; 200; 20; 20| move, 1.0, 690; 120, 24; 12, 709; 240; 20; 20| move, 2.0, 760; 200, 24; 12, 700; 101; 20; 20| front
23; 11, 460; 210, R
24; 9, 480; 190, R
22; 11, 440; 220, R
22; 12, 440; 240, R
22; 13, 440; 260, R
22; 14, 440; 280, R
23; 14, 460; 280, R
24; 14, 480; 280, R
25; 14, 500; 280, R
26; 14, 520; 280, R
66; 7, 1320; 140, R
67; 7, 1340; 140, R
68; 7, 1360; 140, R
69; 8, 1380; 160, R
70; 9, 1400; 180, R
70; 10, 1400; 200, R
70; 11, 1400; 220, R
65; 12, 1300; 240, R
70; 12, 1400; 240, R
65; 13, 1300; 260, R
70; 13, 1400; 260, R
65; 14, 1300; 280, R
70; 14, 1400; 280, R
65; 15, 1300; 300, R
65; 16, 1300; 320, R
65; 17, 1300; 340, R
67; 19, 1340; 380, R
68; 19, 1360; 380, R
69; 19, 1380; 380, R
70; 19, 1400; 380, R
71; 19, 1420; 380, R
72; 19, 1440; 380, R
73; 19, 1460; 380, R
75; 17, 1500; 340, R
75; 16, 1500; 320, R
75; 15, 1500; 300, R
75; 14, 1500; 280, R
75; 13, 1500; 260, R
66; 18, 1320; 360, R
74; 18, 1480; 360, R
75; 12, 1500; 240, R
71; 9, 1420; 180, R
72; 8, 1440; 160, R
73; 8, 1460; 160, R
74; 8, 1480; 160, R
75; 8, 1500; 160, R
76; 8, 1520; 160, R
77; 8, 1540; 160, R
79; 17, 1580; 340, R
79; 16, 1580; 320, R
79; 15, 1580; 300, R
79; 14, 1580; 280, R
79; 13, 1580; 260, R
79; 12, 1580; 240, R
79; 11, 1580; 220, R
79; 10, 1580; 200, R
78; 9, 1560; 180, R
75; 18, 1500; 360, R
75; 19, 1500; 380, R
74; 20, 1480; 400, R
79; 18, 1580; 360, R
79; 19, 1580; 380, R
80; 20, 1600; 400, R
74; 21, 1480; 420, R
74; 22, 1480; 440, R
80; 21, 1600; 420, R
80; 22, 1600; 440, R
76; 24, 1520; 480, R
77; 24, 1540; 480, R
78; 24, 1560; 480, R
77; 22, 1540; 440, R
79; 23, 1580; 460, R
75; 23, 1500; 460, R
69; 17, 1380; 340, R| move, 1.0, 1380; 340, 69; 17, 1439; 340; 20; 20| move, 1.0, 1420; 340, 69; 17, 1361; 340; 20; 20
73; 15, 1480; 300, R| move, 1.0, 1420; 300, 73; 15, 1499; 300; 20; 20| move, 1.0, 1480; 300, 73; 15, 1401; 300; 20; 20
77; 11, 1560; 220, R| move, 1.0, 1420; 220, 77; 11, 1579; 220; 20; 20| move, 1.0, 1560; 220, 77; 11, 1401; 220; 20; 20
77; 17, 1530; 340, R| move, 1.0, 1560; 340, 77; 13, 1501; 260; 20; 20| move, 1.0, 1530; 340, 77; 17, 1579; 340; 20; 20| teleport, 1540; 340, player, 1542; 420; 20; 20
77; 15, 1525; 300, R| move, 1.0, 1555; 300, 77; 13, 1501; 260; 20; 20| move, 1.0, 1525; 300, 77; 17, 1579; 340; 20; 20| teleport, 1535; 300, player, 1542; 420; 20; 20
77; 13, 1520; 260, R| move, 1.0, 1550; 260, 77; 13, 1501; 260; 20; 20| move, 1.0, 1520; 260, 77; 17, 1579; 340; 20; 20| teleport, 1530; 260, player, 1542; 420; 20; 20
69; 15, 1380; 300, R| move, 1.0, 1320; 300, 69; 15, 1399; 300; 20; 20| move, 1.0, 1380; 300, 69; 15, 1301; 300; 20; 20
59; 19, 1180; 380, R
55; 19, 1100; 380, R
59; 20, 1180; 400, R
55; 20, 1100; 400, R
59; 21, 1180; 420, R
55; 21, 1100; 420, R
59; 22, 1180; 440, R
55; 22, 1100; 440, R
59; 18, 1180; 360, R
59; 17, 1180; 340, R
59; 16, 1180; 320, R
59; 15, 1180; 300, R
55; 18, 1100; 360, R
55; 17, 1100; 340, R
55; 16, 1100; 320, R
55; 15, 1100; 300, R
59; 23, 1180; 460, R
59; 24, 1180; 480, R
55; 23, 1100; 460, R
55; 24, 1100; 480, R
55; 25, 1100; 500, R
55; 26, 1100; 520, R
55; 27, 1100; 540, R
55; 28, 1100; 560, R
56; 28, 1120; 560, R
57; 28, 1140; 560, R
58; 28, 1160; 560, R
59; 28, 1180; 560, R
60; 28, 1200; 560, R
60; 24, 1200; 480, R
61; 29, 1220; 580, R
61; 24, 1220; 480, R
62; 25, 1240; 500, R
63; 25, 1260; 500, R
64; 26, 1280; 520, R
65; 27, 1300; 540, R
65; 28, 1300; 560, R
64; 29, 1280; 580, R
63; 30, 1260; 600, R
63; 31, 1260; 620, R
63; 32, 1260; 640, R
62; 33, 1240; 660, R
60; 30, 1200; 600, R
59; 30, 1180; 600, R
58; 31, 1160; 620, R
57; 32, 1140; 640, R
60; 33, 1200; 660, R
60; 34, 1200; 680, R
60; 35, 1200; 700, R
60; 36, 1200; 720, R
61; 36, 1220; 720, R| move, 0.5, 1220; 660, player, 1240; 600; 20; 20
62; 36, 1240; 720, R
62; 35, 1240; 700, R
62; 34, 1240; 680, R
56; 33, 1120; 660, R
56; 34, 1120; 680, R
56; 35, 1120; 700, R
56; 36, 1120; 720, R
60; 37, 1200; 740, R
60; 38, 1200; 760, R
56; 37, 1120; 740, R
56; 38, 1120; 760, R
56; 39, 1120; 780, R
56; 40, 1120; 800, R
56; 41, 1120; 820, R
56; 42, 1120; 840, R
56; 43, 1120; 860, R
56; 44, 1120; 880, R
60; 39, 1200; 780, R
60; 40, 1200; 800, R
60; 41, 1200; 820, R
60; 42, 1200; 840, R
60; 43, 1200; 860, R
60; 44, 1200; 880, R
56; 45, 1120; 900, R
56; 46, 1120; 920, R
56; 47, 1120; 940, R
56; 48, 1120; 960, R
56; 49, 1120; 980, R
56; 50, 1120; 1000, R
56; 51, 1120; 1020, R
60; 45, 1200; 900, R
60; 49, 1200; 980, R
60; 52, 1200; 1040, R
60; 51, 1200; 1020, R
60; 50, 1200; 1000, R
60; 48, 1200; 960, R
60; 47, 1200; 940, R
60; 46, 1200; 920, R
56; 52, 1120; 1040, R
56; 53, 1120; 1060, R
56; 54, 1120; 1080, R
56; 55, 1120; 1100, R
56; 56, 1120; 1120, R
56; 57, 1120; 1140, R
56; 58, 1120; 1160, R
56; 59, 1120; 1180, R
60; 53, 1200; 1060, R
60; 54, 1200; 1080, R
60; 55, 1200; 1100, R
60; 56, 1200; 1120, R
60; 57, 1200; 1140, R
60; 58, 1200; 1160, R
60; 59, 1200; 1180, R
56; 63, 1120; 1260, R
56; 62, 1120; 1240, R
56; 61, 1120; 1220, R
56; 60, 1120; 1200, R
60; 60, 1200; 1200, R
60; 61, 1200; 1220, R
60; 62, 1200; 1240, R
60; 64, 1200; 1280, R
60; 65, 1200; 1300, R
60; 66, 1200; 1320, R
56; 72, 1120; 1440, R
56; 70, 1120; 1400, R
56; 68, 1120; 1360, R
56; 67, 1120; 1340, R
60; 74, 1200; 1480, R
60; 72, 1200; 1440, R
60; 69, 1200; 1380, R
60; 67, 1200; 1340, R
60; 71, 1200; 1420, R
56; 77, 1120; 1540, R
#spikes
56; 0, 1111; 0, 4
56; 1, 1113; 20, 4
56; 2, 1115; 40, 4
56; 3, 1117; 60, 4
56; 4, 1120; 80, 4
58; 0, 1169; 0, 3
58; 1, 1167; 20, 3
58; 2, 1165; 40, 3
58; 3, 1163; 60, 3
58; 4, 1160; 80, 3
57; 10, 1140; 200, 2
56; 9, 1120; 180, 3
57; 8, 1140; 160, 1
58; 9, 1160; 180, 4
59; 5, 1180; 100, 2
55; 5, 1100; 100, 2
54; 6, 1080; 120, 2
53; 7, 1060; 140, 2
60; 6, 1200; 120, 2
61; 7, 1220; 140, 2
52; 8, 1040; 160, 2
53; 13, 1060; 260, 2
54; 14, 1080; 280, 2
60; 14, 1200; 280, 2
61; 13, 1220; 260, 2
62; 12, 1240; 240, 2
51; 8, 1020; 160, 2
62; 8, 1240; 160, 2
63; 12, 1260; 240, 2
64; 12, 1280; 240, 2
63; 8, 1260; 160, 2
64; 8, 1280; 160, 2
65; 8, 1300; 160, 2
50; 8, 1000; 160, 2
49; 8, 980; 160, 2
48; 12, 960; 240, 1
47; 13, 940; 260, 1
46; 14, 920; 280, 1
45; 15, 900; 300, 1
44; 15, 880; 300, 1
43; 15, 860; 300, 1
42; 15, 840; 300, 1
41; 15, 820; 300, 1
40; 15, 800; 300, 1
39; 15, 780; 300, 1
38; 15, 760; 300, 1
37; 15, 740; 300, 1
36; 15, 720; 300, 1
48; 7, 960; 140, 2
47; 6, 940; 120, 2
46; 5, 920; 100, 2
45; 4, 900; 80, 2
44; 3, 880; 60, 2
43; 3, 860; 60, 2
42; 3, 840; 60, 2
41; 3, 820; 60, 2
40; 3, 800; 60, 2
39; 3, 780; 60, 2
38; 3, 760; 60, 2
37; 3, 740; 60, 2
43; 10, 860; 200, 2
43; 9, 860; 180, 1
43; 7, 860; 135, 2
43; 6, 860; 115, 1
42; 4, 840; 94, 1
42; 5, 840; 114, 2
40; 9, 800; 180, 2
39; 8, 780; 160, 3
41; 8, 820; 160, 4
40; 7, 800; 140, 1
35; 15, 700; 300, 1
34; 15, 680; 300, 1
33; 15, 660; 300, 1
32; 15, 640; 300, 1
36; 12, 720; 240, 2
37; 12, 740; 240, 2
36; 11, 720; 220, 1
37; 11, 740; 220, 1
38; 12, 760; 240, 2
38; 11, 760; 220, 1
34; 11, 680; 220, 2
34; 10, 680; 200, 1
35; 11, 700; 220, 2
35; 10, 700; 200, 1
36; 4, 720; 80, 2
35; 5, 700; 100, 2
34; 6, 680; 120, 2
33; 7, 660; 140, 2
32; 8, 640; 160, 2
31; 9, 620; 180, 2
31; 15, 620; 300, 1
30; 14, 600; 280, 1
29; 13, 580; 260, 1
28; 12, 560; 240, 1
30; 9, 600; 180, 2
29; 9, 580; 180, 2
28; 9, 560; 180, 2
27; 10, 540; 200, 2| teleport, 540; 239, 45; 11, 560; 220; 20; 20| teleport, 540; 239, player, 480; 210; 20; 20
27; 11, 540; 220, 1| teleport, 540; 181, 45; 11, 560; 220; 20; 20| teleport, 540; 181, player, 480; 211; 20; 20
26; 12, 520; 240, 1
26; 9, 520; 180, 2
25; 13, 500; 260, 1
24; 13, 480; 260, 1
23; 13, 460; 260, 1
52; 12, 1040; 240, 2| teleport, 1040; 200; 1, player, 900; 200; 20; 20
51; 12, 1020; 240, 2| teleport, 1020; 200; 1, player, 900; 200; 20; 20
50; 12, 1000; 240, 2| teleport, 1000; 200; 1, player, 900; 200; 20; 20
49; 12, 980; 240, 2| teleport, 980; 200; 1, player, 900; 200; 20; 20
66; 11, 1320; 220, 4
69; 11, 1380; 220, 3
69; 10, 1380; 200, 3
69; 9, 1380; 180, 3
68; 8, 1360; 160, 2
67; 8, 1340; 160, 2
66; 8, 1320; 160, 2
66; 14, 1320; 280, 4
69; 12, 1380; 240, 3
69; 13, 1380; 260, 3
69; 14, 1380; 280, 3
66; 15, 1320; 300, 4
66; 16, 1320; 320, 4
66; 17, 1320; 340, 4
67; 18, 1340; 360, 1
68; 18, 1360; 360, 1
70; 18, 1400; 360, 1
71; 18, 1420; 360, 1
72; 18, 1440; 360, 1
73; 18, 1460; 360, 1
74; 17, 1480; 340, 3
74; 16, 1480; 320, 3
74; 15, 1480; 300, 3
74; 14, 1480; 280, 3
74; 13, 1480; 260, 3
70; 15, 1400; 300, 2
71; 14, 1420; 280, 4
71; 13, 1420; 260, 4
71; 11, 1420; 220, 4
71; 10, 1420; 200, 4
75; 11, 1500; 220, 1
72; 9, 1440; 180, 2
73; 9, 1460; 180, 2
74; 9, 1480; 180, 2
75; 9, 1500; 180, 2
76; 9, 1520; 180, 2
77; 9, 1540; 180, 2
76; 12, 1510; 240, 4
76; 14, 1510; 280, 4
76; 15, 1510; 300, 4
76; 16, 1510; 320, 4
76; 17, 1510; 340, 4
78; 17, 1570; 340, 3
78; 16, 1570; 320, 3
78; 15, 1570; 300, 3
78; 14, 1570; 280, 3
78; 13, 1570; 260, 3
78; 12, 1570; 240, 3
78; 11, 1560; 220, 3
78; 10, 1560; 200, 3
74; 12, 1480; 240, 3
76; 23, 1520; 460, 1
77; 23, 1540; 460, 1
78; 23, 1560; 460, 1
76; 18, 1511; 360, 4
78; 18, 1569; 360, 3
75; 20, 1500; 400, 4
75; 21, 1500; 420, 4
75; 22, 1500; 440, 4
79; 22, 1580; 440, 3
79; 21, 1580; 420, 3
79; 20, 1580; 400, 3
66; 12, 1320; 240, 4
69; 18, 1380; 360, 1
76; 13, 1510; 260, 4
78; 19, 1560; 380, 3
76; 19, 1520; 380, 4
66; 13, 1320; 260, 4
71; 12, 1420; 240, 4
59; 25, 1180; 493, 2
60; 25, 1200; 500, 2
59; 27, 1180; 540, 1
61; 28, 1220; 560, 1
63; 29, 1260; 580, 3
63; 26, 1260; 520, 3
64; 27, 1280; 540, 3| move, 0.7, 1240; 540, player, 1201; 540; 68; 20
64; 28, 1280; 560, 3| move, 0.7, 1240; 560, player, 1201; 540; 68; 20
62; 31, 1240; 620, 3
60; 32, 1200; 640, 1
59; 31, 1180; 615, 2| alternate, 1180; 615; 2, 1200; 615; 2, 0.4, player, 1240; 600; 20; 20
58; 32, 1160; 640, 2
61; 35, 1220; 700, 1| move, 0.5, 1220; 640, player, 1240; 600; 20; 20
57; 33, 1140; 660, 2
59; 37, 1180; 740, 1
59; 38, 1180; 760, 2
57; 37, 1140; 740, 1
57; 38, 1140; 760, 2
59; 41, 1180; 820, 1
59; 42, 1180; 840, 2
57; 41, 1140; 820, 1
57; 42, 1140; 840, 2
59; 45, 1180; 900, 1
59; 46, 1180; 920, 2
57; 45, 1140; 900, 1
57; 46, 1140; 920, 2
58; 61, 1160; 1220, 1| move, 3.0, 1140; 1220, player, 1139; 1200; 62; 20
58; 62, 1160; 1240, 2| move, 3.0, 1140; 1240, player, 1139; 1200; 62; 20
58; 63, 1160; 1260, 1| move, 3.0, 1140; 1260, player, 1139; 1240; 62; 20
58; 64, 1160; 1280, 2| move, 3.0, 1140; 1280, player, 1139; 1240; 62; 20
58; 65, 1160; 1300, 1| move, 3.0, 1140; 1300, player, 1142; 1280; 56; 20
58; 66, 1160; 1320, 2| move, 3.0, 1140; 1320, player, 1142; 1280; 56; 20
58; 67, 1160; 1340, 1| move, 3.0, 1140; 1340, player, 1136; 1320; 68; 20
58; 68, 1160; 1360, 2| move, 3.0, 1140; 1360, player, 1136; 1320; 68; 20
58; 69, 1160; 1380, 1| move, 3.0, 1140; 1380, player, 1139; 1360; 62; 20
58; 70, 1160; 1400, 2| move, 3.0, 1140; 1400, player, 1139; 1360; 62; 20
58; 71, 1160; 1420, 1| move, 3.0, 1140; 1420, player, 1139; 1400; 62; 20
58; 72, 1160; 1440, 2| move, 3.0, 1140; 1440, player, 1139; 1400; 62; 20
61; 25, 1220; 500, 2
58; 75, 1160; 1500, 1| move, 3.0, 1140; 1500, player, 1139; 1480; 62; 20
58; 76, 1160; 1520, 2| move, 3.0, 1140; 1520, player, 1139; 1480; 62; 20
58; 77, 1160; 1540, 1| move, 3.0, 1140; 1540, player, 1139; 1520; 62; 20
58; 78, 1160; 1560, 2| move, 3.0, 1140; 1560, player, 1139; 1520; 62; 20
58; 79, 1160; 1580, 1| move, 3.0, 1140; 1580, player, 1140; 1560; 62; 20
58; 80, 1160; 1600, 2| move, 3.0, 1140; 1600, player, 1140; 1560; 62; 20
58; 58, 1160; 1160, 2| move, 3.0, 1140; 1160, player, 1136; 1120; 68; 20
58; 57, 1160; 1140, 1| move, 3.0, 1140; 1140, player, 1136; 1120; 68; 20
58; 54, 1160; 1080, 2| move, 3.0, 1140; 1080, player, 1136; 1040; 68; 20
58; 53, 1160; 1060, 1| move, 3.0, 1140; 1060, player, 1136; 1040; 68; 20
58; 50, 1160; 1000, 2| move, 3.0, 1140; 1000, player, 1139; 960; 62; 20
58; 49, 1160; 980, 1| move, 3.0, 1140; 980, player, 1139; 960; 62; 20
59; 49, 1160; 980, 1| move, 3.0, 1180; 980, player, 1139; 960; 62; 20
59; 53, 1160; 1060, 1| move, 3.0, 1180; 1060, player, 1139; 1040; 62; 20
59; 54, 1160; 1080, 2| move, 3.0, 1180; 1080, player, 1139; 1040; 62; 20
59; 50, 1160; 1000, 2| move, 3.0, 1180; 1000, player, 1139; 960; 62; 20
59; 58, 1160; 1160, 2| move, 3.0, 1180; 1160, player, 1139; 1120; 62; 20
59; 57, 1160; 1140, 1| move, 3.0, 1180; 1140, player, 1139; 1120; 62; 20
59; 61, 1160; 1220, 1| move, 3.0, 1180; 1220, player, 1139; 1200; 62; 20
59; 62, 1160; 1240, 2| move, 3.0, 1180; 1240, player, 1139; 1200; 62; 20
59; 63, 1160; 1260, 1| move, 3.0, 1180; 1260, player, 1136; 1240; 68; 20
59; 64, 1160; 1280, 2| move, 3.0, 1180; 1280, player, 1136; 1240; 68; 20
59; 65, 1160; 1300, 1| move, 3.0, 1180; 1300, player, 1139; 1280; 62; 20
59; 66, 1160; 1320, 2| move, 3.0, 1180; 1320, player, 1139; 1280; 62; 20
59; 68, 1160; 1360, 2| move, 3.0, 1180; 1360, player, 1139; 1320; 62; 20
59; 67, 1160; 1340, 1| move, 3.0, 1180; 1340, player, 1139; 1320; 62; 20
59; 70, 1160; 1400, 2| move, 3.0, 1180; 1400, player, 1139; 1360; 62; 20
59; 72, 1160; 1440, 2| move, 3.0, 1180; 1440, player, 1136; 1400; 68; 20
59; 76, 1160; 1520, 2| move, 3.0, 1180; 1520, player, 1139; 1480; 62; 20
59; 78, 1160; 1560, 2| move, 3.0, 1180; 1560, player, 1139; 1520; 62; 20
59; 80, 1160; 1600, 2| move, 3.0, 1180; 1600, player, 1142; 1560; 56; 20
59; 79, 1160; 1580, 1| move, 3.0, 1180; 1580, player, 1142; 1560; 56; 20
59; 77, 1160; 1540, 1| move, 3.0, 1180; 1540, player, 1139; 1520; 62; 20
59; 75, 1160; 1500, 1| move, 3.0, 1180; 1500, player, 1139; 1480; 62; 20
59; 71, 1160; 1420, 1| move, 3.0, 1180; 1420, player, 1136; 1400; 68; 20
59; 69, 1160; 1380, 1| move, 3.0, 1180; 1380, player, 1139; 1360; 62; 20
58; 73, 1160; 1460, 1| move, 3.0, 1140; 1460, player, 1139; 1440; 62; 20
58; 74, 1160; 1480, 2| move, 3.0, 1140; 1480, player, 1139; 1440; 62; 20
59; 73, 1160; 1460, 1| move, 3.0, 1180; 1460, player, 1139; 1440; 62; 20
59; 74, 1160; 1480, 2| move, 3.0, 1180; 1480, player, 1139; 1440; 62; 20