#misc
area, 1
size, 1660, 540
spawn, 1006, 9, 0
special, 11
mustChangeColor
nopause
#blocks
24; 25, 480; 500, R
26; 25, 520; 500, R
28; 25, 560; 500, R
30; 25, 600; 500, R
36; 25, 720; 500, R
38; 25, 760; 500, R
40; 25, 800; 500, R
42; 25, 840; 500, R
44; 25, 880; 500, R
46; 25, 920; 500, R
48; 25, 960; 500, R
50; 25, 1000; 500, R
52; 25, 1040; 500, R
54; 25, 1080; 500, R
56; 25, 1120; 500, R
58; 25, 1160; 500, R
60; 25, 1200; 500, R
62; 25, 1240; 500, R
64; 25, 1280; 500, R
66; 25, 1320; 500, R
68; 25, 1360; 500, R
70; 25, 1400; 500, R
72; 25, 1440; 500, R
74; 25, 1480; 500, R
76; 25, 1520; 500, R
50; 24, 1000; 480, R
32; 25, 640; 500, R
34; 25, 680; 500, R
51; 24, 1020; 480, Su
52; 24, 1040; 480, Su
53; 24, 1060; 480, Su
54; 24, 1080; 480, Su
55; 24, 1100; 480, Su
49; 24, 980; 480, Su
48; 24, 960; 480, Su
47; 24, 940; 480, Su
46; 24, 920; 480, Su
45; 24, 900; 480, Su
#spikes
41; 24, 820; 480, 1
40; 24, 800; 480, 1
39; 24, 780; 480, 1
38; 24, 760; 480, 1
37; 24, 740; 480, 1
36; 24, 720; 480, 1
35; 24, 700; 480, 1
34; 24, 680; 480, 1
33; 24, 660; 480, 1
32; 24, 640; 480, 1
31; 24, 620; 480, 1
42; 24, 840; 480, 1
43; 24, 860; 480, 1
44; 24, 880; 480, 1
30; 24, 600; 480, 1
29; 24, 580; 480, 1
28; 24, 560; 480, 1
27; 24, 540; 480, 1
25; 24, 500; 480, 1
24; 24, 480; 480, 1
26; 24, 520; 480, 1
56; 24, 1120; 480, 1
57; 24, 1140; 480, 1
58; 24, 1160; 480, 1
59; 24, 1180; 480, 1
60; 24, 1200; 480, 1
61; 24, 1220; 480, 1
62; 24, 1240; 480, 1
63; 24, 1260; 480, 1
64; 24, 1280; 480, 1
65; 24, 1300; 480, 1
66; 24, 1320; 480, 1
67; 24, 1340; 480, 1
68; 24, 1360; 480, 1
69; 24, 1380; 480, 1
70; 24, 1400; 480, 1
71; 24, 1420; 480, 1
72; 24, 1440; 480, 1
73; 24, 1460; 480, 1
74; 24, 1480; 480, 1
75; 24, 1500; 480, 1
76; 24, 1520; 480, 1
51; 22, 1020; 440, 2
49; 22, 980; 440, 2
49; 20, 980; 400, 2
51; 20, 1020; 400, 2
49; 18, 980; 360, 2
51; 18, 1020; 360, 2
49; 16, 980; 320, 2
51; 16, 1020; 320, 2
51; 21, 1020; 420, 1
49; 21, 980; 420, 1
49; 19, 980; 380, 1
51; 19, 1020; 380, 1
51; 17, 1020; 340, 1
49; 17, 980; 340, 1
51; 15, 1020; 300, 1
49; 15, 980; 300, 1
49; 13, 980; 260, 1
51; 13, 1020; 260, 1
51; 11, 1020; 220, 1
49; 11, 980; 220, 1
51; 14, 1020; 280, 2
49; 14, 980; 280, 2
49; 12, 980; 240, 2
51; 12, 1020; 240, 2
49; 9, 980; 180, 1
51; 9, 1020; 180, 1
49; 7, 980; 140, 1
51; 7, 1020; 140, 1
49; 10, 980; 200, 2
51; 10, 1020; 200, 2
51; 8, 1020; 160, 2
49; 8, 980; 160, 2
49; 5, 980; 100, 1
51; 5, 1020; 100, 1
49; 6, 980; 120, 2
51; 6, 1020; 120, 2
49; 4, 980; 80, 2
49; 2, 980; 40, 2
49; 0, 980; 0, 2
51; 0, 1020; 0, 2
51; 2, 1020; 40, 2
51; 4, 1020; 80, 2
51; 3, 1020; 60, 1
49; 3, 980; 60, 1
49; 1, 980; 20, 1
51; 1, 1020; 20, 1
24; 26, 480; 520, 2
25; 25, 500; 500, 2
26; 26, 520; 520, 2
27; 25, 540; 500, 2
28; 26, 560; 520, 2
29; 25, 580; 500, 2
30; 26, 600; 520, 2
31; 25, 620; 500, 2
32; 26, 640; 520, 2
33; 25, 660; 500, 2
34; 26, 680; 520, 2
35; 25, 700; 500, 2
36; 26, 720; 520, 2
38; 26, 760; 520, 2
40; 26, 800; 520, 2
37; 25, 740; 500, 2
39; 25, 780; 500, 2
41; 25, 820; 500, 2
42; 26, 840; 520, 2
43; 25, 860; 500, 2
44; 26, 880; 520, 2
45; 25, 900; 500, 2
46; 26, 920; 520, 2
47; 25, 940; 500, 2
48; 26, 960; 520, 2
49; 25, 980; 500, 2
50; 26, 1000; 520, 2
53; 25, 1060; 500, 2
51; 25, 1020; 500, 2
52; 26, 1040; 520, 2
54; 26, 1080; 520, 2
55; 25, 1100; 500, 2
56; 26, 1120; 520, 2
57; 25, 1140; 500, 2
58; 26, 1160; 520, 2
59; 25, 1180; 500, 2
60; 26, 1200; 520, 2
61; 25, 1220; 500, 2
76; 26, 1520; 520, 2
74; 26, 1480; 520, 2
75; 25, 1500; 500, 2
63; 25, 1260; 500, 2
62; 26, 1240; 520, 2
64; 26, 1280; 520, 2
66; 26, 1320; 520, 2
65; 25, 1300; 500, 2
68; 26, 1360; 520, 2
67; 25, 1340; 500, 2
70; 26, 1400; 520, 2
69; 25, 1380; 500, 2
71; 25, 1420; 500, 2
72; 26, 1440; 520, 2
73; 25, 1460; 500, 2
51; 23, 1020; 480, 1
52; 23, 1040; 480, 1
53; 23, 1060; 480, 1
54; 23, 1080; 480, 1
55; 23, 1100; 480, 1
49; 23, 980; 480, 1
48; 23, 960; 480, 1
47; 23, 940; 480, 1
46; 23, 920; 480, 1
45; 23, 900; 480, 1
50; 23, 1000; 480, 1
#b1
#b2