#misc
area, 4
checkpoint, 19; 6
checkpoint, 31; 6
checkpoint, 19; 20
checkpoint, 27; 25
checkpoint, 43; 25
checkpoint, 63; 25
exit, 345; 370, 1300; 350; 2; 40, 4, decor, 1
exit, 1060; 490, 1300; 470; 2; 40, 4, decor, 1
exit, 1220; 380, 1300; 370; 2; 40, 4, decor, 1
exit, 1530; 470, 1620; 435; 2; 70, 4, Area4Select, 1
exit, 120; 300, 0; 287; 2; 148, 3, MainHub, 5
size, 1620, 680
spawn, 46, 409, 1
name, Area 4
exitP, To Area Select, MainHub, 5
index, 38
music, 4
key, 340, 120
key, 660, 120
key, 860, 380, X
key, 1260, 40, X
key, 1300, 440
#blocks
0; 21, 0; 420, R
1; 21, 20; 420, R
2; 21, 40; 420, R
3; 21, 60; 420, R
4; 21, 80; 420, R
5; 21, 100; 420, R
6; 21, 120; 420, R
2; 14, 40; 280, R
1; 14, 20; 280, R
3; 15, 60; 300, R
4; 15, 80; 300, R
5; 15, 100; 300, R
6; 15, 120; 300, R
0; 14, 0; 280, R
7; 21, 140; 420, R
8; 21, 160; 420, R
7; 15, 140; 300, R
8; 15, 160; 300, R
9; 21, 180; 420, R
9; 15, 180; 300, R
10; 15, 200; 300, R
11; 15, 220; 300, R
11; 21, 220; 420, R
6; 20, 120; 400, R
12; 15, 240; 300, R
13; 15, 260; 300, R
13; 21, 260; 420, R
11; 17, 220; 340, R
11; 16, 220; 320, R
12; 16, 240; 322, R
10; 16, 200; 322, R
10; 21, 200; 420, R| move, 1.0, 200; 400, 12; 21, 240; 439; 20; 20| move, 1.0, 200; 420, 12; 20, 240; 361; 20; 20
12; 21, 240; 420, R| move, 1.0, 240; 400, 12; 21, 240; 439; 20; 20| move, 1.0, 240; 420, 12; 20, 240; 361; 20; 20
7; 16, 140; 325, R
5; 16, 100; 325, R
14; 21, 280; 420, R
15; 21, 300; 420, R
16; 21, 320; 420, R
17; 21, 340; 420, R
14; 15, 280; 300, R
15; 15, 300; 300, R
17; 15, 340; 300, R
16; 17, 320; 340, R
15; 14, 300; 280, R
15; 13, 300; 260, R
18; 15, 360; 300, R
18; 14, 360; 280, R
18; 13, 360; 260, R
18; 12, 360; 240, R
17; 12, 340; 240, R
15; 12, 300; 240, R
15; 11, 300; 220, R
15; 10, 300; 200, R
15; 9, 300; 180, R
15; 8, 300; 160, R
18; 11, 360; 220, R
18; 10, 360; 200, R
18; 9, 360; 180, R
18; 8, 360; 160, R
17; 7, 340; 140, R
15; 7, 300; 140, R
15; 6, 300; 120, R
15; 5, 300; 100, R
15; 4, 300; 80, R
16; 4, 320; 80, R
17; 4, 340; 80, R
18; 4, 360; 80, R
19; 4, 380; 80, R
18; 7, 360; 140, R
19; 7, 380; 140, R
20; 4, 400; 80, R
20; 7, 400; 140, R
21; 7, 420; 140, R
22; 7, 440; 140, R
23; 7, 460; 140, R
24; 7, 480; 140, R
25; 7, 500; 140, R
21; 4, 420; 80, R
22; 4, 440; 80, R
23; 4, 460; 80, R
24; 4, 480; 80, R
25; 4, 500; 80, R
26; 7, 520; 140, R
27; 7, 540; 140, R
26; 4, 520; 80, R
27; 4, 540; 80, R
28; 4, 560; 80, R
29; 4, 580; 80, R
30; 4, 600; 80, R
28; 7, 560; 140, R
29; 7, 580; 140, R
30; 7, 600; 140, R
31; 7, 620; 140, R
31; 4, 620; 80, R
32; 7, 640; 140, R
32; 4, 640; 80, R
33; 7, 660; 140, R
33; 4, 660; 80, R
34; 4, 680; 80, R
35; 6, 700; 120, R
35; 5, 700; 100, R
35; 7, 700; 140, R
34; 7, 680; 140, R
18; 21, 360; 420, R
19; 21, 380; 420, R
19; 16, 380; 320, R
20; 17, 400; 340, R
20; 21, 400; 420, R
21; 21, 420; 420, R
21; 17, 420; 340, R
23; 19, 460; 380, R
23; 20, 460; 400, R
23; 21, 460; 420, R
22; 21, 440; 420, R
22; 16, 440; 320, R
23; 15, 460; 300, R
24; 16, 480; 320, R
25; 17, 500; 340, R
25; 21, 500; 420, R
25; 22, 500; 440, R
25; 23, 500; 460, R
24; 22, 480; 440, R
26; 17, 520; 340, R
27; 17, 540; 340, R
27; 18, 540; 360, R
27; 19, 540; 380, R
27; 20, 540; 400, R
27; 21, 540; 420, R
27; 22, 540; 440, R
27; 23, 540; 460, R
25; 24, 500; 480, R
25; 25, 500; 500, R
25; 26, 500; 520, R
26; 26, 520; 520, R
27; 26, 540; 520, R
28; 26, 560; 520, R
29; 26, 580; 520, R
28; 23, 560; 460, R
29; 23, 580; 460, R
30; 23, 600; 460, R
31; 23, 620; 460, R
32; 23, 640; 460, R
33; 23, 660; 460, R
31; 26, 620; 520, R
34; 23, 680; 460, R
35; 23, 700; 460, R
36; 23, 720; 460, R
25; 27, 500; 540, R
26; 28, 520; 560, R
27; 29, 540; 580, R
28; 29, 560; 580, R
29; 29, 580; 580, R
30; 29, 600; 580, R
31; 29, 620; 580, R
32; 29, 640; 580, R
33; 29, 660; 580, R
34; 29, 680; 580, R
35; 29, 700; 580, R
36; 29, 720; 580, R
37; 23, 740; 460, R
38; 23, 760; 460, R
39; 23, 780; 460, R
40; 23, 800; 460, R
41; 23, 820; 460, R
37; 29, 740; 580, R
38; 29, 760; 580, R
39; 29, 780; 580, R
40; 29, 800; 580, R
41; 29, 820; 580, R
42; 29, 840; 580, R
33; 26, 660; 520, R| move, 1.0, 700; 520, 33; 26, 641; 520; 20; 20| move, 1.0, 660; 520, 33; 26, 719; 520; 20; 20
39; 26, 780; 520, R| move, 1.0, 740; 520, 39; 26, 799; 520; 20; 20| move, 1.0, 780; 520, 39; 26, 721; 520; 20; 20
41; 26, 820; 520, R
42; 26, 840; 520, R
43; 26, 860; 520, R
44; 26, 880; 520, R
43; 29, 860; 580, R
44; 28, 880; 560, R
45; 27, 900; 540, R
45; 26, 900; 520, R
42; 23, 840; 460, R
43; 23, 860; 460, R
44; 23, 880; 460, R
45; 23, 900; 460, R
45; 22, 900; 440, R
45; 21, 900; 420, R
44; 17, 880; 340, R
44; 16, 880; 320, R
44; 15, 880; 300, R
44; 14, 880; 280, R
44; 13, 880; 260, R
44; 12, 880; 240, R
44; 11, 880; 220, R
44; 10, 880; 200, R
44; 7, 880; 140, R
44; 9, 880; 180, R
44; 8, 880; 160, R
35; 4, 700; 80, R
44; 6, 880; 120, R
44; 5, 880; 100, R
44; 4, 880; 80, R
44; 3, 880; 60, R
44; 2, 880; 40, R
44; 1, 880; 20, R
44; 0, 880; 0, R
43; 20, 860; 400, R
42; 19, 840; 380, R
43; 18, 860; 360, R
44; 21, 880; 420, R
49; 27, 980; 540, R
53; 27, 1060; 540, R
57; 27, 1140; 540, R
61; 26, 1220; 520, R
62; 26, 1240; 520, R
61; 23, 1220; 460, R
62; 23, 1240; 460, R| move, 0.5, 1260; 460, player, 1290; 406; 20; 50
61; 22, 1220; 440, R
61; 21, 1220; 420, R
62; 21, 1240; 420, R
62; 17, 1240; 340, R
62; 16, 1240; 320, R
62; 15, 1240; 300, R
62; 14, 1240; 280, R
62; 13, 1240; 260, R
62; 12, 1240; 240, R
62; 11, 1240; 220, R
62; 10, 1240; 200, R
62; 9, 1240; 180, R
62; 8, 1240; 160, R
62; 7, 1240; 140, R
62; 6, 1240; 120, R
62; 5, 1240; 100, R
62; 4, 1240; 80, R
62; 3, 1240; 60, R
62; 1, 1240; 20, R
62; 0, 1240; 0, R
53; 19, 1060; 380, R| alternate, 1060; 380, 1000; 340, 1120; 340, 1060; 300, 1080; 320, 1020; 260, 1080; 260, 1160; 240, 1160; 300, 1120; 220, 1040; 220, 980; 180, 1040; 120, 1120; 80, 1180; 60, 1200; 60, 1220; 60, 1, player, 1063; 378; 14; 2| teleport, 1220; 60, 53; 19, 1220; 60; 20; 20
63; 20, 1260; 400, B
64; 19, 1280; 380, B
63; 18, 1260; 360, B
62; 22, 1240; 440, R| teleport, 1140; 380, player, 1263; 398; 14; 2| teleport, 400; 80, player, 1060; 360; 20; 20
63; 3, 1260; 60, R
63; 1, 1260; 20, R
64; 1, 1280; 20, R
63; 26, 1260; 520, R
63; 23, 1260; 460, R
65; 1, 1300; 20, R
66; 1, 1320; 20, R
67; 1, 1340; 20, R
67; 2, 1340; 40, R
67; 4, 1340; 80, R
67; 5, 1340; 100, R
67; 6, 1340; 120, R
67; 3, 1340; 60, R
64; 3, 1280; 60, R
64; 4, 1280; 80, R
64; 5, 1280; 100, R
64; 14, 1280; 280, R
64; 13, 1280; 260, R
64; 12, 1280; 240, R
64; 11, 1280; 220, R
64; 10, 1280; 200, R
64; 9, 1280; 180, R
64; 8, 1280; 160, R
64; 7, 1280; 140, R
64; 6, 1280; 120, R
67; 7, 1340; 140, R
67; 15, 1340; 300, R
67; 14, 1340; 280, R
67; 13, 1340; 260, R
67; 12, 1340; 240, R
67; 11, 1340; 220, R
67; 10, 1340; 200, R
67; 9, 1340; 180, R
67; 8, 1340; 160, R
64; 15, 1280; 300, R
64; 16, 1280; 320, R
65; 16, 1300; 320, R
67; 16, 1340; 320, R
65; 17, 1300; 340, R
65; 18, 1300; 360, R
67; 17, 1340; 340, R
67; 18, 1340; 360, R
67; 19, 1340; 380, R
67; 20, 1340; 400, R
64; 23, 1280; 460, R
67; 21, 1340; 420, R
67; 22, 1340; 440, R
67; 23, 1340; 460, R
66; 23, 1320; 460, R
65; 23, 1300; 460, R
64; 26, 1280; 520, R
66; 26, 1320; 520, R
67; 26, 1340; 520, R
65; 26, 1300; 520, R
68; 23, 1360; 460, R
68; 26, 1360; 520, R
69; 26, 1380; 520, R
70; 26, 1400; 520, R
71; 25, 1420; 500, R
72; 24, 1440; 480, R
69; 22, 1380; 440, R
70; 21, 1400; 420, R
71; 20, 1420; 400, R
72; 19, 1440; 380, R
74; 24, 1480; 480, R
73; 20, 1460; 400, R
74; 19, 1480; 380, R
73; 25, 1460; 500, R
75; 25, 1500; 500, R
76; 25, 1520; 500, R
77; 25, 1540; 500, R
75; 20, 1500; 400, R
76; 21, 1520; 420, R
79; 25, 1580; 500, R
80; 25, 1600; 500, R
77; 21, 1540; 420, R
79; 21, 1580; 420, R
80; 21, 1600; 420, R
78; 21, 1560; 420, R
78; 25, 1560; 500, R| teleport, 1560; 480, player, 1552; 438; 2; 74
#spikes
2; 15, 40; 300, 2
1; 15, 20; 300, 2
0; 15, 0; 300, 2
6; 16, 120; 320, 2
4; 16, 80; 320, 2
3; 16, 60; 320, 2
8; 16, 160; 320, 2
9; 16, 180; 320, 2
6; 19, 120; 380, 1
5; 20, 100; 400, 1
13; 16, 260; 320, 2
12; 17, 240; 344, 2
10; 17, 200; 344, 2
10; 20, 200; 400, 1| move, 1.0, 200; 380, 12; 21, 240; 439; 20; 20| move, 1.0, 200; 400, 12; 20, 240; 361; 20; 20
12; 20, 240; 400, 1| move, 1.0, 240; 380, 12; 21, 240; 439; 20; 20| move, 1.0, 240; 400, 12; 20, 240; 361; 20; 20
11; 22, 220; 439, 2| move, 1.0, 220; 419, 12; 21, 240; 439; 20; 20| move, 1.0, 220; 439, 12; 20, 240; 361; 20; 20
5; 18, 100; 350, 2
7; 18, 140; 350, 2
11; 18, 220; 341, 1
16; 18, 320; 357, 2| alternate, 320; 360; 2, 300; 340; 3, 320; 320; 1, 340; 340; 4, 0.2, 16; 17, 320; 340; 20; 20
17; 14, 340; 280, 1| alternate, 340; 280; 1, 340; 220; 1, 0.6, 17; 15, 340; 300; 20; 20
16; 10, 320; 200, 2
16; 9, 320; 180, 1
17; 8, 340; 157, 2
21; 6, 420; 130, 1| teleport, 560; 130, 21; 6, 381; 120; 20; 20| move, 1.0, 400; 130, 21; 6, 429; 140; 146; 20
23; 6, 460; 130, 1| teleport, 560; 130, 23; 6, 381; 120; 20; 20| move, 1.0, 400; 130, 23; 6, 462; 140; 110; 20
25; 6, 500; 130, 1| teleport, 560; 130, 25; 6, 381; 120; 20; 20| move, 1.0, 400; 130, 25; 6, 502; 120; 68; 20
27; 6, 540; 130, 1| teleport, 560; 130, 27; 6, 381; 120; 20; 20| move, 1.0, 400; 130, 27; 6, 539; 120; 32; 20
22; 5, 440; 90, 2| move, 1.0, 400; 90, 22; 5, 451; 100; 122; 20| teleport, 560; 90, 22; 5, 381; 100; 20; 20
28; 5, 560; 90, 2| move, 1.0, 400; 90, 28; 5, 560; 100; 20; 20| teleport, 560; 90, 28; 5, 381; 100; 20; 20
26; 5, 520; 90, 2| move, 1.0, 400; 90, 26; 5, 522; 80; 50; 20| teleport, 560; 90, 26; 5, 381; 100; 20; 20
24; 5, 480; 90, 2| move, 1.0, 400; 90, 24; 5, 493; 100; 74; 20| teleport, 560; 90, 24; 5, 381; 100; 20; 20
29; 6, 580; 120, 1
21; 18, 420; 360, 1
21; 19, 420; 380, 2
22; 20, 440; 403, 1
23; 18, 460; 360, 1
24; 21, 480; 420, 1
25; 20, 500; 400, 1
25; 18, 500; 350, 2
26; 18, 530; 360, 3
26; 19, 530; 380, 3
26; 20, 530; 400, 3
26; 23, 510; 460, 4
26; 21, 530; 420, 3
29; 24, 580; 480, 2
30; 24, 600; 480, 2
31; 24, 620; 480, 2
32; 24, 640; 480, 2
33; 24, 660; 480, 2
26; 27, 520; 540, 1
27; 28, 540; 560, 1
28; 28, 560; 560, 1
29; 28, 580; 560, 1
30; 28, 600; 560, 1
31; 28, 620; 560, 1
32; 28, 640; 560, 1
33; 28, 660; 560, 1
34; 28, 680; 560, 1
35; 28, 700; 560, 1
36; 28, 720; 560, 1
34; 24, 680; 480, 2
35; 24, 700; 480, 2
36; 24, 720; 480, 2
37; 24, 740; 480, 2
38; 24, 760; 480, 2
39; 24, 780; 480, 2
40; 24, 800; 480, 2
41; 24, 820; 480, 2
37; 28, 740; 560, 1
39; 28, 780; 560, 1
40; 28, 800; 560, 1
41; 28, 820; 560, 1
42; 28, 840; 560, 1
38; 28, 760; 560, 1
43; 28, 860; 560, 1
44; 27, 880; 540, 1
46; 21, 917; 420, 4
44; 20, 880; 400, 4| move, 1, 880; 400, 44; 20, 841; 400; 20; 20| move, 1.0, 860; 400, 44; 20, 898; 400; 20; 20
44; 18, 880; 360, 4| move, 1, 880; 360, 44; 20, 841; 400; 20; 20| move, 1.0, 860; 360, 44; 20, 898; 400; 20; 20
53; 26, 1060; 520, 1| alternate, 1060; 520; 1, 1060; 560; 2, 0.4, 53; 27, 1060; 540; 20; 20
57; 28, 1140; 560, 2| alternate, 1140; 560; 2, 1140; 520; 1, 0.4, 53; 27, 1060; 540; 20; 20
49; 28, 980; 560, 2| alternate, 980; 560; 2, 980; 520; 1, 0.4, 53; 27, 1060; 540; 20; 20
60; 21, 1203; 420, 3
62; 20, 1240; 400, 3| move, 1, 1260; 400, 62; 20, 1221; 400; 20; 20| move, 1, 1240; 400, 62; 20, 1279; 400; 20; 20
62; 18, 1240; 360, 3| move, 1, 1260; 360, 62; 20, 1221; 400; 20; 20| move, 1, 1240; 360, 62; 20, 1279; 400; 20; 20
66; 2, 1320; 40, 3
66; 3, 1320; 60, 3
66; 4, 1320; 80, 3
66; 5, 1320; 100, 3
66; 6, 1323; 120, 3
65; 8, 1297; 160, 4
65; 9, 1300; 180, 4
65; 10, 1300; 200, 4
65; 11, 1300; 220, 4
66; 13, 1320; 260, 3
65; 15, 1300; 300, 1
69; 23, 1380; 460, 2
70; 22, 1400; 440, 2
71; 21, 1420; 420, 2
72; 20, 1440; 400, 2
70; 25, 1400; 500, 1
72; 23, 1440; 460, 1
74; 23, 1480; 460, 1
73; 21, 1460; 420, 2
74; 20, 1480; 400, 2
73; 24, 1460; 480, 1
75; 21, 1500; 420, 2
76; 22, 1520; 440, 2
77; 22, 1540; 440, 2| teleport, 1540; 480; 1, player, 1552; 434; 2; 74
78; 22, 1560; 440, 2| teleport, 1560; 460; 1, player, 1552; 436; 2; 74
79; 22, 1580; 440, 2| teleport, 1580; 480; 1, player, 1552; 434; 2; 74
80; 22, 1600; 440, 2
66; 25, 1317; 505, 1
67; 25, 1343; 505, 1