#misc
area, 4
checkpoint, 57; 25
exit, 1170; 470, 1360; 448; 2; 64, 4, Area4Dungeon, 1
exit, 220; 460, 210; 0; 40; 2, 1, decor, 1
exit, 300; 460, 290; 0; 40; 2, 1, decor, 1
exit, 380; 460, 370; 0; 40; 2, 1, decor, 1
exit, 460; 460, 450; 0; 40; 2, 1, decor, 1
exit, 540; 460, 530; 0; 40; 2, 1, decor, 1
exit, 620; 460, 610; 0; 40; 2, 1, decor, 1
exit, 700; 460, 690; 0; 40; 2, 1, decor, 1
exit, 780; 460, 770; 0; 40; 2, 1, decor, 1
exit, 860; 460, 850; 0; 40; 2, 1, decor, 1
exit, 940; 460, 930; 0; 40; 2, 1, decor, 1
exit, 1020; 460, 1010; 0; 40; 2, 1, decor, 1
exit, 140; 420, 0; 428; 2; 100, 3, MainHub, 5
size, 1360, 580
spawn, 46, 509, 1
spawn, 226, 509, 1
spawn, 306, 509, 1
spawn, 386, 509, 1
spawn, 466, 509, 1
spawn, 546, 509, 1
spawn, 626, 509, 1
spawn, 706, 509, 1
spawn, 786, 509, 1
spawn, 866, 509, 1
spawn, 946, 509, 1
spawn, 1026, 509, 1
spawn, 1106, 509, 1
special, 7
name, Level Select
exitP, To Area Select, MainHub, 5
music, 4
#blocks
0; 26, 0; 520, R
1; 26, 20; 520, R
2; 26, 40; 520, R
3; 26, 60; 520, R
4; 26, 80; 520, R
5; 26, 100; 520, R
6; 26, 120; 520, R
7; 26, 140; 520, R
8; 26, 160; 520, R
9; 23, 180; 460, R
9; 22, 180; 440, R
0; 21, 0; 420, R
1; 21, 20; 420, R
2; 21, 40; 420, R
3; 21, 60; 420, R
4; 21, 80; 420, R
5; 21, 100; 420, R
6; 21, 120; 420, R
7; 21, 140; 420, R
8; 21, 160; 420, R
9; 21, 180; 420, R
10; 21, 200; 420, R| largeNudge
11; 21, 220; 420, R| largeNudge
12; 21, 240; 420, R| largeNudge
13; 23, 260; 460, R
13; 22, 260; 440, R
13; 21, 260; 420, R
14; 21, 280; 420, R| largeNudge
15; 21, 300; 420, R| largeNudge
16; 21, 320; 420, R| largeNudge
17; 21, 340; 420, R
19; 21, 380; 420, R| largeNudge
20; 21, 400; 420, R| largeNudge
21; 21, 420; 420, R
22; 21, 440; 420, R| largeNudge
18; 21, 360; 420, R| largeNudge
17; 22, 340; 440, R
17; 23, 340; 460, R
23; 21, 460; 420, R| largeNudge
24; 21, 480; 420, R| largeNudge
25; 21, 500; 420, R
26; 21, 520; 420, R| largeNudge
27; 21, 540; 420, R| largeNudge
28; 21, 560; 420, R| largeNudge
29; 21, 580; 420, R
21; 22, 420; 440, R
21; 23, 420; 460, R
25; 22, 500; 440, R
25; 23, 500; 460, R
29; 22, 580; 440, R
29; 23, 580; 460, R
30; 21, 600; 420, R| largeNudge
31; 21, 620; 420, R| largeNudge
32; 21, 640; 420, R| largeNudge
33; 21, 660; 420, R
34; 21, 680; 420, R| largeNudge
33; 22, 660; 440, R
33; 23, 660; 460, R
35; 21, 700; 420, R| largeNudge
36; 21, 720; 420, R| largeNudge
37; 21, 740; 420, R
38; 21, 760; 420, R| largeNudge
39; 21, 780; 420, R| largeNudge
40; 21, 800; 420, R| largeNudge
41; 21, 820; 420, R
42; 21, 840; 420, R| largeNudge
37; 22, 740; 440, R
37; 23, 740; 460, R
41; 22, 820; 440, R
41; 23, 820; 460, R
43; 21, 860; 420, R| largeNudge
44; 21, 880; 420, R| largeNudge
45; 21, 900; 420, R
46; 21, 920; 420, R| largeNudge
45; 22, 900; 440, R
45; 23, 900; 460, R
47; 21, 940; 420, R| largeNudge
48; 21, 960; 420, R| largeNudge
49; 21, 980; 420, R
50; 21, 1000; 420, R
49; 22, 980; 440, R
49; 23, 980; 460, R
51; 21, 1020; 420, R
52; 21, 1040; 420, R
53; 21, 1060; 420, R
53; 23, 1060; 460, R
53; 22, 1060; 440, R
12; 22, 240; 440, R
11; 23, 220; 460, R
10; 24, 200; 480, R
9; 25, 180; 500, R
13; 25, 260; 500, R
14; 24, 280; 480, R
15; 23, 300; 460, R
16; 22, 320; 440, R
20; 22, 400; 440, R
19; 23, 380; 460, R
18; 24, 360; 480, R
17; 25, 340; 500, R
24; 22, 480; 440, R
22; 24, 440; 480, R
21; 25, 420; 500, R
28; 22, 560; 440, R
27; 23, 540; 460, R
26; 24, 520; 480, R
25; 25, 500; 500, R
29; 25, 580; 500, R
30; 24, 600; 480, R
31; 23, 620; 460, R
32; 22, 640; 440, R
36; 22, 720; 440, R
35; 23, 700; 460, R
34; 24, 680; 480, R
33; 25, 660; 500, R
37; 25, 740; 500, R
38; 24, 760; 480, R
39; 23, 780; 460, R
40; 22, 800; 440, R
41; 25, 820; 500, R
42; 24, 840; 480, R
43; 23, 860; 460, R
44; 22, 880; 440, R
48; 22, 960; 440, R
47; 23, 940; 460, R
46; 24, 920; 480, R
45; 25, 900; 500, R
49; 25, 980; 500, R
50; 24, 1000; 480, R
51; 23, 1020; 460, R
52; 22, 1040; 440, R
53; 25, 1060; 500, R
54; 24, 1080; 480, R
55; 23, 1100; 460, R
56; 22, 1120; 440, R
54; 21, 1080; 420, R
55; 21, 1100; 420, R
56; 21, 1120; 420, R
57; 21, 1140; 420, R
57; 26, 1140; 520, R
58; 26, 1160; 520, R
59; 26, 1180; 520, R
60; 26, 1200; 520, R
58; 21, 1160; 420, R
59; 21, 1180; 420, R
60; 21, 1200; 420, R
61; 26, 1220; 520, R
62; 25, 1240; 500, R
61; 21, 1220; 420, R
62; 22, 1240; 440, R
63; 25, 1260; 500, R
64; 25, 1280; 500, R
63; 22, 1260; 440, R
64; 22, 1280; 440, R
65; 25, 1300; 500, R
66; 25, 1320; 500, R
65; 22, 1300; 440, R
66; 22, 1320; 440, R
67; 22, 1340; 440, R
67; 25, 1340; 500, R
23; 23, 460; 460, R
#spikes
61; 25, 1220; 500, 3
61; 22, 1220; 440, 3
62; 24, 1240; 480, 1| alternate, 1240; 480; 1, 1260; 480; 1, 0.5, 64; 25, 1280; 500; 20; 20
64; 24, 1280; 480, 1| alternate, 1280; 480; 1, 1300; 480; 1, 0.5, 64; 25, 1280; 500; 20; 20
66; 24, 1320; 480, 1| alternate, 1320; 480; 1, 1340; 480; 1, 0.5, 64; 25, 1280; 500; 20; 20
62; 26, 1240; 520, 2
63; 26, 1260; 520, 2
64; 26, 1280; 520, 2
65; 26, 1300; 520, 2
66; 26, 1320; 520, 2
67; 26, 1340; 520, 2
62; 21, 1240; 420, 1
63; 21, 1260; 420, 1
64; 21, 1280; 420, 1
65; 21, 1300; 420, 1
66; 21, 1320; 420, 1
67; 21, 1340; 420, 1
9; 20, 180; 400, 1
13; 20, 260; 400, 1
17; 20, 340; 400, 1
21; 20, 420; 400, 1
25; 20, 500; 400, 1
29; 20, 580; 400, 1
33; 20, 660; 400, 1
37; 20, 740; 400, 1
41; 20, 820; 400, 1
45; 20, 900; 400, 1
49; 20, 980; 400, 1
53; 20, 1060; 400, 1