#misc
area, 4
checkpoint, 48; 24
checkpoint, 27; 24
checkpoint, 20; 7
checkpoint, 7; 22
checkpoint, 10; 41
exit, 400; 720, 375; 840; 70; 2, 2, TransitionToHub, 4, 5
size, 1140, 860
spawn, 806, 489, 0
name, DUNGEON 4
exitP, Exit Dungeon, Area4Select, 13
index, 50
music, 4
mittens, 30, 980, 480
mittens, 31, 590, 450
mittens, 32, 495, 260
mittens, 33, 465, 260
mittens, 34, 320, 300
mittens, 35, 280, 445
mittens, 36, 200, 485
mittens, 37, 333, 487
mittens, 38, 400, 210
lockM, 30, 640, 480, R
lockM, 33, 440, 140, R
lockM, 35, 200, 420, R
lockM, 38, 380, 840, R
lockM, 38, 400, 840, R
lockM, 38, 420, 840, R
#blocks
40; 25, 800; 500, R
38; 22, 760; 440, R
39; 22, 780; 440, R
40; 22, 800; 440, R
41; 22, 820; 440, R
42; 22, 840; 440, R
43; 22, 860; 440, R
42; 25, 840; 500, R
38; 25, 760; 500, R
44; 25, 880; 500, R
37; 22, 740; 440, R
36; 22, 720; 440, R
36; 25, 720; 500, R
45; 25, 900; 500, R
35; 25, 700; 500, R
46; 25, 920; 500, R
34; 25, 680; 500, R
36; 28, 720; 560, R
37; 28, 740; 560, R
38; 28, 760; 560, R
39; 28, 780; 560, R
40; 28, 800; 560, R
41; 28, 820; 560, R
42; 28, 840; 560, R
43; 28, 860; 560, R
44; 28, 880; 560, R
45; 27, 900; 540, R
46; 26, 920; 520, R
35; 27, 700; 540, R
34; 26, 680; 520, R
44; 22, 880; 440, R
45; 22, 900; 440, R
46; 22, 920; 440, R
35; 22, 700; 440, R
34; 22, 680; 440, R
47; 25, 940; 500, R
33; 25, 660; 500, R
47; 22, 940; 440, R
33; 22, 660; 440, R
48; 22, 960; 440, R
49; 22, 980; 440, R
49; 25, 980; 500, R
48; 25, 960; 500, R
50; 25, 1000; 500, R
50; 24, 1000; 480, R
50; 23, 1000; 460, R
50; 22, 1000; 440, R
32; 25, 640; 500, R
31; 25, 620; 500, R
32; 22, 640; 440, R
30; 25, 600; 500, R
29; 25, 580; 500, R
28; 25, 560; 500, R
31; 21, 620; 420, R
30; 20, 600; 400, R
29; 20, 580; 400, R
28; 21, 560; 420, R
27; 22, 540; 440, R
27; 25, 540; 500, R
26; 25, 520; 500, R
25; 25, 500; 500, R
24; 25, 480; 500, R
23; 25, 460; 500, R
22; 25, 440; 500, R
26; 22, 520; 440, R
26; 21, 520; 420, R
26; 20, 520; 400, R
22; 22, 440; 440, R
22; 21, 440; 420, R
22; 20, 440; 400, R
26; 19, 520; 380, R
26; 18, 520; 360, R
26; 17, 520; 340, R
26; 16, 520; 320, R
26; 15, 520; 300, R
22; 18, 440; 360, R
22; 17, 440; 340, R
22; 16, 440; 320, R
22; 15, 440; 300, R
22; 14, 440; 280, R
26; 14, 520; 280, R
26; 13, 520; 260, R
26; 12, 520; 240, R
26; 11, 520; 220, R
26; 10, 520; 200, R
26; 9, 520; 180, R
22; 13, 440; 260, R
22; 12, 440; 240, R
22; 11, 440; 220, R
22; 10, 440; 200, R
22; 9, 440; 180, R
24; 24, 480; 500, R| move, 1.0, 480; 160, player, 485; 496; 10; 2
26; 8, 520; 160, R
26; 7, 520; 140, R
26; 6, 520; 120, R
22; 8, 440; 160, R
26; 5, 520; 100, R
25; 5, 500; 100, R
24; 5, 480; 100, R
23; 5, 460; 100, R
22; 5, 440; 100, R
32; 23, 640; 460, R
22; 24, 440; 480, R
22; 23, 440; 460, R
21; 24, 440; 480, R| teleport, 520; 480, player, 462; 440; 56; 20
21; 23, 440; 460, R| teleport, 520; 460, player, 462; 440; 56; 20
21; 8, 420; 160, R
21; 5, 420; 100, R
20; 8, 400; 160, R
20; 5, 400; 100, R
22; 6, 440; 120, R
19; 8, 380; 160, R
19; 5, 380; 100, R
18; 8, 360; 160, R
18; 5, 360; 100, R
18; 6, 360; 120, R
17; 5, 340; 100, R
16; 5, 320; 100, R
15; 5, 300; 100, R
14; 5, 280; 100, R
18; 9, 360; 180, R
18; 10, 360; 200, R
14; 6, 280; 120, R
14; 7, 280; 140, R
14; 8, 280; 160, R
14; 9, 280; 180, R
14; 10, 280; 200, R
14; 11, 280; 220, R
14; 12, 280; 240, R
14; 13, 280; 260, R
14; 14, 280; 280, R
18; 11, 360; 220, R
18; 12, 360; 240, R
18; 13, 360; 260, R
18; 14, 360; 280, R
17; 9, 340; 180, R
16; 9, 320; 180, R
15; 11, 300; 220, R
16; 11, 320; 220, R
17; 14, 340; 280, R
16; 14, 320; 280, R
14; 15, 280; 300, R
14; 16, 280; 320, R
14; 17, 280; 340, R
14; 18, 280; 360, R
18; 15, 360; 300, R
18; 16, 360; 320, R
18; 17, 360; 340, R
18; 18, 360; 360, R
18; 19, 360; 380, R
15; 18, 300; 360, R| front
16; 17, 320; 340, R
16; 18, 320; 360, R
18; 20, 360; 400, R
18; 21, 360; 420, R
17; 21, 340; 420, R| front
16; 21, 320; 420, R| front
14; 19, 280; 380, R
15; 23, 300; 460, R
16; 22, 320; 440, R
15; 24, 300; 480, R
14; 25, 280; 500, R
13; 24, 260; 480, R
13; 23, 260; 460, R
12; 23, 240; 460, R
13; 19, 260; 380, R
12; 19, 240; 380, R
8; 23, 160; 460, R
7; 23, 140; 460, R
11; 23, 220; 450, R
9; 23, 180; 450, R
11; 19, 220; 390, R
10; 19, 200; 400, R
9; 19, 180; 390, R
8; 19, 160; 380, R
7; 19, 140; 380, R
6; 23, 120; 460, R
6; 19, 120; 380, R
5; 19, 100; 380, R
4; 19, 80; 380, R
2; 21, 40; 420, R
2; 22, 40; 440, R
2; 23, 40; 460, R| teleport, 360; 480, 20; 28, 400; 224; 20; 20
2; 24, 40; 480, R| teleport, 360; 500, 20; 28, 400; 224; 20; 20
2; 26, 40; 520, R
2; 27, 40; 540, R
2; 28, 40; 560, R
2; 29, 40; 580, R
2; 30, 40; 600, R
2; 31, 40; 620, R
2; 32, 40; 640, R
2; 33, 40; 660, R
2; 34, 40; 680, R
2; 25, 40; 500, R
7; 24, 140; 480, R
7; 25, 140; 500, R
7; 26, 140; 520, R
7; 27, 140; 540, R
7; 28, 140; 560, R
2; 35, 40; 700, R
2; 36, 40; 720, R
2; 37, 40; 740, R
2; 38, 40; 760, R
2; 39, 40; 780, R
4; 41, 80; 820, R
5; 41, 100; 820, R
6; 41, 120; 820, R
7; 41, 140; 820, R
8; 41, 160; 820, R
9; 41, 180; 820, R
11; 41, 220; 820, R
12; 41, 240; 820, R
13; 41, 260; 820, R
14; 41, 280; 820, R
15; 41, 300; 820, R
16; 41, 320; 820, R
13; 25, 260; 500, R
13; 26, 260; 520, R
13; 27, 260; 540, R
12; 32, 250; 640, R
12; 31, 250; 620, R
12; 30, 250; 600, R
12; 29, 250; 580, R
8; 32, 150; 640, R
8; 31, 150; 620, R
8; 30, 150; 600, R
8; 29, 150; 580, R
8; 35, 150; 700, R
8; 34, 150; 680, R
8; 33, 150; 660, R
12; 35, 250; 700, R
12; 34, 250; 680, R
12; 33, 250; 660, R
3; 20, 60; 400, R
3; 40, 60; 800, R
22; 26, 440; 520, R
22; 27, 440; 540, R
22; 28, 440; 560, R
22; 29, 440; 580, R
22; 30, 440; 600, R
22; 31, 440; 620, R
22; 32, 440; 640, R
22; 33, 440; 660, R
22; 34, 440; 680, R
22; 35, 440; 700, R
22; 36, 440; 720, R
22; 37, 440; 740, R
22; 38, 440; 760, R
22; 39, 440; 780, R
22; 40, 440; 800, R
22; 41, 440; 820, R
18; 36, 360; 720, R
18; 39, 360; 780, R
18; 38, 360; 760, R
18; 37, 360; 740, R
18; 34, 360; 680, R
18; 26, 360; 520, R
18; 27, 360; 540, R
18; 28, 360; 560, R
18; 29, 360; 580, R
18; 30, 360; 600, R
18; 31, 360; 620, R
18; 32, 360; 640, R
18; 33, 360; 660, R
18; 35, 360; 700, R
18; 22, 360; 440, R
18; 23, 360; 460, R
17; 40, 340; 800, R
18; 41, 360; 820, R
18; 40, 360; 800, R
17; 41, 340; 820, R
5; 30, 130; 600, R| move, 1.0, 60; 600, 5; 30, 149; 600; 20; 20| move, 1.0, 130; 600, 5; 30, 41; 600; 20; 20
4; 26, 60; 520, R| move, 1.0, 120; 520, 4; 26, 41; 520; 20; 20| move, 1.0, 60; 520, 4; 26, 139; 520; 20; 20
13; 28, 260; 560, R
4; 34, 60; 680, R| move, 1.0, 130; 680, 4; 34, 41; 680; 20; 20| move, 1.0, 60; 680, 4; 34, 149; 680; 20; 20
4; 38, 60; 760, R| move, 1.5, 340; 760, 4; 38, 41; 760; 20; 20| move, 1.5, 60; 760, 4; 38, 359; 760; 20; 20
16; 35, 340; 700, R| move, 1.0, 270; 700, 16; 35, 359; 700; 20; 20| move, 1.0, 340; 700, 16; 35, 251; 700; 20; 20
14; 32, 270; 640, R| move, 1.0, 340; 640, 14; 32, 251; 640; 20; 20| move, 1.0, 270; 640, 14; 32, 359; 640; 20; 20
16; 28, 340; 560, R| move, 1.0, 280; 560, 16; 28, 359; 560; 20; 20| move, 1.0, 340; 560, 16; 28, 261; 560; 20; 20
22; 19, 440; 380, R
10; 35, 170; 700, R| move, 1.0, 230; 700, 10; 35, 151; 700; 20; 20| move, 1.0, 170; 700, 10; 35, 249; 700; 20; 20
10; 31, 230; 620, R| move, 1.0, 170; 620, 10; 31, 249; 620; 20; 20| move, 1.0, 230; 620, 10; 31, 151; 620; 20; 20
10; 22, 200; 440, R
20; 28, 400; 560, R, X| move, 4.5, 400; 220, player, 369; 480; 2; 20| move, 4.5, 400; 880, 20; 28, 400; 201; 20; 20
10; 29, 160; 580, R| move, 1.0, 170; 580, 10; 29, 249; 580; 20; 20| move, 1.0, 230; 580, 10; 29, 151; 580; 20; 20
10; 42, 200; 840, R
11; 42, 220; 840, R
9; 42, 180; 840, R
18; 42, 360; 840, R
22; 42, 440; 840, R
21; 28, 420; 560, R, X| move, 4.5, 420; 220, player, 369; 480; 2; 20| move, 4.5, 420; 880, 20; 28, 400; 201; 20; 20
19; 28, 380; 560, R, X| move, 4.5, 380; 220, player, 369; 480; 2; 20| move, 4.5, 380; 880, 20; 28, 400; 201; 20; 20
#spikes
37; 23, 740; 460, 2
38; 23, 760; 460, 2| alternate, 760; 460; 2, 760; 480; 1, 0.5, 40; 23, 800; 460; 20; 20
39; 23, 780; 460, 2
41; 23, 820; 460, 2
42; 23, 840; 460, 2| alternate, 840; 460; 2, 840; 480; 1, 0.5, 40; 23, 800; 460; 20; 20
43; 23, 860; 460, 2
45; 26, 900; 520, 1
44; 27, 880; 540, 1
43; 27, 860; 540, 1
42; 27, 840; 540, 1
41; 27, 820; 540, 1
40; 27, 800; 540, 1
39; 27, 780; 540, 1
38; 27, 760; 540, 1
37; 27, 740; 540, 1
36; 27, 720; 540, 1
35; 26, 700; 520, 1
35; 23, 700; 455, 2
34; 23, 680; 460, 2| alternate, 680; 460; 2, 680; 480; 1, 0.5, 40; 23, 800; 460; 20; 20
45; 23, 900; 455, 2
46; 23, 920; 460, 2| alternate, 920; 460; 2, 920; 480; 1, 0.5, 40; 23, 800; 460; 20; 20
40; 23, 800; 460, 2
47; 23, 940; 455, 2
48; 23, 960; 460, 2
49; 23, 980; 460, 2
30; 24, 600; 480, 1
29; 24, 580; 480, 1
30; 21, 600; 420, 2
29; 21, 580; 420, 2
24; 21, 480; 420, 2
24; 20, 480; 400, 1
23; 26, 460; 500, 1| teleport, 460; 480, player, 459; 440; 62; 20
24; 26, 480; 500, 1| teleport, 480; 480, player, 459; 440; 62; 20
25; 26, 500; 500, 1| teleport, 500; 480, player, 459; 440; 62; 20
25; 6, 500; 120, 2
24; 6, 480; 120, 2
23; 6, 460; 120, 2
23; 22, 443; 440, 4
23; 21, 443; 420, 4
25; 22, 517; 440, 3
25; 21, 517; 420, 3
25; 20, 517; 400, 3
25; 19, 517; 380, 3
25; 18, 517; 360, 3
25; 17, 517; 340, 3
23; 20, 443; 400, 4
23; 19, 443; 380, 4
23; 18, 443; 360, 4
23; 17, 443; 340, 4
23; 16, 443; 320, 4
23; 15, 443; 300, 4
23; 14, 443; 280, 4
25; 16, 517; 320, 3
25; 15, 517; 300, 3
25; 14, 517; 280, 3
25; 13, 517; 260, 3
25; 12, 517; 240, 3
25; 11, 517; 220, 3
25; 10, 517; 200, 3
25; 9, 517; 180, 3
25; 8, 517; 160, 3
23; 13, 443; 260, 4
23; 12, 443; 240, 4
23; 11, 443; 220, 4
23; 10, 443; 200, 4
23; 9, 443; 180, 4
23; 8, 443; 160, 4
25; 7, 517; 140, 3
36; 23, 720; 460, 2
44; 23, 880; 460, 2
33; 23, 660; 455, 2
31; 22, 620; 440, 2
28; 22, 560; 440, 2
34; 24, 680; 480, 1
46; 24, 920; 480, 1
21; 6, 420; 120, 2
20; 6, 400; 120, 2
19; 6, 380; 120, 2
24; 16, 480; 320, 2
24; 15, 480; 300, 1
24; 11, 480; 220, 2
24; 10, 480; 200, 1
16; 13, 320; 260, 1
16; 16, 320; 320, 1
15; 17, 300; 340, 1
16; 20, 320; 400, 1
15; 22, 300; 440, 1
14; 20, 280; 400, 2
13; 22, 260; 440, 1
14; 24, 280; 480, 1
17; 6, 340; 120, 2| move, 1.25, 340; 420, player, 299; 176; 62; 2| front| front| move, 2.5, 340; 420, player, 340; 300; 20; 20
16; 6, 320; 120, 2| move, 1.25, 320; 420, player, 299; 176; 62; 2| front| front| move, 2.5, 320; 420, player, 340; 300; 20; 20
15; 6, 300; 120, 2| move, 1.25, 300; 420, player, 299; 176; 62; 2| front| front| teleport, 300; 360, 15; 6, 300; 379; 20; 20| move, 2.5, 300; 420, player, 340; 300; 20; 20
8; 20, 160; 400, 2
7; 20, 140; 400, 2
6; 20, 120; 400, 2
5; 20, 100; 400, 2
4; 20, 80; 400, 2
6; 28, 120; 560, 3
6; 26, 120; 520, 3
6; 25, 120; 500, 3
6; 24, 120; 480, 3
8; 27, 160; 540, 4
8; 26, 160; 520, 4
8; 25, 160; 500, 4
8; 24, 160; 480, 4
6; 27, 120; 540, 3
4; 40, 80; 800, 1
5; 40, 100; 800, 1
6; 40, 120; 800, 1
7; 40, 140; 800, 1
8; 40, 160; 800, 1
9; 40, 180; 800, 1
11; 40, 220; 800, 1
12; 40, 240; 800, 1
13; 40, 260; 800, 1
14; 40, 280; 800, 1
15; 40, 300; 800, 1
16; 40, 320; 800, 1
12; 24, 240; 480, 3
12; 25, 240; 500, 3
12; 26, 240; 520, 3
14; 28, 280; 560, 4
14; 27, 280; 540, 4
14; 26, 280; 520, 4
12; 28, 240; 560, 3
12; 27, 240; 540, 3
11; 30, 230; 600, 3
11; 32, 230; 640, 3
9; 30, 170; 600, 4
9; 31, 170; 620, 4
9; 32, 170; 640, 4
9; 29, 170; 580, 4
13; 32, 270; 640, 4
13; 31, 270; 620, 4
13; 30, 270; 600, 4
13; 29, 270; 580, 4
7; 32, 130; 640, 3
7; 31, 130; 620, 3
7; 30, 130; 600, 3
7; 29, 130; 580, 3
7; 35, 130; 700, 3
7; 34, 130; 680, 3
7; 33, 130; 660, 3
9; 35, 170; 700, 4
9; 34, 170; 680, 4
9; 33, 170; 660, 4
8; 36, 150; 720, 2
12; 36, 250; 720, 2
13; 35, 270; 700, 4
13; 34, 270; 680, 4
13; 33, 270; 660, 4
11; 35, 230; 700, 3
11; 34, 230; 680, 3
11; 33, 230; 660, 3
3; 21, 60; 420, 4
3; 22, 60; 440, 4
3; 23, 60; 460, 4
3; 24, 60; 480, 4
3; 26, 60; 520, 4
3; 27, 60; 540, 4
3; 28, 60; 560, 4
3; 29, 60; 580, 4
3; 30, 60; 600, 4
3; 31, 60; 620, 4
3; 32, 60; 640, 4
3; 33, 60; 660, 4
3; 35, 60; 700, 4
3; 36, 60; 720, 4
3; 37, 60; 740, 4
3; 38, 60; 760, 4
3; 39, 60; 780, 4
17; 22, 340; 440, 2
16; 23, 320; 460, 2
15; 25, 300; 500, 2
17; 39, 340; 780, 3
17; 38, 340; 760, 3
17; 37, 340; 740, 3
17; 36, 340; 720, 3
17; 35, 340; 700, 3
17; 34, 340; 680, 3
17; 33, 340; 660, 3
17; 32, 340; 640, 3
17; 31, 340; 620, 3
17; 30, 340; 600, 3
17; 26, 340; 520, 3
17; 27, 340; 540, 3
17; 28, 340; 560, 3
17; 29, 340; 580, 3
3; 25, 60; 500, 4
3; 34, 60; 680, 4
18; 25, 360; 500, 1
19; 10, 378; 235, 4
19; 11, 376; 255, 4
19; 12, 374; 275, 4
19; 13, 372; 295, 4
19; 14, 370; 315, 4
19; 15, 368; 335, 4
19; 16, 366; 355, 4
19; 17, 364; 375, 4
19; 18, 362; 395, 4
21; 18, 438; 395, 3
21; 17, 436; 375, 3
21; 16, 434; 355, 3
21; 15, 432; 335, 3
21; 14, 430; 315, 3
21; 13, 428; 295, 3
21; 12, 426; 275, 3
21; 11, 424; 255, 3
21; 10, 422; 235, 3
19; 39, 378; 785, 4
19; 38, 376; 765, 4
19; 37, 374; 745, 4
19; 36, 372; 725, 4
19; 35, 370; 705, 4
19; 34, 368; 685, 4
19; 33, 366; 665, 4
19; 32, 364; 645, 4
19; 31, 362; 625, 4
21; 31, 438; 625, 3
21; 32, 436; 645, 3
21; 33, 434; 665, 3
21; 34, 432; 685, 3
21; 35, 430; 705, 3
21; 36, 428; 725, 3
21; 37, 426; 745, 3
21; 38, 424; 765, 3
21; 39, 422; 785, 3
11; 31, 230; 620, 3
10; 26, 200; 530, 2
10; 25, 200; 510, 1
11; 24, 220; 470, 2
9; 24, 180; 470, 2
10; 23, 200; 460, 2
8; 28, 160; 560, 4
11; 29, 230; 580, 3
21; 29, 420; 580, 2| move, 4.5, 420; 240, player, 369; 480; 2; 20| move, 4.5, 420; 900, 20; 28, 400; 201; 20; 20
20; 29, 400; 580, 2| move, 4.5, 400; 240, player, 369; 480; 2; 20| move, 4.5, 400; 900, 20; 28, 400; 201; 20; 20
19; 29, 380; 580, 2| move, 4.5, 380; 240, player, 369; 480; 2; 20| move, 4.5, 380; 900, 20; 28, 400; 201; 20; 20
21; 9, 420; 180, 2| move, 4.0, 420; 860, 20; 28, 400; 201; 20; 20
20; 9, 400; 180, 2| move, 4.0, 400; 860, 20; 28, 400; 201; 20; 20
19; 9, 380; 180, 2| move, 4.0, 380; 860, 20; 28, 400; 201; 20; 20