#misc
area, 4
checkpoint, 26; 25
checkpoint, 36; 25
checkpoint, 38; 37
chai, 486; 509
chai, 486; 609
chai, 386; 669
exit, 620; 509, 760; 490; 2; 40, 4, decor, 1
exit, 760; 830, 735; 960; 70; 2, 2, Area4Select, 5
size, 1040, 960
spawn, 626, 589, 1
name, 4 - 4
exitP, Exit Level, Area4Select, 105
index, 42
music, 4
#blocks
30; 30, 600; 600, R
31; 30, 620; 600, R
32; 30, 640; 600, R
33; 30, 660; 600, R
29; 30, 580; 600, R
34; 29, 680; 580, R
34; 28, 680; 560, R
34; 27, 680; 540, R
34; 26, 680; 520, R
34; 30, 680; 600, R
28; 30, 560; 600, R
28; 29, 560; 580, R
28; 28, 560; 560, R
28; 27, 560; 540, R
28; 26, 560; 520, R
28; 23, 560; 460, R
29; 23, 580; 460, R
30; 23, 600; 460, R
31; 23, 620; 460, R
32; 23, 640; 460, R
34; 23, 680; 460, R
35; 26, 700; 520, R
35; 23, 700; 460, R
36; 26, 720; 520, R
37; 26, 740; 520, R
36; 23, 720; 460, R
27; 26, 540; 520, R
26; 26, 520; 520, R
25; 26, 500; 520, R
27; 23, 540; 460, R
26; 23, 520; 460, R
25; 23, 500; 460, R
24; 26, 480; 520, R
24; 23, 480; 460, R
23; 26, 460; 520, R
22; 26, 440; 520, R
23; 23, 460; 460, R
22; 23, 440; 460, R
21; 23, 420; 460, R
20; 23, 400; 460, R
20; 29, 400; 580, R
21; 29, 420; 580, R
20; 28, 400; 560, R
20; 27, 400; 540, R
20; 26, 400; 520, R
20; 25, 400; 500, R
20; 24, 400; 480, R
25; 28, 500; 560, R
25; 30, 500; 600, R
23; 30, 460; 600, R
22; 30, 440; 600, R
24; 31, 480; 620, R
24; 27, 480; 540, R
37; 23, 740; 460, R
38; 23, 760; 460, R
26; 28, 520; 560, R
27; 29, 540; 580, R
27; 30, 540; 600, R
27; 31, 540; 620, R
27; 32, 540; 640, R
27; 33, 540; 660, R
27; 34, 540; 680, R
26; 34, 520; 680, R
25; 34, 500; 680, R
24; 34, 480; 680, R
23; 34, 460; 680, R
22; 34, 440; 680, R
21; 34, 420; 680, R
20; 34, 400; 680, R
19; 34, 380; 680, R
19; 30, 380; 600, R
21; 30, 420; 600, R
20; 30, 400; 600, R
18; 34, 360; 680, R
18; 33, 360; 660, R
18; 32, 360; 640, R
18; 31, 360; 620, R
18; 30, 360; 600, R
39; 26, 780; 520, R
40; 26, 800; 520, R
40; 25, 800; 500, R
40; 24, 800; 480, R
40; 23, 800; 460, R
40; 22, 800; 440, R
40; 21, 800; 420, R
40; 20, 800; 400, R
39; 20, 780; 400, R
38; 20, 760; 400, R
37; 20, 740; 400, R
36; 20, 720; 400, R
35; 20, 700; 400, R
34; 20, 680; 400, R
33; 20, 660; 400, R
32; 22, 640; 440, R
32; 21, 640; 420, R
32; 20, 640; 400, R
37; 27, 740; 540, R
37; 28, 740; 560, R
39; 27, 780; 540, R
39; 28, 780; 560, R
33; 23, 660; 460, B
38; 26, 760; 520, B| move, 0.5, 780; 520, player, 660; 440; 20; 20
37; 29, 740; 580, R
37; 30, 740; 600, R
39; 29, 780; 580, R
39; 30, 780; 600, R
37; 31, 740; 620, R
37; 32, 740; 640, R
37; 33, 740; 660, R
39; 31, 780; 620, R
39; 32, 780; 640, R
39; 33, 780; 660, R
37; 34, 740; 680, R
37; 35, 740; 700, R
37; 36, 740; 720, R
39; 34, 780; 680, R
39; 36, 780; 720, R
39; 35, 780; 700, R
35; 38, 700; 760, R
35; 37, 700; 740, R
41; 38, 820; 760, R
41; 37, 820; 740, R
36; 35, 720; 700, R
35; 35, 700; 700, R
36; 38, 720; 760, R| move, 3.5, 720; 780, player, 685; 786; 170; 8
37; 38, 740; 760, R| move, 3.5, 740; 800, player, 682; 785; 176; 8
38; 38, 760; 760, R| move, 3.5, 760; 820, player, 685; 786; 170; 8
39; 38, 780; 760, R| move, 3.5, 780; 800, player, 682; 785; 176; 8
40; 38, 800; 760, R| move, 3.5, 800; 780, player, 685; 786; 170; 8
40; 35, 800; 700, R
41; 35, 820; 700, R
42; 35, 840; 700, R
43; 35, 860; 700, R
43; 36, 860; 720, R
43; 37, 860; 740, R
43; 38, 860; 760, R
43; 39, 860; 780, R
34; 35, 680; 700, R
33; 35, 660; 700, R
33; 36, 660; 720, R
33; 37, 660; 740, R
33; 38, 660; 760, R
33; 39, 660; 780, R
43; 40, 860; 800, R
33; 40, 660; 800, R
43; 41, 860; 820, R
33; 41, 660; 820, R
42; 42, 840; 840, R
34; 42, 680; 840, R
42; 43, 840; 860, R
34; 43, 680; 860, R
41; 44, 820; 880, R
35; 44, 700; 880, R
40; 46, 800; 920, R
36; 46, 720; 920, R
40; 47, 800; 940, R
36; 47, 720; 940, R
40; 45, 800; 900, R
36; 45, 720; 900, R
#spikes
32; 28, 639; 559, 2| front
30; 28, 601; 559, 2| front
32; 27, 639; 541, 1
30; 27, 601; 541, 1
31; 27, 620; 541, 1
31; 28, 620; 559, 2| front
29; 26, 580; 518, 2| front
33; 25, 660; 500, 1
29; 25, 580; 500, 1
30; 24, 602; 477, 2
31; 24, 620; 477, 2
32; 24, 638; 477, 2
34; 24, 685; 477, 2
28; 24, 555; 477, 2
23; 27, 464; 525, 2
22; 27, 440; 525, 2
22; 29, 440; 580, 1
23; 29, 460; 580, 1
21; 28, 420; 560, 1| teleport, 480; 557; 2, player, 480; 618; 20; 2
33; 29, 660; 587, 1
29; 29, 580; 587, 1
25; 31, 500; 620, 2
24; 32, 480; 640, 2
23; 31, 460; 615, 2
22; 31, 440; 615, 2
25; 33, 500; 675, 1
26; 33, 520; 675, 1
21; 31, 420; 615, 2
20; 31, 400; 615, 2
21; 33, 446; 667, 1
22; 33, 430; 679, 2
19; 31, 380; 615, 2
20; 33, 414; 667, 1
33; 26, 660; 518, 2| front
38; 22, 760; 440, 1
36; 22, 720; 440, 1
34; 22, 680; 440, 1
38; 24, 760; 480, 2
39; 25, 780; 505, 1
38; 28, 743; 560, 4
38; 29, 777; 560, 3
38; 32, 750; 640, 4
38; 36, 777; 720, 3
38; 35, 743; 720, 4
35; 39, 700; 780, 2
36; 39, 720; 780, 2| move, 3.5, 720; 800, player, 685; 786; 170; 8
37; 39, 740; 780, 2| move, 3.5, 740; 820, player, 682; 785; 176; 8
38; 39, 760; 780, 2| move, 3.5, 760; 840, player, 685; 786; 170; 8
39; 39, 780; 780, 2| move, 3.5, 780; 820, player, 682; 785; 176; 8
40; 39, 800; 780, 2| move, 3.5, 800; 800, player, 685; 786; 170; 8
41; 39, 820; 780, 2
35; 43, 700; 860, 1
34; 41, 680; 820, 1
41; 43, 820; 860, 1
42; 41, 840; 820, 1
37; 45, 740; 900, 4
39; 45, 780; 900, 3
38; 47, 760; 940, 1
40; 44, 800; 880, 1
36; 44, 720; 880, 1
39; 21, 780; 415, 2