#misc
area, 4
checkpoint, 45; 10
checkpoint, 58; 11
chai, 586; 309
chai, 626; 289
chai, 1186; 309
exit, 700; 350, 840; 330; 2; 40, 4, decor, 1
exit, 1360; 180, 1460; 152; 2; 76, 4, Area4Select, 7
size, 1460, 520
spawn, 706, 389, 1
name, 4 - 6
exitP, Exit Level, Area4Select, 107
lock, 3, 600, 280, R
index, 44
music, 4
#blocks
35; 20, 700; 400, R
36; 20, 720; 400, R
34; 20, 680; 400, R
37; 20, 740; 400, R
33; 20, 660; 400, R
31; 18, 620; 360, R| move, 0.5, 620; 380, 31; 18, 620; 341; 20; 20| move, 0.5, 620; 360, 31; 18, 620; 399; 20; 20| front| teleport, 1280; 1220, player, 580; 342; 20; 38
33; 15, 660; 300, R
35; 15, 700; 300, R
36; 15, 720; 300, R
37; 15, 740; 300, R
40; 19, 800; 380, R
41; 19, 820; 380, R
30; 19, 600; 380, R
29; 19, 580; 380, R
30; 16, 600; 320, R
29; 16, 580; 320, R
40; 16, 800; 320, R
31; 17, 620; 340, R| move, 0.5, 620; 320, 31; 17, 620; 359; 20; 20| move, 0.5, 620; 340, 31; 17, 620; 301; 20; 20| teleport, 1280; 1200, player, 580; 342; 20; 38
32; 20, 640; 400, R
31; 20, 620; 400, R
38; 20, 760; 400, R
39; 20, 780; 400, R
39; 15, 780; 300, R
38; 15, 760; 300, R
32; 15, 640; 300, R
31; 15, 620; 300, R
28; 19, 560; 380, R
28; 16, 560; 320, R
42; 19, 840; 380, R
27; 19, 540; 380, R
26; 19, 520; 380, R
25; 19, 500; 380, R
25; 17, 500; 340, R
25; 16, 500; 320, R
25; 15, 500; 300, R
25; 18, 500; 360, R
25; 14, 500; 280, R
25; 13, 500; 260, R
26; 13, 520; 260, R
27; 13, 540; 260, R
28; 13, 560; 260, R
29; 13, 580; 260, R
30; 13, 600; 260, R
31; 13, 620; 260, R
32; 13, 640; 260, R
32; 14, 640; 280, R
43; 18, 860; 360, R
43; 17, 860; 340, R
43; 16, 860; 320, R
43; 15, 860; 300, R
43; 14, 860; 280, R
40; 14, 800; 280, R
40; 13, 800; 260, R
43; 13, 860; 260, R
44; 12, 880; 240, R
40; 12, 800; 240, R
40; 11, 800; 220, R
43; 11, 860; 220, R
40; 10, 800; 200, R
40; 9, 800; 180, R
40; 8, 800; 160, R
41; 8, 820; 160, R
42; 8, 840; 160, R
43; 8, 860; 160, R
44; 8, 880; 160, R
45; 8, 900; 160, R
44; 11, 880; 220, R
45; 11, 900; 220, R
46; 11, 920; 220, R
46; 8, 920; 160, R
34; 15, 680; 300, R
39; 17, 780; 340, R| move, 0.5, 780; 320, 39; 17, 780; 359; 20; 20| move, 0.5, 780; 340, 39; 17, 780; 301; 20; 20
39; 18, 780; 360, R| front| move, 0.5, 780; 380, 39; 18, 780; 341; 20; 20| move, 0.5, 780; 360, 39; 18, 780; 399; 20; 20
47; 11, 940; 220, R
48; 11, 960; 220, R
49; 10, 980; 200, R
49; 9, 980; 180, R
50; 8, 1000; 160, R
47; 7, 940; 140, R
48; 5, 960; 100, R
47; 6, 940; 120, R
49; 4, 980; 80, R
50; 3, 1000; 60, R
51; 8, 1020; 160, R
52; 8, 1040; 160, R
53; 8, 1060; 160, R
51; 3, 1020; 60, R
52; 3, 1040; 60, R
53; 3, 1060; 60, R
52; 7, 1040; 140, R
52; 6, 1040; 120, R
54; 3, 1080; 60, R
54; 8, 1080; 160, R
55; 7, 1100; 140, R
55; 8, 1100; 160, R
55; 3, 1100; 60, R
56; 3, 1120; 60, R
57; 4, 1140; 80, R
57; 5, 1140; 100, R
57; 6, 1140; 120, R
57; 7, 1140; 140, R
57; 8, 1140; 160, R
57; 9, 1140; 180, R
55; 9, 1100; 180, R
53; 11, 1060; 220, R
53; 12, 1060; 240, R
54; 12, 1080; 240, R
55; 12, 1100; 240, R
56; 12, 1120; 240, R
57; 12, 1140; 240, R
58; 12, 1160; 240, R
59; 12, 1180; 240, R
60; 12, 1200; 240, R
51; 9, 1020; 180, R
51; 10, 1020; 200, R
51; 11, 1020; 220, R
51; 12, 1020; 240, R
51; 13, 1020; 260, R
51; 14, 1020; 280, R
51; 15, 1020; 300, R
51; 16, 1020; 320, R
52; 16, 1040; 320, R
53; 16, 1060; 320, R
54; 16, 1080; 320, R
55; 16, 1100; 320, R
56; 16, 1120; 320, R
57; 16, 1140; 320, R
58; 16, 1160; 320, R
59; 16, 1180; 320, R
60; 16, 1200; 320, R
60; 15, 1200; 300, R
60; 14, 1200; 280, R
60; 13, 1200; 260, R
54; 15, 1080; 300, R
58; 15, 1160; 300, R
52; 10, 1020; 200, R| teleport, 1060; 200, player, 1160; 220; 20; 20
52; 14, 1020; 280, R| teleport, 1040; 300, player, 1180; 300; 20; 20
58; 9, 1160; 180, R
59; 9, 1180; 180, R
61; 12, 1220; 240, R
62; 12, 1240; 240, R
63; 12, 1260; 240, R
64; 12, 1280; 240, R
64; 11, 1280; 220, R
67; 9, 1340; 180, R
63; 8, 1260; 160, R
62; 8, 1240; 160, R
61; 8, 1220; 160, R
65; 6, 1300; 120, R
65; 12, 1300; 240, R
66; 12, 1320; 240, R
67; 10, 1340; 200, R
67; 11, 1340; 220, R
67; 12, 1340; 240, R
60; 8, 1200; 160, R
64; 7, 1280; 140, R
66; 5, 1320; 100, R
67; 4, 1340; 80, R
68; 3, 1360; 60, R
69; 4, 1380; 80, R
70; 5, 1400; 100, R
71; 6, 1420; 120, R
72; 7, 1440; 140, R
68; 8, 1360; 160, R
68; 7, 1360; 140, R
69; 9, 1380; 180, R
69; 10, 1380; 200, R
69; 12, 1380; 240, R
69; 11, 1380; 220, R
70; 12, 1400; 240, R
71; 12, 1420; 240, R
72; 12, 1440; 240, R
72; 11, 1440; 220, R
68; 11, 1360; 180, R
#spikes
37; 19, 740; 380, 1
32; 18, 640; 360, 4| move, 0.5, 640; 380, 31; 18, 620; 341; 20; 20| move, 0.5, 640; 360, 31; 18, 620; 399; 20; 20| teleport, 1300; 1220, player, 580; 342; 20; 38
37; 16, 740; 320, 2
33; 16, 660; 320, 2
32; 17, 640; 340, 4| move, 0.5, 640; 320, 31; 17, 620; 359; 20; 20| move, 0.5, 640; 340, 31; 17, 620; 301; 20; 20| teleport, 1300; 1200, player, 580; 342; 20; 38
31; 19, 620; 380, 1
32; 19, 640; 380, 1
38; 19, 760; 380, 1
39; 19, 780; 380, 1
38; 16, 760; 320, 2
39; 16, 780; 320, 2
32; 16, 640; 320, 2
31; 16, 620; 320, 2
36; 16, 720; 320, 2
34; 16, 680; 320, 2
35; 16, 700; 320, 2
30; 18, 600; 360, 1
26; 18, 520; 360, 4
27; 16, 540; 320, 3
26; 14, 520; 280, 4
30; 15, 600; 300, 1
41; 13, 834; 270, 1
41; 14, 834; 290, 2
41; 17, 820; 340, 2
43; 10, 860; 200, 1
33; 19, 660; 380, 1| teleport, 1140; 1160, player, 580; 342; 20; 38
38; 18, 760; 360, 3| move, 0.5, 760; 380, 39; 18, 780; 341; 20; 20| move, 0.5, 760; 360, 39; 18, 780; 399; 20; 20
38; 17, 760; 340, 3| move, 0.5, 760; 320, 39; 17, 780; 359; 20; 20| move, 0.5, 760; 340, 39; 17, 780; 301; 20; 20
40; 18, 780; 360, 2| move, 0.5, 780; 380, 39; 18, 780; 341; 20; 20| move, 0.5, 780; 360, 39; 18, 780; 399; 20; 20
41; 9, 820; 180, 2
48; 10, 960; 200, 1
49; 8, 980; 160, 1
50; 7, 1000; 140, 1
47; 8, 940; 160, 2
48; 6, 960; 120, 2
49; 5, 980; 100, 2
50; 4, 1000; 80, 2
52; 5, 1040; 100, 1
54; 4, 1080; 80, 2
54; 7, 1080; 149, 1
53; 7, 1060; 149, 1
55; 6, 1100; 120, 1
56; 4, 1120; 80, 2
56; 5, 1130; 100, 3
56; 6, 1130; 120, 3
56; 7, 1130; 140, 3
54; 9, 1080; 180, 2
53; 9, 1060; 180, 2
52; 9, 1040; 180, 2
52; 15, 1040; 300, 1
53; 15, 1060; 309, 1
54; 14, 1080; 280, 1
56; 13, 1120; 260, 2
58; 14, 1160; 280, 1
57; 15, 1140; 300, 1
64; 10, 1280; 205, 1
64; 8, 1277; 160, 4
66; 9, 1320; 180, 3
65; 11, 1300; 220, 1
66; 11, 1320; 220, 1
61; 11, 1220; 220, 1
62; 11, 1240; 220, 1
61; 9, 1230; 175, 2
65; 7, 1300; 140, 2
56; 9, 1102; 180, 4
57; 10, 1138; 180, 3
68; 6, 1360; 129, 1
66; 6, 1320; 120, 2
67; 5, 1340; 100, 2
68; 4, 1360; 80, 2
69; 5, 1380; 100, 2
70; 6, 1400; 120, 2
71; 7, 1420; 140, 2
72; 8, 1443; 160, 3
70; 9, 1400; 180, 4
70; 11, 1400; 220, 1
71; 11, 1420; 220, 1
72; 10, 1440; 205, 1
68; 10, 1360; 200, 2
33; 18, 620; 360, 1| move, 0.5, 620; 380, 33; 18, 620; 341; 20; 20| move, 0.5, 620; 360, 33; 18, 620; 399; 20; 20| teleport, 600; 380, player, 580; 341; 20; 38