#misc
area, 4
checkpoint, 17; 9
checkpoint, 7; 9
chai, 266; 69
chai, 266; 109
chai, 366; 269
exit, 360; 440, 351; 560; 100; 2, 2, Area4Select, 4
size, 600, 560
spawn, 466, 389, 1
name, 4 - 3
exitP, Exit Level, Area4Select, 104
lock, 2, 240, 80, R
index, 41
music, 4
#blocks
23; 20, 460; 400, R| move, 1.0, 430; 400, 23; 9, 460; 180; 20; 20| move, 1.0, 490; 400, 23; 14, 411; 280; 20; 20| move, 1.0, 430; 400, 23; 16, 509; 320; 20; 20
23; 18, 460; 360, R| move, 1.0, 430; 360, 23; 9, 460; 180; 20; 20| move, 1.0, 490; 360, 23; 14, 411; 280; 20; 20| move, 1.0, 430; 360, 23; 16, 509; 320; 20; 20
20; 20, 400; 400, R
20; 19, 400; 380, R
20; 18, 400; 360, R
26; 20, 520; 400, R
26; 19, 520; 380, R
26; 18, 520; 360, R
26; 17, 520; 340, R
26; 16, 520; 320, R
26; 15, 520; 300, R
23; 16, 460; 320, R| move, 1.0, 430; 320, 23; 9, 460; 180; 20; 20| move, 1.0, 490; 320, 23; 14, 411; 280; 20; 20| move, 1.0, 430; 320, 23; 16, 509; 320; 20; 20
20; 17, 400; 340, R
20; 16, 400; 320, R
20; 15, 400; 300, R
20; 14, 400; 280, R
20; 13, 400; 260, R
20; 12, 400; 240, R
26; 14, 520; 280, R
26; 13, 520; 260, R
26; 12, 520; 240, R
23; 14, 460; 280, R| move, 1.0, 430; 280, 23; 9, 460; 180; 20; 20| move, 1.0, 490; 280, 23; 14, 411; 280; 20; 20| move, 1.0, 430; 280, 23; 16, 509; 320; 20; 20
23; 12, 460; 240, R| move, 1.0, 430; 240, 23; 9, 460; 180; 20; 20| move, 1.0, 490; 240, 23; 14, 411; 280; 20; 20| move, 1.0, 430; 240, 23; 16, 509; 320; 20; 20
20; 11, 400; 220, R
23; 8, 460; 160, R
24; 8, 480; 160, R
26; 11, 520; 220, R
21; 21, 420; 420, R
25; 21, 500; 420, R
24; 22, 480; 440, R
23; 22, 460; 440, R
22; 22, 440; 440, R
23; 7, 460; 140, R
22; 6, 440; 120, R
21; 6, 420; 120, R
20; 6, 400; 120, R
19; 6, 380; 120, R
18; 6, 360; 120, R
21; 10, 420; 200, R
26; 10, 520; 200, R
25; 9, 500; 180, R
19; 10, 380; 200, R
18; 10, 360; 200, R
17; 10, 340; 200, R
17; 6, 340; 120, R
16; 10, 320; 200, R
16; 6, 320; 120, R
23; 6, 460; 120, R
14; 6, 280; 120, R
14; 10, 280; 200, R
15; 10, 300; 200, R
14; 7, 280; 140, R
14; 8, 280; 160, R
14; 5, 280; 100, R
16; 4, 320; 80, R
19; 5, 380; 100, R
19; 4, 380; 80, R
19; 3, 380; 60, R
17; 1, 340; 20, R
16; 1, 320; 20, R
18; 2, 360; 40, R
15; 4, 300; 80, R
14; 4, 280; 80, R
15; 1, 300; 20, R
14; 1, 280; 20, R
13; 2, 260; 40, R
13; 4, 260; 80, R
12; 2, 240; 40, R
11; 4, 220; 80, R
11; 3, 220; 60, R
11; 2, 220; 40, R
11; 5, 220; 100, R
11; 6, 220; 120, R
12; 6, 240; 120, R
13; 6, 260; 120, R
12; 10, 240; 200, R
13; 7, 260; 140, R
12; 7, 240; 140, R
11; 7, 220; 140, R
10; 7, 200; 140, R
9; 7, 180; 140, R
8; 7, 160; 140, R
7; 7, 140; 140, R
14; 14, 280; 280, R
13; 14, 260; 280, R
12; 14, 240; 280, R
11; 14, 220; 280, R
10; 14, 200; 280, R
9; 14, 180; 280, R
8; 14, 160; 280, R
15; 13, 300; 260, R
16; 12, 320; 240, R
17; 11, 340; 220, R
10; 10, 200; 200, R
7; 10, 140; 200, R
4; 10, 80; 200, R
6; 7, 120; 140, R
5; 7, 100; 140, R
4; 7, 80; 140, R
3; 7, 60; 140, R
2; 8, 40; 160, R
1; 9, 20; 180, R
1; 10, 20; 200, R
1; 11, 20; 220, R
7; 14, 140; 280, R
6; 14, 120; 280, R
4; 12, 80; 240, R
5; 13, 100; 260, R
1; 12, 20; 240, R
1; 13, 20; 260, R
1; 14, 20; 280, R
2; 15, 40; 300, R
3; 16, 60; 320, R
3; 17, 60; 340, R
3; 18, 60; 360, R
4; 19, 80; 380, R
5; 18, 100; 360, R
6; 18, 120; 360, R
8; 17, 160; 340, R
10; 17, 200; 340, R
14; 17, 280; 340, R
5; 19, 100; 380, R
6; 20, 120; 400, R
7; 21, 140; 420, R
8; 21, 160; 420, R
9; 21, 180; 420, R
10; 21, 200; 420, R
11; 21, 220; 420, R
12; 21, 240; 420, R
13; 21, 260; 420, R
14; 21, 280; 420, R
15; 22, 300; 440, R
15; 23, 300; 460, R
16; 24, 320; 480, R
16; 25, 320; 500, R
16; 16, 320; 320, R
18; 14, 360; 280, R
17; 27, 340; 540, R
17; 26, 340; 520, R
20; 21, 400; 420, R
20; 23, 400; 460, R
21; 24, 420; 480, R
21; 25, 420; 500, R
22; 26, 440; 520, R
22; 27, 440; 540, R
20; 22, 400; 440, R
#spikes
25; 18, 500; 360, 3
25; 19, 500; 380, 3
25; 20, 500; 400, 3
21; 18, 420; 360, 4
21; 19, 420; 380, 4
21; 20, 420; 400, 4
25; 17, 500; 340, 3
25; 16, 500; 320, 3
25; 15, 500; 300, 3
21; 17, 420; 340, 4
25; 14, 500; 280, 3
25; 13, 500; 260, 3
25; 12, 500; 240, 3
21; 12, 420; 240, 4
21; 13, 420; 260, 4
21; 14, 420; 280, 4
21; 15, 420; 300, 4
21; 16, 420; 320, 4
25; 11, 500; 220, 3
24; 9, 480; 180, 2
23; 9, 460; 180, 2| teleport, 480; 180, 23; 12, 437; 240; 20; 20
21; 11, 420; 220, 4
23; 10, 460; 180, 2
22; 21, 440; 420, 1
23; 21, 460; 420, 1
24; 21, 480; 420, 1
21; 9, 420; 180, 1
20; 10, 400; 200, 3
25; 10, 500; 200, 3
20; 7, 400; 140, 2
22; 7, 440; 140, 2
16; 7, 320; 137, 2
15; 8, 297; 160, 4
15; 5, 285; 100, 4
15; 7, 315; 120, 2
18; 3, 360; 60, 3
17; 2, 340; 40, 2
16; 2, 320; 40, 2
17; 4, 330; 80, 4
15; 2, 300; 40, 2
14; 2, 280; 40, 2
12; 5, 240; 120, 1| move, 2.5, 240; 40, player, 240; 80; 20; 20
18; 5, 360; 110, 1
19; 9, 380; 180, 1
13; 8, 260; 160, 2
12; 8, 240; 160, 2
11; 8, 220; 160, 2
10; 8, 200; 160, 2
16; 11, 320; 220, 1
15; 12, 300; 240, 1
14; 13, 280; 260, 1
13; 13, 260; 260, 1
12; 13, 240; 260, 1
11; 13, 220; 260, 1
10; 13, 200; 260, 1
9; 13, 180; 260, 1
8; 13, 160; 260, 1
9; 8, 180; 160, 2
8; 8, 160; 160, 2
7; 8, 140; 160, 2
6; 8, 120; 160, 2
5; 8, 100; 160, 2
4; 8, 80; 160, 2
2; 9, 40; 180, 4
2; 10, 40; 200, 4
2; 11, 40; 220, 4
3; 8, 60; 160, 2
2; 12, 40; 240, 4
2; 13, 40; 260, 4
2; 14, 40; 280, 4
7; 13, 140; 260, 1
6; 13, 120; 260, 1
4; 11, 80; 220, 1
5; 12, 100; 240, 1
4; 13, 80; 260, 2
5; 14, 100; 280, 2
3; 15, 60; 300, 1
4; 18, 80; 360, 1
5; 17, 100; 340, 1
6; 15, 120; 300, 2
7; 15, 140; 300, 2
8; 15, 160; 300, 2
9; 15, 180; 300, 2
10; 15, 200; 300, 2
11; 15, 220; 300, 2
12; 15, 240; 300, 2
13; 15, 260; 300, 2
14; 15, 280; 300, 2
6; 19, 120; 380, 1
7; 20, 140; 400, 1
8; 20, 160; 400, 1
9; 20, 180; 400, 1
11; 20, 220; 400, 1
12; 20, 240; 400, 1
13; 20, 260; 400, 1
14; 20, 280; 400, 1
15; 14, 300; 280, 2
16; 13, 320; 260, 2
17; 12, 340; 240, 2
18; 11, 360; 220, 2
19; 11, 380; 220, 2
16; 15, 320; 300, 1| alternate, 320; 300; 1, 300; 320; 3, 320; 340; 2, 340; 320; 4, 0.4, 16; 16, 320; 320; 20; 20
15; 21, 300; 420, 1
16; 23, 320; 460, 1
17; 25, 340; 500, 1
19; 17, 380; 340, 1
18; 17, 360; 340, 1
17; 18, 340; 360, 1
17; 19, 340; 380, 2
18; 18, 360; 360, 2
19; 18, 380; 360, 2
10; 20, 200; 400, 1
20; 24, 400; 480, 2
21; 26, 420; 520, 2