#misc
area, 4
checkpoint, 39; 10
checkpoint, 45; 26
chai, 666; 229
chai, 1006; 449
chai, 586; 589
exit, 410; 450, 386; 700; 64; 2, 2, Area4Select, 8
size, 1040, 700
spawn, 706, 449, 1
name, 4 - 7
exitP, Exit Level, Area4Select, 108
lock, 4, 980, 440, R
index, 45
music, 4
#blocks
37; 22, 740; 440, R
37; 21, 740; 420, R
33; 23, 660; 460, R
33; 22, 660; 440, R
33; 21, 660; 420, R
33; 20, 660; 400, R
34; 19, 680; 380, R
35; 18, 700; 360, R
36; 17, 720; 340, R
37; 16, 740; 320, R
38; 16, 760; 320, R
39; 16, 780; 320, R
40; 16, 800; 320, R
41; 17, 820; 340, R
42; 18, 840; 360, R
43; 19, 860; 380, R
40; 21, 800; 420, R
40; 22, 800; 440, R
44; 23, 880; 460, R
39; 22, 780; 440, R| move, 1.0, 780; 420, 38; 22, 760; 459; 20; 20| move, 1.0, 780; 440, 38; 21, 760; 381; 20; 20
38; 22, 760; 440, R| move, 1.0, 760; 420, 38; 22, 760; 459; 20; 20| move, 1.0, 760; 440, 38; 21, 760; 381; 20; 20
45; 23, 900; 460, R
45; 22, 900; 440, R
45; 21, 900; 420, R
45; 20, 900; 400, R
45; 19, 900; 380, R
45; 18, 900; 360, R
45; 17, 900; 340, R
45; 16, 900; 320, R
45; 15, 900; 300, R
45; 14, 900; 280, R
45; 13, 900; 260, R
45; 12, 900; 240, R
45; 11, 900; 220, R
44; 15, 880; 303, R| move, 0.5, 680; 303, player, 886; 301; 8; 2
37; 11, 740; 220, R
38; 11, 760; 220, R
39; 11, 780; 220, R
40; 11, 800; 220, R
43; 11, 860; 220, R
44; 11, 880; 220, R
34; 15, 680; 300, R
34; 16, 680; 320, R
34; 17, 680; 340, R
34; 18, 680; 360, R
34; 14, 680; 280, R
34; 13, 680; 260, R
34; 12, 680; 240, R
33; 12, 660; 240, R
32; 12, 640; 240, R
32; 11, 640; 220, R
32; 10, 640; 200, R
32; 9, 640; 180, R
32; 8, 640; 160, R
33; 8, 660; 160, R
34; 8, 680; 160, R
35; 8, 700; 160, R
36; 8, 720; 160, R
37; 8, 740; 160, R
38; 8, 760; 160, R
39; 8, 780; 160, R
40; 8, 800; 160, R
41; 11, 820; 220, R
42; 11, 840; 220, R
31; 8, 640; 160, R| teleport, 660; 200, player, 780; 200; 20; 20
41; 8, 820; 160, R
42; 8, 840; 160, R
43; 8, 860; 160, R
44; 8, 880; 160, R
45; 8, 900; 160, R
46; 8, 920; 160, R
47; 8, 940; 160, R
48; 8, 960; 160, R
48; 9, 960; 180, R
48; 11, 960; 220, R
48; 10, 960; 200, R
46; 17, 920; 340, R
47; 17, 940; 340, R
47; 16, 940; 320, R
47; 15, 940; 300, R
49; 12, 980; 240, R
49; 13, 980; 260, R
49; 14, 980; 280, R
49; 15, 980; 300, R
49; 16, 980; 320, R
49; 17, 980; 340, R
49; 18, 980; 360, R
49; 19, 980; 380, R
49; 20, 980; 400, R
48; 23, 960; 460, R
48; 25, 960; 500, R
48; 26, 960; 520, R
48; 27, 960; 540, R
47; 27, 940; 540, R
46; 27, 920; 540, R
45; 27, 900; 540, R
44; 27, 880; 540, R
43; 27, 860; 540, R
49; 23, 980; 460, R
50; 23, 1000; 460, R
50; 21, 1000; 420, R
51; 23, 1020; 460, R
51; 22, 1020; 440, R
51; 21, 1020; 420, R
39; 26, 780; 520, R
39; 27, 780; 540, R
38; 26, 760; 520, R
38; 27, 760; 540, R
48; 24, 960; 480, R
49; 24, 960; 480, R| teleport, 960; 440, player, 909; 481; 56; 20
48; 21, 960; 420, R
37; 27, 740; 540, R
36; 27, 720; 540, R
35; 27, 700; 540, R
42; 27, 840; 540, R
41; 27, 820; 540, R
40; 27, 800; 540, R
34; 27, 680; 540, R
33; 27, 660; 540, R
32; 27, 640; 540, R
31; 27, 620; 540, R
31; 26, 620; 520, R
31; 25, 620; 500, R
31; 24, 620; 480, R
31; 23, 620; 460, R
32; 21, 640; 420, R
31; 21, 620; 420, R
30; 21, 600; 420, R
29; 21, 580; 420, R
28; 21, 560; 420, R
30; 25, 600; 500, R
28; 25, 560; 500, R
27; 25, 540; 500, R
27; 26, 540; 520, R
27; 27, 540; 540, R
27; 28, 540; 560, R
27; 29, 540; 580, R
31; 29, 620; 580, R
31; 28, 620; 560, R
28; 30, 560; 600, R
30; 30, 600; 600, R
29; 30, 580; 600, R
31; 30, 620; 600, R
27; 30, 540; 600, R
27; 21, 540; 420, R
26; 25, 520; 500, R
25; 25, 500; 500, R
23; 25, 460; 500, R
26; 21, 520; 420, R
24; 25, 480; 500, R
25; 21, 500; 420, R
24; 21, 480; 420, R
23; 21, 460; 420, R
24; 22, 480; 440, R
22; 24, 440; 480, R
22; 21, 440; 420, R
21; 21, 420; 420, R
20; 21, 400; 420, R
19; 21, 380; 420, R
22; 25, 440; 500, R
19; 22, 380; 440, R
19; 23, 380; 460, R
19; 24, 380; 480, R
19; 25, 380; 500, R
19; 26, 380; 520, R
22; 26, 440; 520, R
22; 27, 440; 540, R
22; 28, 440; 560, R
22; 29, 440; 580, R
19; 27, 380; 540, R
19; 28, 380; 560, R
19; 29, 380; 580, R
19; 30, 380; 600, R
22; 30, 440; 600, R
22; 33, 440; 660, R
22; 32, 440; 640, R
22; 31, 440; 620, R
19; 33, 380; 660, R
19; 32, 380; 640, R
19; 31, 380; 620, R
22; 34, 440; 680, R
19; 34, 380; 680, R
37; 23, 740; 460, R
35; 23, 700; 460, R
34; 23, 680; 460, R
36; 23, 720; 460, R
40; 23, 800; 460, R
41; 23, 820; 460, R
42; 23, 840; 460, R
43; 23, 860; 460, R
#spikes
37; 20, 740; 400, 1
34; 20, 680; 400, 2
35; 19, 700; 380, 2
36; 18, 720; 360, 2
37; 17, 740; 340, 2
40; 20, 800; 400, 1
38; 17, 760; 340, 2
39; 17, 780; 340, 2
40; 17, 800; 340, 2
41; 18, 820; 360, 2
42; 19, 840; 380, 2
43; 20, 860; 400, 2
39; 21, 780; 420, 1| move, 1.0, 780; 400, 38; 22, 760; 459; 20; 20| move, 1.0, 780; 420, 38; 21, 760; 381; 20; 20
38; 21, 760; 420, 1| move, 1.0, 760; 400, 38; 22, 760; 459; 20; 20| move, 1.0, 760; 420, 38; 21, 760; 381; 20; 20
41; 22, 820; 445, 1
36; 22, 720; 445, 1
42; 17, 840; 340, 1
41; 16, 820; 320, 1
33; 19, 660; 380, 1
36; 16, 720; 320, 1
37; 15, 740; 300, 1
38; 15, 760; 300, 1
39; 15, 780; 300, 1
40; 15, 800; 300, 1
41; 12, 820; 235, 2
40; 12, 800; 235, 2
39; 12, 780; 235, 2
38; 12, 760; 235, 2
37; 12, 740; 235, 2
35; 15, 700; 300, 4
35; 14, 700; 280, 4
35; 13, 700; 260, 4
35; 12, 700; 240, 4
36; 9, 720; 185, 2
34; 11, 680; 220, 1
35; 9, 700; 180, 2
37; 9, 740; 185, 2
38; 9, 760; 180, 2
33; 9, 660; 180, 2
40; 9, 805; 180, 2
42; 12, 840; 235, 2
43; 12, 860; 235, 2
44; 12, 880; 235, 2
41; 10, 820; 200, 1| move, 1.0, 860; 200, 41; 10, 801; 200; 20; 20| move, 1.0, 820; 200, 41; 10, 879; 200; 20; 20
35; 17, 700; 340, 1
45; 10, 900; 200, 1
44; 9, 875; 180, 2
46; 9, 925; 180, 2
46; 16, 920; 320, 1
47; 14, 940; 280, 1
47; 11, 940; 220, 2
47; 10, 940; 200, 1
48; 12, 960; 240, 2
49; 11, 980; 220, 1
47; 18, 940; 360, 2
48; 20, 960; 400, 1
49; 21, 980; 420, 2
46; 18, 920; 360, 2
39; 23, 780; 460, 2| move, 1.0, 780; 440, 38; 23, 760; 479; 20; 20| move, 1.0, 780; 460, 38; 23, 760; 421; 20; 20
38; 23, 760; 460, 2| move, 1.0, 760; 440, 38; 23, 760; 479; 20; 20| move, 1.0, 760; 460, 38; 23, 760; 421; 20; 20
39; 25, 780; 500, 1
38; 25, 760; 500, 1
43; 26, 860; 520, 1
40; 26, 800; 520, 1| move, 1.0, 840; 520, 40; 26, 781; 520; 20; 20| move, 1.0, 800; 520, 40; 26, 859; 520; 20; 20
34; 26, 680; 520, 1
35; 26, 700; 520, 1| move, 1.0, 740; 520, 35; 26, 681; 520; 20; 20| move, 1.0, 700; 520, 35; 26, 759; 520; 20; 20
32; 26, 640; 520, 1
29; 26, 580; 540, 1
29; 27, 580; 560, 2
28; 26, 560; 515, 2
30; 26, 600; 515, 2
30; 29, 600; 585, 1
28; 29, 560; 585, 1
26; 24, 520; 480, 1
25; 22, 500; 440, 2
24; 23, 480; 460, 2
23; 24, 460; 483, 1
22; 23, 440; 460, 1
27; 22, 540; 440, 2
40; 24, 810; 461, 1
41; 24, 830; 461, 1
42; 24, 850; 461, 1
43; 24, 870; 461, 1
37; 24, 730; 461, 1
36; 24, 710; 461, 1
35; 24, 690; 461, 1
34; 24, 670; 461, 1
45; 24, 890; 461, 1