#misc
area, 4
checkpoint, 25; 4
checkpoint, 38; 9
chai, 566; 249
chai, 606; 249
chai, 1006; 289
exit, 1090; 90, 1180; 45; 2; 106, 4, Area4Select, 10
size, 1180, 380
spawn, 426, 249, 0
name, 4 - 9
exitP, Exit Level, Area4Select, 110
lock, 5, 580, 240, R
index, 47
music, 4
#blocks
21; 13, 420; 260, R
22; 13, 440; 260, R
20; 13, 400; 260, R
23; 13, 460; 260, R
19; 13, 380; 260, R
19; 12, 380; 240, R
19; 11, 380; 220, R
24; 10, 480; 200, R
19; 10, 380; 200, R
19; 9, 380; 180, R
23; 14, 460; 280, R
24; 14, 480; 280, R
25; 13, 500; 260, R
25; 14, 500; 280, R
25; 10, 500; 200, R
25; 9, 500; 180, R
25; 8, 500; 160, R
25; 7, 500; 140, R
19; 8, 380; 160, R
19; 7, 380; 140, R
25; 6, 500; 120, R
19; 6, 380; 120, R
20; 7, 400; 140, R
25; 5, 500; 100, R
19; 5, 380; 100, R
19; 4, 380; 80, R
26; 10, 520; 200, R
26; 13, 520; 260, R
27; 10, 540; 200, R
27; 13, 540; 260, R
24; 5, 480; 100, R
19; 3, 380; 60, R
19; 2, 380; 40, R
20; 2, 400; 40, R
21; 2, 420; 40, R
22; 2, 440; 40, R
23; 2, 460; 40, R
24; 2, 480; 40, R
25; 2, 500; 40, R
26; 2, 520; 40, R
27; 2, 540; 40, R
26; 5, 520; 100, R
27; 5, 540; 100, R
20; 10, 380; 200, R| teleport, 430; 200, player, 520; 240; 20; 20
28; 13, 560; 260, R
29; 13, 580; 260, R
29; 11, 580; 220, R
30; 13, 600; 260, R
30; 11, 600; 220, R
31; 13, 620; 260, R
31; 12, 620; 240, R
31; 11, 620; 220, R
28; 10, 560; 200, R
29; 10, 580; 200, R
28; 2, 560; 40, R
29; 2, 580; 40, R
30; 2, 600; 40, R
30; 5, 600; 100, R
31; 2, 620; 40, R
32; 3, 640; 60, R
33; 4, 660; 80, R
34; 5, 680; 100, R
32; 7, 640; 140, R
30; 6, 600; 120, R
30; 7, 600; 140, R
30; 8, 600; 160, R
31; 8, 620; 160, R
32; 8, 640; 160, R
32; 9, 640; 180, R
32; 10, 640; 200, R
35; 10, 700; 200, R
36; 10, 720; 200, R
37; 10, 740; 200, R
38; 10, 760; 200, R
35; 5, 700; 100, R
36; 5, 720; 100, R
38; 5, 760; 100, R
37; 5, 740; 100, R
37; 4, 740; 80, R
37; 3, 740; 60, R
37; 2, 740; 40, R
37; 1, 740; 20, R
37; 0, 740; 0, R
43; 3, 860; 60, R
49; 3, 980; 60, R
49; 4, 980; 80, R
49; 5, 980; 100, R
51; 7, 1020; 140, R
52; 7, 1040; 140, R
53; 7, 1060; 140, R
50; 6, 1000; 120, R
51; 2, 1020; 40, R
51; 1, 1020; 20, R
51; 0, 1020; 0, R
52; 2, 1040; 40, R
54; 2, 1080; 40, R
53; 2, 1060; 40, R
56; 7, 1120; 140, R
56; 8, 1120; 160, R
56; 9, 1120; 180, R
53; 8, 1060; 160, R
53; 9, 1060; 180, R
53; 10, 1060; 200, R
53; 11, 1060; 220, R
54; 11, 1080; 220, R
55; 11, 1100; 220, R
56; 11, 1120; 220, R
57; 9, 1140; 180, R
58; 10, 1160; 200, R
58; 11, 1160; 220, R
58; 12, 1160; 240, R
58; 13, 1160; 260, R
57; 13, 1140; 260, R
57; 7, 1140; 140, R
58; 7, 1160; 140, R
55; 2, 1100; 40, R
56; 2, 1120; 40, R
57; 2, 1140; 40, R
58; 2, 1160; 40, R
56; 13, 1120; 260, R
55; 13, 1100; 260, R
54; 14, 1080; 280, R
53; 15, 1060; 300, R
52; 15, 1040; 300, R
51; 15, 1020; 300, R
50; 15, 1000; 300, R
49; 15, 980; 300, R
49; 14, 980; 280, R
49; 13, 980; 260, R
49; 12, 980; 240, R
49; 11, 980; 220, R
50; 11, 1000; 220, R
51; 11, 1020; 220, R
52; 11, 1040; 220, R
52; 12, 1040; 240, R
58; 6, 1160; 120, R
35; 6, 700; 120, R
37; 6, 740; 120, R
33; 10, 660; 200, R
34; 10, 680; 200, R
#spikes
23; 12, 460; 240, 1
24; 11, 480; 220, 2| alternate, 480; 220; 2, 480; 180; 1, 0.4, 24; 10, 480; 200; 20; 20
24; 13, 480; 270, 1
25; 12, 500; 240, 1
20; 8, 400; 160, 2| alternate, 400; 160; 2, 420; 140; 4, 400; 120; 1, 0.3, 20; 7, 400; 140; 20; 20
23; 5, 460; 100, 3
28; 5, 560; 100, 4
28; 3, 570; 57, 2
29; 5, 580; 100, 3
30; 3, 600; 60, 2
31; 3, 620; 60, 2
32; 4, 640; 77, 2
33; 5, 660; 97, 2
32; 6, 640; 123, 1
31; 7, 620; 150, 1
39; 5, 777; 100, 4
50; 5, 1000; 100, 1
51; 6, 1020; 120, 1
51; 3, 1020; 60, 2
54; 7, 1080; 140, 4| move, 0.5, 1067; 140, 54; 7, 1099; 140; 20; 20| move, 0.5, 1080; 140, 54; 7, 1048; 140; 20; 20
55; 7, 1100; 140, 3| move, 0.5, 1113; 140, 55; 7, 1081; 140; 20; 20| move, 0.5, 1100; 140, 55; 7, 1132; 140; 20; 20
55; 10, 1100; 200, 1| teleport, 1080; 200, player, 1103; 192; 14; 2| teleport, 1080; 200, player, 1080; 217; 20; 2
57; 12, 1142; 258, 1
56; 12, 1113; 258, 1
53; 14, 1060; 285, 1
52; 13, 1040; 260, 2
51; 14, 1020; 285, 1
57; 6, 1140; 120, 1
57; 3, 1140; 60, 2
58; 5, 1160; 100, 1
34; 9, 680; 180, 1
36; 9, 720; 180, 1| move, 5.0, 680; 180, player, 700; 198; 20; 2
35; 7, 700; 140, 2
37; 7, 740; 140, 2
36; 6, 720; 120, 2
34; 6, 680; 120, 2