#misc
area, 4
checkpoint, 27; 21
checkpoint, 24; 15
chai, 786; 209
chai, 426; 209
chai, 186; 229
exit, 330; 455, 310; 600; 58; 2, 2, Area4Select, 3
exit, 640; 190, 0; 190; 2; 40, 3, decor, 1
size, 820, 600
spawn, 646, 429, 0
name, 4 - 2
exitP, Exit Level, Area4Select, 103
lock, 1, 320, 340, R
index, 40
music, 4
#blocks
34; 22, 680; 440, R
30; 22, 600; 440, R
34; 21, 680; 420, R
30; 21, 600; 420, R
34; 20, 680; 400, R
30; 20, 600; 400, R
34; 19, 680; 380, R
30; 19, 600; 380, R
35; 18, 700; 360, R
34; 17, 680; 340, R
30; 17, 600; 340, R
34; 16, 680; 320, R
30; 16, 600; 320, R
34; 15, 680; 300, R
30; 15, 600; 300, R
34; 13, 680; 260, R
34; 12, 680; 240, R
30; 13, 600; 260, R
30; 12, 600; 240, R
30; 11, 600; 220, R
34; 11, 680; 220, R
33; 22, 660; 440, R
32; 22, 640; 440, R
31; 22, 620; 440, R
30; 8, 600; 160, R
31; 8, 620; 160, R
32; 8, 640; 160, R
33; 8, 660; 160, R
34; 8, 680; 160, R
35; 8, 700; 160, R
36; 8, 720; 160, R
37; 8, 740; 160, R
38; 8, 760; 160, R
35; 11, 700; 220, R
36; 11, 720; 220, R
38; 11, 760; 220, R
35; 14, 700; 280, R
28; 8, 560; 160, R
28; 11, 560; 220, R
28; 12, 560; 240, R
29; 8, 580; 160, R
28; 15, 560; 300, R
28; 14, 560; 280, R
28; 13, 560; 260, R
28; 22, 560; 440, R
28; 19, 560; 380, R
28; 18, 560; 360, R
28; 17, 560; 340, R
28; 16, 560; 320, R
29; 22, 580; 440, R
28; 10, 560; 200, R
28; 9, 560; 180, R
39; 9, 780; 180, R
39; 8, 780; 160, R
39; 11, 780; 220, R
37; 12, 740; 240, R
40; 11, 800; 220, R
40; 10, 800; 200, R
40; 9, 800; 180, R
40; 8, 800; 160, R
27; 19, 540; 380, R
26; 22, 520; 440, R
26; 19, 520; 380, R
25; 19, 500; 380, R
25; 22, 500; 440, R
27; 22, 540; 440, R
24; 22, 480; 440, R
23; 22, 460; 440, R
23; 21, 460; 420, R
23; 20, 460; 400, R
23; 19, 460; 380, R
23; 18, 460; 360, R
23; 17, 460; 340, R
23; 16, 460; 320, R
24; 16, 480; 320, R
25; 16, 500; 320, R
26; 12, 520; 240, R
25; 12, 500; 240, R
24; 12, 480; 240, R
23; 11, 460; 220, R
22; 11, 440; 220, R
21; 11, 420; 220, R
20; 11, 400; 220, R
19; 12, 380; 240, R
22; 15, 440; 300, R
21; 15, 420; 300, R
22; 16, 440; 320, R
21; 16, 420; 320, R
27; 9, 540; 180, R
26; 9, 520; 180, R
25; 9, 500; 180, R
24; 8, 480; 160, R
23; 8, 460; 160, R
22; 8, 440; 160, R
21; 8, 420; 160, R
20; 8, 400; 160, R
20; 10, 400; 200, R
20; 9, 400; 180, R
21; 17, 420; 340, R
18; 13, 360; 260, R
18; 14, 360; 280, R
18; 15, 360; 300, R
18; 16, 360; 320, R
21; 18, 420; 360, R
21; 19, 420; 380, R
20; 20, 400; 400, R
18; 20, 360; 400, R
17; 20, 340; 400, R
16; 20, 320; 400, R
15; 20, 300; 400, R
19; 20, 380; 400, R
18; 17, 360; 340, R
17; 17, 340; 340, R
15; 17, 300; 340, R
18; 12, 360; 240, R
15; 16, 300; 320, R
15; 15, 300; 300, R
15; 14, 300; 280, R
15; 13, 300; 260, R
15; 12, 300; 240, R
18; 11, 360; 220, R
18; 10, 360; 200, R
18; 9, 360; 180, R
17; 9, 340; 180, R
16; 9, 320; 180, R
15; 9, 300; 180, R
14; 9, 280; 180, R
13; 9, 260; 180, R
12; 9, 240; 180, R
11; 9, 220; 180, R
14; 12, 280; 240, R
13; 12, 260; 240, R
12; 12, 240; 240, R
11; 12, 220; 240, R
10; 12, 200; 240, R
9; 12, 180; 240, R
8; 12, 160; 240, R
8; 11, 160; 220, R
8; 10, 160; 200, R
8; 9, 160; 180, R
9; 9, 180; 180, R
10; 9, 200; 180, R
14; 17, 280; 340, R
13; 17, 260; 340, R
12; 17, 240; 340, R
14; 20, 280; 400, R
12; 18, 240; 360, R
12; 19, 240; 380, R
12; 20, 240; 400, R
12; 21, 240; 420, R
12; 22, 240; 440, R
12; 23, 240; 460, R
12; 24, 240; 480, R
12; 25, 240; 500, R
13; 25, 260; 500, R
15; 25, 300; 500, R
14; 26, 280; 520, R
18; 21, 360; 420, R
18; 22, 360; 440, R
18; 23, 360; 460, R
18; 24, 360; 480, R
18; 25, 360; 500, R
18; 26, 360; 520, R
18; 27, 360; 540, R
15; 28, 300; 560, R
15; 27, 300; 540, R
15; 26, 300; 520, R
18; 29, 360; 580, R
18; 28, 360; 560, R
15; 29, 300; 580, R
#spikes
30; 18, 600; 360, 4| move, 1.0, 580; 360, 30; 18, 619; 360; 20; 20| move, 1.0, 600; 360, 30; 18, 561; 360; 20; 20
34; 18, 700; 360, 3| move, 1.0, 680; 360, 34; 18, 719; 360; 20; 20| move, 1.0, 700; 360, 34; 18, 661; 360; 20; 20
31; 23, 620; 440, 1| teleport, 620; 420, player, 619; 360; 62; 20
32; 23, 640; 440, 1| teleport, 640; 420, player, 619; 360; 62; 20
33; 23, 660; 440, 1| teleport, 660; 420, player, 619; 360; 62; 20
30; 14, 600; 280, 4| move, 1.0, 580; 280, 30; 14, 619; 280; 20; 20| move, 1.0, 600; 280, 30; 14, 561; 280; 20; 20
34; 14, 700; 280, 3| move, 1.0, 700; 280, 34; 14, 661; 280; 20; 20| move, 1.0, 680; 280, 34; 14, 719; 280; 20; 20
32; 16, 640; 320, 1
32; 17, 640; 340, 2
36; 10, 720; 200, 1
38; 9, 760; 180, 3
37; 11, 740; 220, 1
34; 10, 680; 200, 1
24; 21, 480; 420, 1
25; 18, 500; 363, 1
24; 17, 480; 340, 2
27; 18, 540; 360, 1
26; 16, 520; 320, 4
27; 14, 540; 280, 3
22; 14, 440; 280, 1
21; 14, 420; 280, 1
20; 12, 400; 223, 2
21; 12, 420; 223, 2
22; 12, 440; 223, 2
23; 12, 460; 223, 2
24; 11, 480; 223, 1
25; 11, 500; 223, 1
27; 10, 540; 197, 2
26; 10, 520; 197, 2
22; 10, 450; 200, 1
19; 13, 380; 260, 2
20; 16, 400; 320, 3
19; 19, 380; 383, 1
18; 19, 360; 383, 1
16; 15, 320; 300, 4
16; 14, 320; 280, 4
17; 12, 340; 245, 3
12; 11, 240; 220, 1
14; 11, 280; 220, 1
13; 11, 260; 237, 1| alternate, 260; 237; 1, 220; 237; 1, 0.7, 14; 12, 280; 240; 20; 20
14; 19, 280; 383, 1
13; 18, 260; 360, 2
13; 20, 248; 400, 4
13; 21, 248; 420, 4
13; 19, 248; 380, 4
14; 21, 280; 420, 2
13; 24, 260; 480, 1
14; 25, 280; 500, 1
15; 24, 300; 480, 1
15; 21, 300; 420, 2
16; 21, 320; 420, 2
17; 21, 340; 420, 2
13; 23, 248; 460, 4
13; 22, 248; 440, 4