#misc
area, 4
checkpoint, 46; 23
checkpoint, 58; 23
checkpoint, 69; 26
checkpoint, 74; 15
chai, 1166; 229
chai, 1626; 529
chai, 1466; 309
exit, 1100; 440, 1160; 430; 2; 40, 4, decor, 1
exit, 1600; 350, 1700; 312; 2; 94, 4, Area4Select, 11
size, 1700, 660
spawn, 506, 469, 1
name, 4 - 10
exitP, Exit Level, Area4Select, 111
index, 48
music, 4
#blocks
25; 24, 500; 480, R
26; 24, 520; 480, R
24; 24, 480; 480, R
23; 24, 460; 480, R
23; 23, 460; 460, R| teleport, 1100; 460, player, 1160; 460; 20; 20
23; 22, 460; 440, R| teleport, 1100; 440, player, 1160; 460; 20; 20
23; 21, 460; 420, R| teleport, 1100; 420, player, 1160; 460; 20; 20
28; 24, 560; 480, R| move, 0.75, 880; 480, player, 563; 478; 14; 2
31; 22, 620; 440, R
23; 20, 460; 400, R| teleport, 1100; 400, player, 1160; 460; 20; 20
23; 19, 460; 380, R
23; 18, 460; 360, R
23; 17, 460; 340, R
24; 17, 480; 340, R
25; 17, 500; 340, R
26; 17, 520; 340, R
27; 17, 540; 340, R
28; 17, 560; 340, R
29; 17, 580; 340, R
30; 17, 600; 340, R
31; 17, 620; 340, R
32; 17, 640; 340, R
33; 17, 660; 340, R
34; 17, 680; 340, R
36; 22, 720; 440, R
41; 22, 820; 440, R
45; 24, 900; 480, R
35; 17, 700; 340, R
36; 17, 720; 340, R
37; 17, 740; 340, R
38; 17, 760; 340, R
39; 17, 780; 340, R
40; 17, 800; 340, R
41; 17, 820; 340, R
42; 17, 840; 340, R
43; 17, 860; 340, R
44; 17, 880; 340, R
45; 17, 900; 340, R
46; 24, 920; 480, R
46; 17, 920; 340, R
47; 24, 940; 480, R
47; 17, 940; 340, R
48; 17, 960; 340, R
48; 20, 960; 400, R
48; 21, 960; 420, R
48; 23, 960; 460, R
49; 24, 980; 480, R
50; 24, 1000; 480, R
51; 24, 1020; 480, R
51; 17, 1020; 340, R
50; 17, 1000; 340, R
49; 17, 980; 340, R
52; 24, 1040; 480, R
52; 18, 1040; 360, R
53; 19, 1060; 380, R
53; 24, 1060; 480, R
54; 20, 1080; 400, R
54; 24, 1080; 480, R
55; 24, 1100; 480, R| move, 5.0, 1100; 400, player, 1100; 400; 20; 20| move, 1.0, 1100; 180, 55; 24, 1100; 381; 20; 20
56; 24, 1120; 480, R
56; 20, 1120; 400, R
53; 18, 1060; 360, R
53; 17, 1060; 340, R
57; 19, 1140; 380, R
57; 18, 1140; 360, R
57; 17, 1140; 340, R
57; 16, 1140; 320, R
57; 15, 1140; 300, R
57; 14, 1140; 280, R
57; 13, 1140; 260, R
53; 16, 1060; 320, R
53; 15, 1060; 300, R
53; 14, 1060; 280, R
53; 13, 1060; 260, R
57; 12, 1140; 240, R
53; 12, 1060; 240, R
53; 11, 1060; 220, R
53; 10, 1060; 200, R
53; 9, 1060; 180, R
59; 10, 1180; 200, R
54; 9, 1080; 180, R
55; 9, 1100; 180, R
56; 9, 1120; 180, R
57; 9, 1140; 180, R
58; 9, 1160; 180, R
59; 9, 1180; 180, R
58; 12, 1160; 240, R
59; 12, 1180; 240, R
59; 11, 1180; 220, R
57; 24, 1140; 480, R
58; 24, 1160; 480, R
58; 20, 1160; 400, R
59; 24, 1180; 480, R
59; 20, 1180; 400, R
55; 25, 1100; 480, R
60; 24, 1200; 480, R
61; 24, 1220; 480, R
62; 24, 1240; 480, R
63; 24, 1260; 480, R
60; 19, 1200; 380, R
61; 19, 1220; 380, R
62; 19, 1240; 380, R
63; 19, 1260; 380, R
64; 24, 1280; 480, R
64; 20, 1280; 400, R
65; 20, 1300; 400, R
65; 24, 1300; 480, R
66; 20, 1320; 400, R
66; 23, 1320; 460, R
66; 24, 1320; 480, R
67; 20, 1340; 400, R
68; 24, 1360; 480, R
68; 23, 1360; 460, R
68; 22, 1360; 440, R
68; 21, 1360; 420, R
66; 25, 1320; 500, R
66; 26, 1320; 520, R
66; 27, 1320; 540, R
67; 27, 1340; 540, R
68; 27, 1360; 540, R
69; 27, 1380; 540, R
70; 27, 1400; 540, R
69; 24, 1380; 480, R
71; 27, 1420; 540, R
71; 25, 1420; 500, R
71; 24, 1420; 480, R
75; 27, 1500; 540, R
79; 27, 1580; 540, R
70; 28, 1400; 560, R
71; 29, 1420; 580, R
72; 30, 1440; 600, R
73; 30, 1460; 600, R
74; 30, 1480; 600, R
75; 29, 1500; 580, R
76; 30, 1520; 600, R
77; 30, 1540; 600, R
78; 30, 1560; 600, R
79; 29, 1580; 580, R
80; 28, 1600; 560, R
80; 27, 1600; 540, R
81; 27, 1620; 540, R
82; 27, 1640; 540, R
82; 26, 1640; 520, R
71; 23, 1420; 460, R
68; 20, 1360; 400, R
69; 20, 1380; 400, R
70; 20, 1400; 400, R
71; 20, 1420; 400, R
72; 20, 1440; 400, R
72; 25, 1440; 500, R
73; 25, 1460; 500, R
74; 25, 1480; 500, R
75; 25, 1500; 500, R
76; 25, 1520; 500, R
77; 25, 1540; 500, R
78; 25, 1560; 500, R
79; 25, 1580; 500, R
80; 25, 1600; 500, R
81; 25, 1620; 500, R
82; 25, 1640; 500, R
72; 23, 1440; 460, R
73; 23, 1460; 460, R
74; 23, 1480; 460, R
75; 23, 1500; 460, R
75; 22, 1500; 440, R
75; 21, 1500; 420, R
75; 20, 1500; 400, R
76; 20, 1520; 400, R
77; 20, 1540; 400, R
78; 20, 1560; 400, R
66; 19, 1320; 380, R
66; 18, 1320; 360, R
66; 17, 1320; 340, R
68; 17, 1360; 340, R
69; 16, 1380; 320, R
70; 16, 1400; 320, R
71; 16, 1420; 320, R
72; 16, 1440; 320, R
73; 16, 1460; 320, R
74; 17, 1480; 340, R
68; 16, 1360; 320, R
66; 16, 1320; 320, R
66; 15, 1320; 300, R
66; 14, 1320; 280, R
66; 13, 1320; 260, R
67; 13, 1340; 260, R
68; 13, 1360; 260, R
69; 13, 1380; 260, R
70; 13, 1400; 260, R
71; 13, 1420; 260, R
72; 13, 1440; 260, R
73; 13, 1460; 260, R
71; 15, 1420; 300, R
74; 16, 1480; 320, R
74; 13, 1480; 260, R
75; 16, 1500; 320, R
75; 15, 1500; 300, R
75; 14, 1500; 280, R
75; 13, 1500; 260, R
79; 20, 1580; 400, R
80; 20, 1600; 400, R
81; 20, 1620; 400, R
82; 20, 1640; 400, R
76; 15, 1520; 300, R
77; 15, 1540; 300, R
78; 15, 1560; 300, R
79; 15, 1580; 300, R
80; 15, 1600; 300, R
81; 15, 1620; 300, R
82; 15, 1640; 300, R
79; 19, 1580; 380, R
79; 16, 1580; 320, R
81; 19, 1620; 380, R
83; 20, 1660; 400, R
83; 15, 1660; 300, R
77; 19, 1540; 380, R
83; 16, 1660; 320, R
84; 20, 1680; 400, R
84; 15, 1680; 300, R
#spikes
30; 22, 600; 440, 3
31; 23, 620; 460, 2
31; 21, 620; 420, 1
32; 22, 640; 440, 4
35; 22, 700; 440, 3
36; 21, 720; 420, 1
37; 22, 740; 440, 4
36; 23, 720; 460, 2
40; 22, 800; 440, 3
41; 21, 820; 420, 1
42; 22, 840; 440, 4
41; 23, 820; 460, 2
48; 22, 960; 440, 2
48; 19, 960; 380, 1
47; 21, 940; 420, 3
48; 24, 960; 480, 2
49; 23, 980; 460, 4
47; 23, 940; 460, 3
49; 21, 980; 420, 4
50; 18, 990; 360, 2
46; 18, 930; 360, 2
51; 23, 1020; 460, 1| alternate, 1020; 460; 1, 1020; 460; 1, 1000; 460; 1, 0.3, 51; 24, 1020; 480; 20; 20
56; 19, 1120; 380, 1
54; 19, 1080; 380, 1
55; 17, 1100; 340, 2
55; 16, 1100; 320, 1
55; 13, 1100; 260, 2
55; 12, 1100; 240, 1
55; 10, 1100; 200, 2
57; 11, 1140; 220, 1
57; 20, 1140; 400, 2
53; 20, 1060; 400, 2
52; 19, 1040; 380, 2
51; 18, 1020; 360, 2
61; 23, 1220; 460, 1| alternate, 1220; 460; 1, 1200; 460; 1, 0.3, 61; 24, 1214; 479; 20; 20
62; 23, 1240; 460, 1| alternate, 1240; 460; 1, 1260; 460; 1, 0.3, 62; 24, 1240; 480; 20; 20
60; 20, 1200; 400, 2
61; 20, 1220; 400, 2
62; 20, 1240; 400, 2
63; 20, 1260; 400, 2
65; 23, 1300; 460, 1
64; 21, 1280; 420, 2
66; 22, 1320; 440, 1
67; 21, 1340; 417, 2
67; 22, 1350; 440, 3
67; 23, 1350; 460, 3
67; 24, 1350; 480, 3
67; 26, 1330; 520, 4
71; 28, 1420; 560, 1
72; 29, 1440; 580, 1
73; 29, 1460; 580, 1
74; 29, 1480; 580, 1
75; 28, 1500; 560, 1
76; 29, 1520; 580, 1
77; 29, 1540; 580, 1
78; 29, 1560; 580, 1
79; 28, 1580; 560, 1
72; 26, 1437; 520, 2| move, 2.5, 1563; 520, 72; 26, 1418; 520; 20; 20| move, 2.5, 1437; 520, 72; 26, 1582; 520; 20; 20
71; 22, 1420; 440, 1
69; 23, 1380; 460, 1
73; 22, 1460; 440, 1
74; 22, 1480; 440, 1
72; 19, 1440; 380, 1
70; 19, 1400; 380, 1
73; 17, 1460; 340, 2
69; 17, 1380; 340, 2
68; 19, 1360; 380, 1
71; 17, 1420; 340, 2
68; 15, 1360; 300, 1
70; 15, 1400; 300, 3
72; 15, 1440; 300, 4
78; 19, 1560; 380, 3
78; 16, 1560; 320, 3
80; 19, 1600; 380, 4
80; 16, 1600; 320, 4
79; 17, 1580; 340, 2
81; 18, 1620; 360, 1
77; 18, 1540; 360, 1
76; 16, 1520; 320, 2
75; 17, 1500; 340, 2
82; 16, 1640; 320, 3
84; 16, 1680; 320, 4
83; 17, 1660; 340, 2
82; 19, 1640; 380, 1
84; 19, 1680; 380, 1
74; 18, 1480; 360, 2
77; 16, 1540; 307, 2
81; 16, 1620; 307, 2