#misc
area, 4
checkpoint, 22; 18
checkpoint, 14; 15
checkpoint, 17; 23
chai, 526; 369
chai, 506; 369
chai, 486; 369
exit, 580; 280, 0; 270; 2; 40, 3, decor, 1
exit, 360; 700, 372; 780; 58; 2, 2, Area4Select, 9
size, 840, 780
spawn, 586, 309, 0
name, 4 - 8
exitP, Exit Level, Area4Select, 109
index, 46
music, 4
#blocks
28; 16, 560; 320, R
29; 16, 580; 320, R
30; 16, 600; 320, R
31; 16, 620; 320, R
27; 16, 540; 320, R
27; 12, 540; 240, R
28; 12, 560; 240, R
29; 12, 580; 240, R
30; 12, 600; 240, R
31; 12, 620; 240, R
32; 12, 640; 240, R
32; 16, 640; 320, R
33; 16, 660; 320, R
34; 16, 680; 320, R
35; 16, 700; 320, R
36; 16, 720; 320, R
37; 16, 740; 320, R
37; 15, 740; 300, R
37; 14, 740; 280, R
37; 13, 740; 260, R
37; 12, 740; 240, R
37; 11, 740; 220, R
37; 10, 740; 200, R
32; 11, 640; 220, R
32; 10, 640; 200, R
32; 9, 640; 180, R
32; 8, 640; 160, R
34; 6, 680; 120, R
35; 6, 700; 120, R
36; 6, 720; 120, R
37; 6, 740; 120, R
38; 6, 760; 120, R
39; 6, 780; 120, R
41; 8, 820; 160, R
41; 9, 820; 180, R
41; 10, 820; 200, R
41; 11, 820; 220, R
41; 12, 820; 240, R
41; 13, 820; 260, R
41; 14, 820; 280, R
41; 15, 820; 300, R
41; 16, 820; 320, R
41; 17, 820; 340, R
41; 18, 820; 360, R
39; 20, 780; 400, R
38; 20, 760; 400, R
37; 20, 740; 400, R
33; 17, 660; 340, R
33; 18, 660; 360, R
33; 19, 660; 380, R
33; 20, 660; 400, R
33; 21, 660; 420, R
37; 21, 740; 420, R
37; 22, 740; 440, R
37; 23, 740; 460, R
37; 24, 740; 480, R
35; 26, 700; 520, R
34; 26, 680; 520, R
33; 26, 660; 520, R
32; 26, 640; 520, R
31; 26, 620; 520, R
29; 24, 580; 480, R
29; 23, 580; 460, R
29; 22, 580; 440, R
29; 21, 580; 420, R
29; 20, 580; 400, R
29; 19, 580; 380, R
28; 19, 560; 380, R
27; 19, 540; 380, R
26; 19, 520; 380, R
36; 25, 720; 500, R
30; 25, 600; 500, R
34; 17, 680; 340, R
32; 17, 640; 340, R
34; 12, 660; 240, R| move, 1.0, 800; 240, 34; 12, 641; 240; 20; 20| move, 1.0, 660; 240, 34; 12, 819; 240; 20; 20| front
35; 19, 680; 380, R| move, 1.0, 800; 380, 35; 19, 661; 380; 20; 20| move, 1.0, 680; 380, 35; 19, 819; 380; 20; 20| front
35; 24, 720; 480, R| move, 1.0, 600; 480, 35; 24, 739; 480; 20; 20| move, 1.0, 720; 480, 35; 24, 581; 480; 20; 20| front
31; 21, 600; 420, R| move, 1.0, 640; 420, 31; 21, 581; 420; 20; 20| move, 1.0, 600; 420, 31; 21, 659; 420; 20; 20| front
40; 19, 805; 385, R
40; 7, 800; 140, R
33; 7, 660; 140, R
39; 15, 760; 300, R| move, 1.0, 800; 300, 39; 15, 741; 300; 20; 20| move, 1.0, 760; 300, 39; 15, 819; 300; 20; 20| front
25; 19, 500; 380, R
24; 19, 480; 380, R
23; 19, 460; 380, R
26; 16, 520; 320, R
25; 16, 500; 320, R
24; 16, 480; 320, R
26; 12, 520; 240, R
25; 12, 500; 240, R
24; 12, 480; 240, R
23; 12, 460; 240, R
22; 19, 440; 380, R
21; 19, 420; 380, R
21; 18, 420; 360, R
21; 17, 420; 340, R
21; 16, 420; 320, R
22; 16, 440; 320, R| teleport, 460; 320, player, 440; 360; 20; 20
22; 12, 440; 240, R
21; 12, 420; 240, R
23; 16, 460; 320, R
20; 16, 400; 320, R
19; 16, 380; 320, R
20; 12, 400; 240, R
19; 12, 380; 240, R
18; 12, 360; 240, R
18; 16, 360; 320, R
17; 16, 340; 320, R
16; 14, 320; 280, R
16; 15, 320; 300, R
16; 16, 320; 320, R
15; 16, 300; 320, R
17; 11, 340; 220, R
16; 11, 320; 220, R
15; 11, 300; 220, R
14; 16, 280; 320, R
13; 16, 260; 320, R
12; 16, 240; 320, R
14; 12, 280; 240, R
13; 12, 260; 240, R
12; 12, 240; 240, R
11; 16, 220; 320, R
10; 16, 200; 320, R
10; 15, 200; 300, R
11; 12, 220; 240, R
9; 12, 180; 240, R
12; 15, 240; 300, R
10; 12, 200; 240, R
8; 12, 160; 240, R
8; 13, 160; 260, R
8; 14, 160; 280, R
8; 15, 160; 300, R
8; 16, 160; 320, R
8; 17, 160; 340, R
10; 17, 200; 340, R
8; 21, 160; 420, R
8; 19, 160; 380, R
10; 18, 200; 360, R
10; 19, 200; 380, R
10; 20, 200; 400, R
10; 21, 200; 420, R
8; 20, 160; 400, R
8; 18, 160; 360, R
8; 22, 160; 440, R
8; 23, 160; 460, R
8; 24, 160; 480, R
9; 24, 180; 480, R
10; 24, 200; 480, R
11; 24, 220; 480, R
12; 24, 240; 480, R
13; 24, 260; 480, R
14; 24, 280; 480, R
11; 20, 220; 400, R
12; 20, 240; 400, R
14; 20, 280; 400, R
13; 20, 260; 400, R
13; 21, 260; 420, R
15; 24, 300; 480, R
15; 20, 300; 400, R
16; 20, 320; 400, R
16; 24, 320; 480, R
17; 20, 340; 400, R
17; 24, 340; 480, R
18; 21, 360; 420, R
19; 22, 380; 440, R
20; 23, 400; 460, R
20; 24, 400; 480, R
17; 25, 340; 500, R
17; 26, 340; 520, R
18; 26, 360; 510, R
20; 25, 400; 500, R
17; 27, 340; 540, R
17; 28, 340; 560, R
17; 29, 340; 580, R
20; 26, 400; 520, R
20; 27, 400; 540, R
20; 28, 400; 560, R
20; 29, 400; 580, R
17; 30, 340; 600, R
17; 31, 340; 620, R
17; 32, 340; 640, R
17; 33, 340; 660, R
17; 34, 340; 680, R
18; 34, 360; 680, R
19; 33, 380; 660, R
19; 32, 380; 640, R
21; 30, 420; 600, R
21; 31, 420; 620, R
21; 33, 420; 660, R
21; 34, 420; 680, R
21; 32, 420; 640, R
21; 35, 420; 700, R
21; 37, 420; 740, R
21; 38, 420; 760, R
18; 35, 360; 700, R
18; 36, 360; 720, R
18; 37, 360; 740, R
18; 38, 360; 760, R
21; 36, 420; 720, R
#spikes
36; 14, 720; 280, 3
36; 13, 720; 260, 3
36; 12, 720; 240, 3
36; 11, 720; 220, 3
38; 15, 760; 300, 4
38; 14, 760; 280, 4
38; 13, 760; 260, 4
38; 12, 760; 240, 4
38; 11, 760; 220, 4
38; 16, 760; 320, 4
38; 19, 760; 380, 1
39; 19, 780; 380, 1
37; 19, 740; 380, 1
37; 9, 740; 180, 1
35; 25, 700; 500, 1
34; 25, 680; 500, 1
33; 25, 660; 500, 1
32; 25, 640; 500, 1
31; 25, 620; 500, 1
36; 17, 720; 340, 2
35; 17, 700; 340, 2
37; 17, 740; 340, 2
36; 24, 720; 480, 3
36; 23, 720; 460, 3
36; 22, 720; 440, 3
36; 21, 720; 420, 3
36; 20, 720; 400, 3
30; 24, 600; 480, 4
30; 23, 600; 460, 4
30; 22, 600; 440, 4
30; 21, 600; 420, 4
30; 20, 600; 400, 4
31; 17, 620; 340, 2
30; 17, 600; 340, 2
29; 17, 580; 340, 2
28; 17, 560; 340, 2
27; 17, 540; 340, 2
34; 18, 680; 360, 4
34; 19, 680; 380, 4
34; 20, 680; 400, 4
34; 21, 680; 420, 4
32; 21, 640; 420, 3
32; 20, 640; 400, 3
32; 19, 640; 380, 3
32; 18, 640; 360, 3
40; 18, 800; 360, 3
40; 17, 800; 340, 3
40; 16, 800; 320, 3
40; 15, 800; 300, 3
40; 14, 800; 280, 3
40; 13, 800; 260, 3
40; 12, 800; 240, 3
40; 11, 800; 220, 3
40; 10, 800; 200, 3
40; 9, 800; 180, 3
40; 8, 800; 160, 3
34; 7, 680; 140, 2
35; 7, 700; 140, 2
39; 7, 780; 140, 2
33; 12, 660; 240, 4
33; 11, 660; 220, 4
33; 10, 660; 200, 4
33; 9, 660; 180, 4
33; 8, 660; 160, 4
36; 15, 720; 300, 3
33; 22, 660; 440, 2
26; 17, 520; 340, 2
25; 17, 500; 340, 2
24; 17, 480; 340, 2
23; 17, 460; 340, 2
22; 17, 440; 340, 2| teleport, 460; 340, player, 440; 360; 20; 20
23; 15, 460; 300, 1| alternate, 460; 300; 1, 500; 300; 1, 0.4, 23; 16, 460; 320; 20; 20
26; 15, 520; 300, 4
26; 14, 520; 281, 4
24; 15, 480; 300, 3
24; 14, 480; 281, 3
21; 15, 420; 300, 1
20; 15, 400; 300, 1
16; 13, 320; 267, 1
17; 12, 340; 240, 2
15; 12, 300; 240, 2
19; 15, 380; 300, 1| teleport, 360; 300, player, 363; 318; 14; 2| teleport, 360; 300, player, 386; 298; 14; 2
12; 14, 240; 280, 1
10; 14, 200; 280, 1
11; 15, 220; 310, 1
9; 16, 170; 320, 4
9; 15, 170; 300, 4
9; 14, 170; 280, 4
9; 13, 170; 260, 4
9; 19, 190; 380, 3
9; 20, 190; 400, 3
9; 21, 190; 420, 3
11; 23, 223; 460, 1
10; 22, 200; 437, 2
12; 21, 240; 420, 2
13; 22, 260; 437, 2
14; 23, 280; 460, 1
15; 23, 300; 460, 1
14; 21, 290; 415, 2
17; 21, 340; 420, 2
16; 21, 320; 420, 2
18; 22, 360; 440, 2
19; 23, 380; 460, 2
18; 25, 360; 490, 1
18; 27, 360; 530, 2
19; 28, 380; 560, 1
19; 29, 380; 580, 2
18; 33, 360; 660, 1
19; 31, 380; 630, 1
19; 34, 380; 680, 2
20; 35, 400; 710, 1
20; 37, 400; 730, 2
19; 38, 380; 760, 1
20; 30, 400; 600, 2