#misc
area, 4
checkpoint, 32; 16
checkpoint, 25; 10
chai, 366; 309
chai, 806; 309
chai, 806; 229
exit, 560; 20, 495; 0; 70; 2, 1, Area4Select, 6
size, 900, 700
spawn, 506, 549, 0
name, 4 - 5
exitP, Exit Level, Area4Select, 106
index, 43
music, 4
#blocks
26; 28, 520; 560, R
25; 28, 500; 560, R
24; 28, 480; 560, R
24; 25, 480; 500, R
25; 25, 500; 500, R
26; 25, 520; 500, R
26; 22, 520; 440, R
25; 22, 500; 440, R
24; 22, 480; 440, R
22; 30, 440; 600, R
23; 31, 460; 620, R
24; 31, 480; 620, R
26; 31, 520; 620, R
27; 31, 540; 620, R
28; 30, 560; 600, R
29; 29, 580; 580, R
21; 29, 420; 580, R
20; 28, 400; 560, R
20; 27, 400; 540, R
20; 26, 400; 520, R
20; 25, 400; 500, R
20; 24, 400; 480, R
20; 23, 400; 460, R
30; 28, 600; 560, R
30; 27, 600; 540, R
30; 26, 600; 520, R
30; 24, 600; 480, R
30; 23, 600; 460, R
30; 22, 600; 440, R
30; 21, 600; 420, R
20; 21, 400; 420, R
20; 20, 400; 400, R
20; 19, 400; 380, R
20; 18, 400; 360, R
30; 20, 600; 400, R
30; 18, 600; 360, R
26; 19, 520; 380, R
30; 17, 600; 340, R
20; 17, 400; 340, R
21; 16, 420; 320, R
24; 13, 480; 260, R
26; 13, 520; 260, R
27; 13, 540; 260, R
28; 13, 560; 260, R
29; 13, 580; 260, R
30; 13, 600; 260, R
31; 17, 620; 340, R
31; 13, 620; 260, R
32; 17, 640; 340, R
32; 13, 640; 260, R
33; 13, 660; 260, R
23; 14, 460; 280, R
22; 13, 440; 260, R
21; 13, 420; 260, R
20; 13, 400; 268, R
19; 16, 380; 320, R
19; 13, 380; 260, R
18; 16, 360; 320, R
18; 13, 360; 260, R
17; 16, 340; 320, R
17; 15, 340; 300, R
17; 14, 340; 280, R
17; 13, 340; 260, R
34; 17, 680; 340, R
35; 17, 700; 340, R
34; 13, 680; 260, R
36; 17, 720; 340, R
37; 17, 740; 340, R
37; 13, 740; 260, R
37; 12, 740; 240, R
36; 9, 720; 180, R
35; 9, 700; 180, R
27; 8, 540; 160, R
26; 8, 520; 160, R
24; 8, 480; 160, R
24; 9, 480; 180, R
24; 10, 480; 200, R
24; 11, 480; 220, R
29; 8, 580; 160, R
28; 8, 560; 160, R
30; 8, 600; 160, R
25; 19, 500; 380, R
24; 19, 480; 380, R
38; 16, 780; 320, R
40; 16, 820; 320, R
38; 14, 780; 280, R
39; 16, 800; 320, R
39; 14, 800; 280, R
40; 14, 820; 280, R
37; 16, 740; 320, R
37; 14, 740; 280, R
38; 17, 760; 320, R
38; 13, 760; 280, R
41; 15, 820; 300, R
23; 11, 480; 220, R| teleport, 680; 320, player, 740; 300; 20; 20
23; 10, 480; 200, R| teleport, 680; 300, player, 740; 300; 20; 20
23; 9, 480; 180, R| teleport, 680; 280, player, 740; 300; 20; 20
31; 8, 620; 160, R
32; 8, 640; 160, R
33; 8, 660; 160, R
34; 9, 680; 180, R
34; 8, 680; 160, R
26; 12, 520; 240, R
26; 11, 520; 220, R
37; 11, 740; 220, R
38; 12, 760; 240, R
39; 12, 780; 240, R
40; 12, 800; 240, R
41; 12, 820; 240, R
41; 11, 820; 220, R
41; 10, 820; 200, R
41; 9, 820; 180, R
41; 8, 820; 160, R
40; 8, 800; 160, R
39; 8, 780; 160, R
38; 8, 760; 160, R
37; 8, 740; 160, R
25; 31, 500; 620, R
20; 22, 400; 440, R
30; 25, 600; 500, R
30; 19, 600; 380, R
25; 13, 500; 260, R
25; 11, 500; 220, R
24; 12, 480; 240, R
25; 12, 500; 240, R
24; 7, 480; 140, R
24; 6, 480; 120, R
28; 7, 560; 140, R
28; 6, 560; 120, R
28; 5, 560; 100, R
28; 4, 560; 80, R
24; 3, 480; 60, R
24; 5, 480; 100, R
28; 2, 560; 40, R
28; 1, 560; 20, R
28; 0, 560; 0, R
24; 2, 480; 40, R
24; 1, 480; 20, R
24; 0, 480; 0, R
36; 8, 720; 160, R
33; 17, 660; 340, R
29; 3, 580; 60, R
25; 5, 500; 100, R
23; 5, 460; 100, R
22; 5, 440; 100, R
22; 4, 440; 80, R
22; 3, 440; 60, R
22; 1, 440; 20, R
22; 0, 440; 0, R
22; 2, 440; 40, R
#spikes
22; 29, 440; 580, 1
23; 30, 460; 600, 1
27; 30, 540; 600, 1
28; 29, 560; 580, 1
21; 28, 420; 560, 4
21; 27, 420; 540, 4
21; 26, 420; 520, 4
21; 25, 420; 500, 4
29; 27, 580; 540, 3
29; 26, 580; 520, 3
21; 24, 420; 480, 4
21; 23, 420; 460, 4
21; 21, 420; 420, 4
29; 24, 580; 480, 3
29; 23, 580; 460, 3
29; 22, 580; 440, 3
29; 21, 580; 420, 3
29; 28, 580; 560, 3
27; 25, 540; 500, 4| alternate, 540; 500; 4, 520; 480; 1, 500; 480; 1, 480; 480; 1, 0.3, 26; 25, 520; 500; 20; 20
23; 25, 460; 500, 3| alternate, 460; 500; 3, 480; 520; 2, 500; 520; 2, 520; 520; 2, 0.3, 24; 25, 480; 500; 20; 20
23; 22, 460; 440, 3| alternate, 460; 440; 3, 480; 460; 2, 500; 460; 2, 520; 460; 2, 0.3, 24; 22, 480; 440; 20; 20
27; 22, 540; 440, 4| alternate, 540; 440; 4, 520; 420; 1, 500; 420; 1, 480; 420; 1, 0.3, 26; 22, 520; 440; 20; 20
27; 19, 540; 380, 4| alternate, 540; 380; 4, 520; 360; 1, 500; 360; 1, 480; 360; 1, 0.3, 26; 19, 520; 380; 20; 20
23; 19, 460; 380, 3| alternate, 460; 380; 3, 480; 400; 2, 500; 400; 2, 520; 400; 2, 0.3, 25; 19, 500; 380; 20; 20
21; 20, 420; 400, 4
21; 19, 420; 380, 4
21; 18, 420; 360, 4
21; 17, 420; 340, 4
29; 20, 580; 400, 3
29; 18, 580; 360, 3
29; 17, 580; 340, 3
24; 14, 480; 280, 2
26; 14, 520; 280, 2
27; 14, 540; 280, 2
28; 14, 560; 280, 2
29; 14, 580; 275, 2
30; 16, 600; 320, 1
30; 14, 600; 269, 2
32; 14, 640; 280, 2
22; 16, 435; 320, 4
20; 14, 400; 288, 2
20; 16, 400; 339, 2
21; 14, 420; 280, 4
19; 14, 380; 280, 3
37; 15, 749; 318, 1
38; 15, 763; 282, 2
39; 17, 777; 318, 1
34; 16, 680; 320, 1
36; 16, 720; 320, 1
36; 13, 720; 260, 3
35; 16, 700; 320, 1
33; 14, 660; 280, 2
23; 15, 460; 295, 2
38; 11, 760; 220, 4
37; 9, 740; 180, 4
31; 14, 620; 275, 2
39; 9, 780; 180, 2
38; 9, 760; 161, 1
39; 11, 780; 239, 2
24; 30, 480; 600, 1
25; 30, 500; 600, 1
26; 30, 520; 600, 1
21; 22, 420; 440, 4
29; 25, 580; 500, 3
29; 19, 580; 380, 3
25; 14, 500; 280, 2
28; 12, 560; 240, 1| alternate, 560; 240; 1, 540; 240; 1, 0.7, 30; 13, 600; 260; 20; 20
30; 12, 600; 240, 1| alternate, 600; 240; 1, 580; 240; 1, 0.7, 30; 13, 600; 260; 20; 20
32; 12, 640; 240, 1| alternate, 640; 240; 1, 620; 240; 1, 0.7, 30; 13, 600; 260; 20; 20
33; 9, 660; 180, 2
32; 9, 640; 180, 2
31; 9, 620; 180, 2
30; 9, 600; 180, 2
29; 9, 580; 180, 2
28; 9, 560; 180, 2
27; 9, 540; 180, 2
26; 10, 520; 203, 1
35; 10, 700; 200, 2
26; 7, 520; 145, 1
27; 6, 540; 118, 2
27; 5, 540; 100, 1
26; 4, 520; 75, 2
26; 3, 520; 57, 1
25; 2, 500; 27, 2
25; 6, 500; 120, 2
27; 1, 540; 9, 1
25; 1, 500; 9, 1
23; 0, 440; 0, 2| teleport, 460; 0, player, 460; 1; 20; 2
40; 9, 800; 180, 2
27; 2, 540; 27, 2