#misc
area, 4
checkpoint, 31; 22
checkpoint, 49; 26
chai, 386; 349
chai, 606; 349
chai, 966; 529
exit, 1005; 410, 1100; 332; 2; 94, 4, Area4Select, 2
size, 1100, 660
spawn, 386, 429, 1
name, 4 - 1
exitP, Exit Level, Area4Select, 102
index, 39
music, 4
#blocks
18; 22, 360; 440, R
17; 22, 340; 440, R
19; 22, 380; 440, R
16; 22, 320; 440, R
16; 21, 320; 420, R
16; 20, 320; 400, R
16; 19, 320; 380, R
20; 18, 400; 360, R
19; 18, 380; 360, R
18; 18, 360; 360, R
16; 18, 320; 360, R
20; 22, 400; 440, R
16; 17, 320; 340, R
16; 16, 320; 320, R
17; 16, 340; 320, R
18; 16, 360; 320, R
19; 16, 380; 320, R
20; 16, 400; 320, R
20; 17, 400; 340, R
21; 22, 420; 440, R
21; 18, 420; 360, R
23; 22, 460; 440, R
22; 23, 440; 460, R
23; 23, 460; 460, R
24; 23, 480; 460, R
22; 17, 440; 340, R
23; 17, 460; 340, R
24; 17, 480; 340, R
25; 23, 500; 460, R
25; 18, 500; 360, R
26; 23, 520; 460, R
26; 18, 520; 360, R
27; 23, 540; 460, R
28; 23, 560; 460, R
28; 21, 560; 420, R
28; 20, 560; 400, R
27; 18, 540; 360, R
29; 23, 580; 460, R
29; 18, 580; 360, R
30; 23, 600; 460, R
30; 18, 600; 360, R
31; 18, 620; 360, R
31; 23, 620; 460, R
32; 18, 640; 360, R
32; 23, 640; 460, R
29; 17, 580; 340, R
29; 16, 580; 320, R
27; 17, 540; 340, R
27; 16, 540; 320, R
27; 15, 540; 300, R
27; 14, 540; 280, R
27; 13, 540; 260, R
28; 13, 560; 260, R
29; 13, 580; 260, R
30; 13, 600; 260, R
31; 13, 620; 260, R
32; 13, 640; 260, R
32; 15, 640; 300, R
32; 16, 640; 320, R
32; 17, 640; 340, R
32; 14, 640; 280, R
31; 19, 620; 360, R| teleport, 560; 380, player, 620; 440; 20; 20
33; 23, 660; 460, R
33; 18, 660; 360, R
34; 18, 680; 360, R
34; 23, 680; 460, R
35; 23, 700; 460, R
36; 23, 720; 460, R
37; 23, 740; 460, R
34; 21, 680; 420, R
36; 20, 720; 400, R
38; 21, 760; 420, R
38; 23, 760; 460, R
39; 23, 780; 460, R
40; 23, 800; 460, R
38; 18, 760; 360, R
39; 18, 780; 360, R
40; 18, 800; 360, R
34; 17, 680; 340, R
38; 17, 760; 340, R
37; 16, 740; 320, R
36; 16, 720; 320, R
35; 16, 700; 320, R
28; 22, 560; 440, R
41; 18, 820; 360, R
42; 18, 840; 360, R
43; 23, 860; 460, R
43; 18, 860; 360, R
44; 23, 880; 460, R
44; 18, 880; 360, R
45; 23, 900; 460, R
45; 18, 900; 360, R
41; 23, 820; 460, R
43; 25, 860; 500, R
43; 24, 860; 480, R
43; 26, 860; 520, R
42; 26, 840; 520, R
41; 26, 820; 520, R
39; 24, 780; 480, R
39; 25, 780; 500, R
39; 26, 780; 520, R
39; 27, 780; 540, R
39; 28, 780; 560, R
40; 28, 800; 560, R
41; 28, 820; 560, R
42; 28, 840; 560, R
43; 28, 860; 560, R
44; 28, 880; 560, R
45; 28, 900; 560, R
45; 27, 900; 540, R
45; 26, 900; 520, R
46; 23, 920; 460, R
47; 23, 940; 460, R
46; 28, 920; 560, R
47; 27, 940; 540, R
48; 27, 960; 540, R
49; 27, 980; 540, R
49; 23, 980; 460, R
48; 23, 960; 460, R
50; 27, 1000; 540, R
50; 26, 1000; 520, R
50; 25, 1000; 500, R
50; 24, 1000; 480, R
50; 23, 1000; 460, R
47; 28, 940; 560, R
48; 28, 960; 560, R
49; 28, 980; 560, R
50; 28, 1000; 560, R
46; 20, 920; 400, R
46; 18, 920; 360, R
47; 18, 940; 360, R
46; 19, 920; 380, R
47; 19, 940; 380, R
48; 18, 960; 360, R
48; 22, 960; 440, R
49; 18, 980; 360, R
51; 23, 1020; 460, R
52; 23, 1040; 460, R
53; 22, 1060; 440, R
54; 21, 1080; 420, R
50; 18, 1000; 360, R
53; 17, 1060; 340, R
54; 16, 1080; 320, R
52; 18, 1040; 360, R
51; 18, 1020; 360, R
#spikes
17; 21, 340; 420, 4
17; 20, 340; 400, 4
17; 19, 340; 380, 4| move, 1.5, 320; 380, 17; 19, 359; 380; 20; 20| move, 1.5, 340; 380, 17; 19, 301; 380; 20; 20
17; 15, 340; 323, 2
18; 15, 360; 323, 2
19; 15, 380; 323, 2
22; 22, 440; 440, 1
24; 22, 480; 440, 1
22; 18, 440; 360, 2
24; 18, 480; 360, 2
23; 21, 460; 420, 1
23; 18, 460; 360, 2
27; 22, 540; 440, 3
27; 21, 540; 420, 3
27; 20, 540; 400, 3
28; 18, 550; 360, 4
28; 16, 570; 320, 3
29; 15, 580; 300, 1
31; 17, 620; 340, 1
34; 20, 680; 400, 1
34; 22, 680; 440, 2
36; 21, 720; 420, 2
38; 20, 760; 400, 1
38; 22, 760; 440, 2
35; 22, 690; 457, 1| move, 2.0, 750; 457, 35; 22, 671; 460; 20; 20| move, 2.0, 690; 457, 35; 22, 769; 460; 20; 20
36; 19, 720; 380, 1
41; 25, 820; 500, 1
42; 25, 840; 500, 1| teleport, 860; 480, player, 963; 520; 26; 20
40; 26, 790; 520, 4
45; 25, 900; 500, 1
44; 24, 880; 473, 2
46; 24, 920; 473, 2
46; 27, 920; 540, 1
47; 26, 940; 520, 1
45; 22, 900; 443, 1
46; 21, 920; 417, 2
47; 20, 940; 397, 2
48; 21, 960; 420, 1
49; 19, 980; 380, 2
50; 22, 1000; 440, 1
51; 19, 1020; 380, 2
50; 19, 1000; 380, 2
52; 22, 1040; 440, 1
52; 19, 1040; 380, 2
53; 18, 1060; 360, 2
54; 17, 1080; 340, 2| teleport, 1080; 383; 1, player, 1080; 338; 2; 92
54; 20, 1080; 403, 1